Iteration,FileSystem,WriteTime(s),ReadTime(s),StorageSize(KB),DeleteTime(s)
1,PQC,0.08815479278564453,0.03748369216918945,3138,0.02465987205505371
1,AES,0.045006752014160156,0.03684830665588379,1730,0.03567695617675781
1,No_Encryption,0.053060054779052734,0.03851318359375,1378,0.03602313995361328
2,PQC,0.05619001388549805,0.033309221267700195,3138,0.026273250579833984
2,AES,0.03328847885131836,0.024536848068237305,1730,0.03201770782470703
2,No_Encryption,0.04307985305786133,0.0347752571105957,1378,0.0384979248046875
3,PQC,0.05953526496887207,0.046376705169677734,3138,0.041289567947387695
3,AES,0.08096551895141602,0.03171730041503906,1730,0.04955148696899414
3,No_Encryption,0.054680585861206055,0.037384986877441406,1378,0.02961421012878418
4,PQC,0.03876614570617676,0.030051469802856445,3138,0.04013848304748535
4,AES,0.0558626651763916,0.03952527046203613,1730,0.03813600540161133
4,No_Encryption,0.018549442291259766,0.0246889591217041,1378,0.04438161849975586
5,PQC,0.03693103790283203,0.02898550033569336,3138,0.04018378257751465
5,AES,0.05952596664428711,0.04791569709777832,1730,0.03984379768371582
5,No_Encryption,0.05025458335876465,0.0221097469329834,1378,0.019555091857910156
6,PQC,0.02704167366027832,0.0345304012298584,3138,0.05428457260131836
6,AES,0.0502321720123291,0.0408329963684082,1730,0.03966093063354492
6,No_Encryption,0.048670053482055664,0.022440195083618164,1378,0.04564976692199707
7,PQC,0.06111741065979004,0.05275702476501465,3138,0.04733681678771973
7,AES,0.04544878005981445,0.05293726921081543,1730,0.05980348587036133
7,No_Encryption,0.028881311416625977,0.032129764556884766,1378,0.04596829414367676
8,PQC,0.05429530143737793,0.059847354888916016,3138,0.03728985786437988
8,AES,0.04241037368774414,0.032119035720825195,1730,0.04144024848937988
8,No_Encryption,0.04141974449157715,0.03474688529968262,1378,0.042374372482299805
9,PQC,0.06111550331115723,0.050362586975097656,3138,0.04160141944885254
9,AES,0.04929375648498535,0.03043961524963379,1730,0.04776811599731445
9,No_Encryption,0.04421401023864746,0.031386613845825195,1378,0.055873870849609375
10,PQC,0.05396389961242676,0.04120159149169922,3138,0.037200212478637695
10,AES,0.04057478904724121,0.042214155197143555,1730,0.0376126766204834
10,No_Encryption,0.046533823013305664,0.03133344650268555,1378,0.05324912071228027
11,PQC,0.05716562271118164,0.04847073554992676,3138,0.0363616943359375
11,AES,0.06456780433654785,0.0436549186706543,1730,0.04106259346008301
11,No_Encryption,0.04380393028259277,0.03953385353088379,1378,0.04857063293457031
12,PQC,0.04320025444030762,0.029559850692749023,3138,0.04422593116760254
12,AES,0.050687551498413086,0.047387123107910156,1730,0.04333662986755371
12,No_Encryption,0.06320905685424805,0.0341343879699707,1378,0.042742013931274414
13,PQC,0.03942728042602539,0.032837629318237305,3138,0.053879737854003906
13,AES,0.04361677169799805,0.04158186912536621,1730,0.05018353462219238
13,No_Encryption,0.026398420333862305,0.03070354461669922,1378,0.057524919509887695
14,PQC,0.051596641540527344,0.04117631912231445,3138,0.041347503662109375
14,AES,0.053134918212890625,0.04290890693664551,1730,0.051059722900390625
14,No_Encryption,0.049463510513305664,0.029506683349609375,1378,0.04253649711608887
15,PQC,0.045534372329711914,0.03906965255737305,3138,0.04047203063964844
15,AES,0.06345748901367188,0.04138684272766113,1730,0.04153728485107422
15,No_Encryption,0.04140591621398926,0.034963369369506836,1378,0.040085554122924805
16,PQC,0.0443415641784668,0.0455319881439209,3138,0.03848838806152344
16,AES,0.05421710014343262,0.03722047805786133,1730,0.04598379135131836
16,No_Encryption,0.052628278732299805,0.02705693244934082,1378,0.05305671691894531
17,PQC,0.03936934471130371,0.03670024871826172,3138,0.05029177665710449
17,AES,0.021715402603149414,0.029323339462280273,1730,0.04227042198181152
17,No_Encryption,0.08314013481140137,0.030040979385375977,1378,0.044686079025268555
18,PQC,0.0541229248046875,0.04191255569458008,3138,0.04884457588195801
18,AES,0.04306840896606445,0.037592411041259766,1730,0.0401763916015625
18,No_Encryption,0.04423379898071289,0.01856398582458496,1378,0.047263383865356445
19,PQC,0.057489633560180664,0.07285308837890625,3138,0.05453348159790039
19,AES,0.04843282699584961,0.05114579200744629,1730,0.04068946838378906
19,No_Encryption,0.05794811248779297,0.03772330284118652,1378,0.054342031478881836
20,PQC,0.06613349914550781,0.07098245620727539,3138,0.05913066864013672
20,AES,0.0311887264251709,0.04340505599975586,1730,0.04066634178161621
20,No_Encryption,0.0440523624420166,0.04388880729675293,1378,0.05295372009277344
21,PQC,0.0665292739868164,0.05081796646118164,3138,0.06517362594604492
21,AES,0.0327610969543457,0.02171015739440918,1730,0.04378247261047363
21,No_Encryption,0.05192923545837402,0.03667187690734863,1378,0.04172229766845703
22,PQC,0.05786466598510742,0.05117201805114746,3138,0.03704357147216797
22,AES,0.04093575477600098,0.04282236099243164,1730,0.05075526237487793
22,No_Encryption,0.043058156967163086,0.038533926010131836,1378,0.04023933410644531
23,PQC,0.025156497955322266,0.03700566291809082,3138,0.0375058650970459
23,AES,0.04764199256896973,0.042481422424316406,1730,0.04358220100402832
23,No_Encryption,0.03711056709289551,0.02676105499267578,1378,0.03977680206298828
24,PQC,0.04723167419433594,0.04150271415710449,3138,0.04018807411193848
24,AES,0.04410099983215332,0.0432279109954834,1730,0.04383707046508789
24,No_Encryption,0.03369283676147461,0.02753448486328125,1378,0.039238929748535156
25,PQC,0.0342254638671875,0.04097867012023926,3138,0.0395359992980957
25,AES,0.044775962829589844,0.034163475036621094,1730,0.03560805320739746
25,No_Encryption,0.04204607009887695,0.036006927490234375,1378,0.047322750091552734
26,PQC,0.03923797607421875,0.04078507423400879,3138,0.028756141662597656
26,AES,0.02388620376586914,0.02487492561340332,1730,0.04647350311279297
26,No_Encryption,0.048715829849243164,0.04455208778381348,1378,0.05852556228637695
27,PQC,0.09115910530090332,0.029018878936767578,3138,0.04025411605834961
27,AES,0.05178356170654297,0.03125715255737305,1730,0.02392292022705078
27,No_Encryption,0.04186415672302246,0.035031795501708984,1378,0.04584193229675293
28,PQC,0.0413203239440918,0.057364702224731445,3138,0.023070812225341797
28,AES,0.028565168380737305,0.037958621978759766,1730,0.05646705627441406
28,No_Encryption,0.03141975402832031,0.032797813415527344,1378,0.04847264289855957
29,PQC,0.03609514236450195,0.02736949920654297,3138,0.05618095397949219
29,AES,0.03606772422790527,0.030247926712036133,1730,0.0426790714263916
29,No_Encryption,0.03808927536010742,0.03923487663269043,1378,0.040821075439453125
30,PQC,0.04697418212890625,0.053359031677246094,3138,0.043779850006103516
30,AES,0.03376579284667969,0.036040544509887695,1730,0.05330634117126465
30,No_Encryption,0.04103493690490723,0.023293495178222656,1378,0.029628753662109375
31,PQC,0.036165475845336914,0.03504681587219238,3138,0.04596376419067383
31,AES,0.05414581298828125,0.047159433364868164,1730,0.07146954536437988
31,No_Encryption,0.039762020111083984,0.016852617263793945,1378,0.02913951873779297
32,PQC,0.039825439453125,0.031738996505737305,3138,0.04450201988220215
32,AES,0.036495208740234375,0.03068089485168457,1730,0.04314470291137695
32,No_Encryption,0.034296274185180664,0.033856868743896484,1378,0.03903079032897949
33,PQC,0.0531458854675293,0.034378767013549805,3138,0.04185223579406738
33,AES,0.05482149124145508,0.044959068298339844,1730,0.04844379425048828
33,No_Encryption,0.03637194633483887,0.02875995635986328,1378,0.03535652160644531
34,PQC,0.04243803024291992,0.021451950073242188,3138,0.017327547073364258
34,AES,0.01972675323486328,0.017007827758789062,1730,0.017443418502807617
34,No_Encryption,0.017879009246826172,0.015298843383789062,1378,0.020010948181152344
35,PQC,0.0223538875579834,0.020075082778930664,3138,0.017998456954956055
35,AES,0.0189664363861084,0.017204999923706055,1730,0.017481088638305664
35,No_Encryption,0.01986837387084961,0.017241239547729492,1378,0.018156051635742188
36,PQC,0.02713751792907715,0.02225780487060547,3138,0.019199132919311523
36,AES,0.020387649536132812,0.017353296279907227,1730,0.01830577850341797
36,No_Encryption,0.021134376525878906,0.015590906143188477,1378,0.01891493797302246
37,PQC,0.028424739837646484,0.02190375328063965,3138,0.019362688064575195
37,AES,0.02051544189453125,0.01752185821533203,1730,0.017732620239257812
37,No_Encryption,0.018707752227783203,0.018041372299194336,1378,0.018861770629882812
38,PQC,0.022709369659423828,0.022279977798461914,3138,0.018601179122924805
38,AES,0.021564483642578125,0.019443273544311523,1730,0.018544435501098633
38,No_Encryption,0.017923831939697266,0.016279220581054688,1378,0.017901182174682617
39,PQC,0.03070354461669922,0.02212834358215332,3138,0.01742076873779297
39,AES,0.022130727767944336,0.01889181137084961,1730,0.018223285675048828
39,No_Encryption,0.0191342830657959,0.01534891128540039,1378,0.019223690032958984
40,PQC,0.02196669578552246,0.024480342864990234,3138,0.017115354537963867
40,AES,0.019591808319091797,0.01708531379699707,1730,0.017795562744140625
40,No_Encryption,0.01882004737854004,0.015423059463500977,1378,0.017963647842407227
41,PQC,0.02157115936279297,0.02152562141418457,3138,0.019713878631591797
41,AES,0.01958632469177246,0.01757979393005371,1730,0.01876974105834961
41,No_Encryption,0.01779770851135254,0.01492619514465332,1378,0.01662158966064453
42,PQC,0.02350330352783203,0.018400192260742188,3138,0.017551183700561523
42,AES,0.024724483489990234,0.017455101013183594,1730,0.0175473690032959
42,No_Encryption,0.02338266372680664,0.018255233764648438,1378,0.017643213272094727
43,PQC,0.024254798889160156,0.020372629165649414,3138,0.01718592643737793
43,AES,0.019256114959716797,0.019153118133544922,1730,0.021259784698486328
43,No_Encryption,0.01754617691040039,0.015460968017578125,1378,0.0169370174407959
44,PQC,0.021697998046875,0.018711566925048828,3138,0.01772618293762207
44,AES,0.022072315216064453,0.01883697509765625,1730,0.018924713134765625
44,No_Encryption,0.01760387420654297,0.015121936798095703,1378,0.017264366149902344
45,PQC,0.023119688034057617,0.01930546760559082,3138,0.018305301666259766
45,AES,0.031230926513671875,0.0242919921875,1730,0.017450809478759766
45,No_Encryption,0.02151346206665039,0.015967369079589844,1378,0.018087387084960938
46,PQC,0.021524429321289062,0.019206523895263672,3138,0.017247438430786133
46,AES,0.01921820640563965,0.016414642333984375,1730,0.016145706176757812
46,No_Encryption,0.022893428802490234,0.016913652420043945,1378,0.01846766471862793
47,PQC,0.02176642417907715,0.01949906349182129,3138,0.01950240135192871
47,AES,0.020416736602783203,0.0178375244140625,1730,0.017089128494262695
47,No_Encryption,0.02732563018798828,0.015536785125732422,1378,0.01925969123840332
48,PQC,0.022427082061767578,0.02124643325805664,3138,0.01898980140686035
48,AES,0.018210887908935547,0.018376827239990234,1730,0.018727540969848633
48,No_Encryption,0.02194380760192871,0.0161895751953125,1378,0.020302772521972656
49,PQC,0.020379066467285156,0.019097328186035156,3138,0.01611781120300293
49,AES,0.01924419403076172,0.017844438552856445,1730,0.01929473876953125
49,No_Encryption,0.018624544143676758,0.017278671264648438,1378,0.019582748413085938
50,PQC,0.023796796798706055,0.02116084098815918,3138,0.018407583236694336
50,AES,0.01883220672607422,0.016967058181762695,1730,0.020082473754882812
50,No_Encryption,0.020183801651000977,0.01593327522277832,1378,0.01930689811706543
51,PQC,0.021122217178344727,0.02002406120300293,3138,0.01694178581237793
51,AES,0.021613121032714844,0.016744613647460938,1730,0.016978740692138672
51,No_Encryption,0.018434762954711914,0.015290260314941406,1378,0.022074460983276367
52,PQC,0.021958351135253906,0.021686792373657227,3138,0.016869544982910156
52,AES,0.01855301856994629,0.018533945083618164,1730,0.017068147659301758
52,No_Encryption,0.018108606338500977,0.015949010848999023,1378,0.01972508430480957
53,PQC,0.02410149574279785,0.020153522491455078,3138,0.018361568450927734
53,AES,0.020248889923095703,0.018028736114501953,1730,0.01677703857421875
53,No_Encryption,0.019971609115600586,0.017348527908325195,1378,0.020214557647705078
54,PQC,0.020669937133789062,0.021022796630859375,3138,0.01920461654663086
54,AES,0.01905226707458496,0.0183866024017334,1730,0.01661205291748047
54,No_Encryption,0.022756099700927734,0.0176999568939209,1378,0.022448062896728516
55,PQC,0.024715900421142578,0.021867036819458008,3138,0.018092870712280273
55,AES,0.019435405731201172,0.01782369613647461,1730,0.017496585845947266
55,No_Encryption,0.023818254470825195,0.016095876693725586,1378,0.019823074340820312
56,PQC,0.021167755126953125,0.019977807998657227,3138,0.01739192008972168
56,AES,0.01976633071899414,0.01863694190979004,1730,0.019023895263671875
56,No_Encryption,0.01858830451965332,0.01756596565246582,1378,0.019083738327026367
57,PQC,0.02544260025024414,0.01869797706604004,3138,0.0165102481842041
57,AES,0.018785953521728516,0.0180661678314209,1730,0.017413854598999023
57,No_Encryption,0.01919698715209961,0.016512155532836914,1378,0.019678592681884766
58,PQC,0.021859169006347656,0.02010321617126465,3138,0.01832103729248047
58,AES,0.021399497985839844,0.016678571701049805,1730,0.01677870750427246
58,No_Encryption,0.01760697364807129,0.015635967254638672,1378,0.018657922744750977
59,PQC,0.022994041442871094,0.02037978172302246,3138,0.0167849063873291
59,AES,0.022969484329223633,0.01713109016418457,1730,0.0164945125579834
59,No_Encryption,0.017968177795410156,0.01624917984008789,1378,0.017974853515625
60,PQC,0.03278493881225586,0.021117448806762695,3138,0.016813039779663086
60,AES,0.01943802833557129,0.017438173294067383,1730,0.016630172729492188
60,No_Encryption,0.018921613693237305,0.015476703643798828,1378,0.016469478607177734
61,PQC,0.027004003524780273,0.020663976669311523,3138,0.0170137882232666
61,AES,0.020190954208374023,0.01823902130126953,1730,0.017737865447998047
61,No_Encryption,0.01784348487854004,0.014423131942749023,1378,0.019377946853637695
62,PQC,0.0259857177734375,0.02289748191833496,3138,0.01856517791748047
62,AES,0.02032327651977539,0.017049312591552734,1730,0.018222570419311523
62,No_Encryption,0.01968216896057129,0.01512289047241211,1378,0.017754793167114258
63,PQC,0.02565908432006836,0.02079010009765625,3138,0.01848912239074707
63,AES,0.02002716064453125,0.017821073532104492,1730,0.01789069175720215
63,No_Encryption,0.019676923751831055,0.015565156936645508,1378,0.01825237274169922
64,PQC,0.022526264190673828,0.023621082305908203,3138,0.01838994026184082
64,AES,0.02565455436706543,0.0170438289642334,1730,0.01744818687438965
64,No_Encryption,0.017501354217529297,0.0156097412109375,1378,0.017953872680664062
65,PQC,0.023375272750854492,0.018158912658691406,3138,0.019273042678833008
65,AES,0.023079872131347656,0.018413305282592773,1730,0.018503665924072266
65,No_Encryption,0.02182626724243164,0.016512393951416016,1378,0.019573211669921875
66,PQC,0.021627187728881836,0.01940751075744629,3138,0.019960880279541016
66,AES,0.021957874298095703,0.018024682998657227,1730,0.01774883270263672
66,No_Encryption,0.017380237579345703,0.015492677688598633,1378,0.01906299591064453
67,PQC,0.021155357360839844,0.02034926414489746,3138,0.018157482147216797
67,AES,0.02215290069580078,0.01834583282470703,1730,0.017877578735351562
67,No_Encryption,0.017572641372680664,0.015479564666748047,1378,0.017553091049194336
68,PQC,0.020630359649658203,0.01987290382385254,3138,0.018072128295898438
68,AES,0.024125337600708008,0.018798351287841797,1730,0.01824784278869629
68,No_Encryption,0.020038366317749023,0.015063762664794922,1378,0.017762184143066406
69,PQC,0.021144866943359375,0.019265174865722656,3138,0.01720714569091797
69,AES,0.023790359497070312,0.0191042423248291,1730,0.017472505569458008
69,No_Encryption,0.02264261245727539,0.01602482795715332,1378,0.018166303634643555
70,PQC,0.021292448043823242,0.01988840103149414,3138,0.017562150955200195
70,AES,0.0187835693359375,0.02032637596130371,1730,0.018633604049682617
70,No_Encryption,0.018404722213745117,0.015420675277709961,1378,0.019468307495117188
71,PQC,0.02270221710205078,0.019693374633789062,3138,0.01893162727355957
71,AES,0.024715423583984375,0.018230915069580078,1730,0.01918339729309082
71,No_Encryption,0.02029705047607422,0.017412185668945312,1378,0.019102811813354492
72,PQC,0.02547454833984375,0.02017974853515625,3138,0.017005443572998047
72,AES,0.019489049911499023,0.019366979598999023,1730,0.019033193588256836
72,No_Encryption,0.01785111427307129,0.015948057174682617,1378,0.01733684539794922
73,PQC,0.020791292190551758,0.022730588912963867,3138,0.01880049705505371
73,AES,0.020101308822631836,0.019398212432861328,1730,0.020074844360351562
73,No_Encryption,0.019094228744506836,0.016125917434692383,1378,0.018785715103149414
74,PQC,0.021350383758544922,0.019710302352905273,3138,0.017435073852539062
74,AES,0.020447731018066406,0.019186019897460938,1730,0.018198490142822266
74,No_Encryption,0.01803421974182129,0.017020702362060547,1378,0.018898487091064453
75,PQC,0.023334980010986328,0.02159571647644043,3138,0.01902604103088379
75,AES,0.031145095825195312,0.01741957664489746,1730,0.020623207092285156
75,No_Encryption,0.019443988800048828,0.015613079071044922,1378,0.019278764724731445
76,PQC,0.022933244705200195,0.021554946899414062,3138,0.016983747482299805
76,AES,0.020676136016845703,0.017946958541870117,1730,0.021810054779052734
76,No_Encryption,0.018338680267333984,0.015851736068725586,1378,0.018074989318847656
77,PQC,0.020650386810302734,0.01937556266784668,3138,0.01812148094177246
77,AES,0.018604516983032227,0.020401954650878906,1730,0.020377397537231445
77,No_Encryption,0.019700288772583008,0.01638484001159668,1378,0.017030954360961914
78,PQC,0.025229454040527344,0.01928091049194336,3138,0.018453598022460938
78,AES,0.019042491912841797,0.017935991287231445,1730,0.016854524612426758
78,No_Encryption,0.01917552947998047,0.01630258560180664,1378,0.017758607864379883
79,PQC,0.022648096084594727,0.01880812644958496,3138,0.01749277114868164
79,AES,0.019295454025268555,0.017386436462402344,1730,0.0172426700592041
79,No_Encryption,0.019900083541870117,0.016772031784057617,1378,0.016933441162109375
80,PQC,0.020989179611206055,0.02018117904663086,3138,0.017567873001098633
80,AES,0.01931166648864746,0.017354488372802734,1730,0.018000125885009766
80,No_Encryption,0.018186569213867188,0.016766786575317383,1378,0.019270658493041992
81,PQC,0.02757883071899414,0.021770000457763672,3138,0.0202028751373291
81,AES,0.020404815673828125,0.01868152618408203,1730,0.017526626586914062
81,No_Encryption,0.01781749725341797,0.01735234260559082,1378,0.019381284713745117
82,PQC,0.021848440170288086,0.020071029663085938,3138,0.01793956756591797
82,AES,0.018543243408203125,0.019206523895263672,1730,0.018220186233520508
82,No_Encryption,0.021993398666381836,0.016869544982910156,1378,0.01872730255126953
83,PQC,0.0218656063079834,0.019324064254760742,3138,0.017258167266845703
83,AES,0.022072792053222656,0.017592430114746094,1730,0.01794147491455078
83,No_Encryption,0.018814802169799805,0.015803813934326172,1378,0.018941640853881836
84,PQC,0.025330066680908203,0.01920604705810547,3138,0.017866134643554688
84,AES,0.018527984619140625,0.017337799072265625,1730,0.020162582397460938
84,No_Encryption,0.017152070999145508,0.016510963439941406,1378,0.017010211944580078
85,PQC,0.02404475212097168,0.020216703414916992,3138,0.018107175827026367
85,AES,0.028347253799438477,0.01695704460144043,1730,0.01840043067932129
85,No_Encryption,0.018088579177856445,0.01650238037109375,1378,0.019170284271240234
86,PQC,0.024348735809326172,0.01913905143737793,3138,0.018841981887817383
86,AES,0.0195004940032959,0.016387224197387695,1730,0.017128467559814453
86,No_Encryption,0.020750999450683594,0.015965700149536133,1378,0.021860837936401367
87,PQC,0.02793574333190918,0.018889188766479492,3138,0.016063928604125977
87,AES,0.02386617660522461,0.018827199935913086,1730,0.020752668380737305
87,No_Encryption,0.02360367774963379,0.01669454574584961,1378,0.018712997436523438
88,PQC,0.024080753326416016,0.01957845687866211,3138,0.01850605010986328
88,AES,0.02116847038269043,0.01690959930419922,1730,0.021443605422973633
88,No_Encryption,0.01762676239013672,0.016152381896972656,1378,0.020760297775268555
89,PQC,0.021645784378051758,0.019926786422729492,3138,0.017425060272216797
89,AES,0.022585391998291016,0.01762223243713379,1730,0.017914533615112305
89,No_Encryption,0.018155813217163086,0.015187978744506836,1378,0.017301321029663086
90,PQC,0.0225832462310791,0.022547483444213867,3138,0.016534090042114258
90,AES,0.022589445114135742,0.026015520095825195,1730,0.02010631561279297
90,No_Encryption,0.02108287811279297,0.015993356704711914,1378,0.0185239315032959
91,PQC,0.021805763244628906,0.01962137222290039,3138,0.01702404022216797
91,AES,0.0195767879486084,0.019327163696289062,1730,0.01871180534362793
91,No_Encryption,0.01930379867553711,0.016453981399536133,1378,0.021358251571655273
92,PQC,0.022946834564208984,0.021071910858154297,3138,0.02004551887512207
92,AES,0.022684097290039062,0.018189191818237305,1730,0.01731252670288086
92,No_Encryption,0.020965576171875,0.01572442054748535,1378,0.01927638053894043
93,PQC,0.023556232452392578,0.020169973373413086,3138,0.019406795501708984
93,AES,0.026082277297973633,0.01763629913330078,1730,0.01888298988342285
93,No_Encryption,0.018970251083374023,0.015677452087402344,1378,0.018863916397094727
94,PQC,0.02084207534790039,0.019348859786987305,3138,0.01907801628112793
94,AES,0.020160913467407227,0.01855778694152832,1730,0.017498254776000977
94,No_Encryption,0.020993471145629883,0.016280412673950195,1378,0.017065763473510742
95,PQC,0.02185654640197754,0.02009272575378418,3138,0.019587278366088867
95,AES,0.02422952651977539,0.020169496536254883,1730,0.01847672462463379
95,No_Encryption,0.018843650817871094,0.016269922256469727,1378,0.019072294235229492
96,PQC,0.02268671989440918,0.018049955368041992,3138,0.01745009422302246
96,AES,0.02252364158630371,0.018091440200805664,1730,0.01830458641052246
96,No_Encryption,0.024657249450683594,0.01705455780029297,1378,0.02032637596130371
97,PQC,0.023590564727783203,0.021522998809814453,3138,0.022027969360351562
97,AES,0.020294666290283203,0.018522024154663086,1730,0.018710613250732422
97,No_Encryption,0.018590927124023438,0.015166997909545898,1378,0.018951892852783203
98,PQC,0.021720409393310547,0.021068096160888672,3138,0.018610477447509766
98,AES,0.018430471420288086,0.0182340145111084,1730,0.01783156394958496
98,No_Encryption,0.017501354217529297,0.015219688415527344,1378,0.02016615867614746
99,PQC,0.021260976791381836,0.022119522094726562,3138,0.018499374389648438
99,AES,0.019310951232910156,0.017117738723754883,1730,0.01708698272705078
99,No_Encryption,0.018940210342407227,0.01648259162902832,1378,0.0183103084564209
100,PQC,0.023103952407836914,0.024646520614624023,3138,0.01821589469909668
100,AES,0.022507905960083008,0.018556833267211914,1730,0.01860785484313965
100,No_Encryption,0.01869058609008789,0.016000032424926758,1378,0.017181873321533203
101,PQC,0.02090001106262207,0.020396947860717773,3138,0.019077301025390625
101,AES,0.02032160758972168,0.01849842071533203,1730,0.017270565032958984
101,No_Encryption,0.018714427947998047,0.015511035919189453,1378,0.016188859939575195
102,PQC,0.022987842559814453,0.019185304641723633,3138,0.01877427101135254
102,AES,0.021266460418701172,0.017064571380615234,1730,0.017803192138671875
102,No_Encryption,0.018927335739135742,0.01587533950805664,1378,0.01712632179260254
103,PQC,0.022905349731445312,0.020219802856445312,3138,0.01703667640686035
103,AES,0.02175164222717285,0.01892709732055664,1730,0.017789602279663086
103,No_Encryption,0.027737140655517578,0.016324996948242188,1378,0.018631935119628906
104,PQC,0.02376866340637207,0.01939845085144043,3138,0.017130613327026367
104,AES,0.019032955169677734,0.02028489112854004,1730,0.02019524574279785
104,No_Encryption,0.022423267364501953,0.017441511154174805,1378,0.01640152931213379
105,PQC,0.021935701370239258,0.020574092864990234,3138,0.02416682243347168
105,AES,0.019865989685058594,0.02193427085876465,1730,0.017007827758789062
105,No_Encryption,0.01738572120666504,0.01699995994567871,1378,0.01911020278930664
106,PQC,0.021696090698242188,0.020532846450805664,3138,0.01856398582458496
106,AES,0.021059274673461914,0.017199993133544922,1730,0.017247676849365234
106,No_Encryption,0.018611431121826172,0.01563286781311035,1378,0.018489360809326172
107,PQC,0.02309727668762207,0.019704818725585938,3138,0.018790483474731445
107,AES,0.022149085998535156,0.01981377601623535,1730,0.017803192138671875
107,No_Encryption,0.02056884765625,0.01588749885559082,1378,0.018774032592773438
108,PQC,0.022043704986572266,0.01798224449157715,3138,0.01885223388671875
108,AES,0.01845550537109375,0.019719600677490234,1730,0.0195620059967041
108,No_Encryption,0.022597312927246094,0.014223337173461914,1378,0.020088672637939453
109,PQC,0.021569252014160156,0.019941329956054688,3138,0.018036365509033203
109,AES,0.01950216293334961,0.02030801773071289,1730,0.019333600997924805
109,No_Encryption,0.019980192184448242,0.01477956771850586,1378,0.017781972885131836
110,PQC,0.028284072875976562,0.01974010467529297,3138,0.019437313079833984
110,AES,0.01834726333618164,0.02091073989868164,1730,0.018507719039916992
110,No_Encryption,0.018105745315551758,0.015136957168579102,1378,0.017664670944213867
111,PQC,0.023294687271118164,0.019295692443847656,3138,0.017531394958496094
111,AES,0.01923990249633789,0.018111228942871094,1730,0.020342350006103516
111,No_Encryption,0.021442651748657227,0.01575779914855957,1378,0.017223119735717773
112,PQC,0.02158975601196289,0.019408226013183594,3138,0.019319772720336914
112,AES,0.02218317985534668,0.018121719360351562,1730,0.020773649215698242
112,No_Encryption,0.02866220474243164,0.017499685287475586,1378,0.01823735237121582
113,PQC,0.022874832153320312,0.020699024200439453,3138,0.017227649688720703
113,AES,0.022571325302124023,0.019013166427612305,1730,0.020874977111816406
113,No_Encryption,0.019583940505981445,0.015408515930175781,1378,0.017331361770629883
114,PQC,0.022374868392944336,0.02017807960510254,3138,0.017323970794677734
114,AES,0.019559383392333984,0.01643967628479004,1730,0.017624378204345703
114,No_Encryption,0.020005464553833008,0.01726365089416504,1378,0.01834726333618164
115,PQC,0.02823185920715332,0.01918959617614746,3138,0.0178225040435791
115,AES,0.019430160522460938,0.018181324005126953,1730,0.017592430114746094
115,No_Encryption,0.021065711975097656,0.017220020294189453,1378,0.018888235092163086
116,PQC,0.0215303897857666,0.024382829666137695,3138,0.01791214942932129
116,AES,0.01972484588623047,0.018749475479125977,1730,0.018027067184448242
116,No_Encryption,0.021448850631713867,0.015445947647094727,1378,0.018614530563354492
117,PQC,0.023824453353881836,0.020557165145874023,3138,0.017930269241333008
117,AES,0.02075791358947754,0.01754307746887207,1730,0.01935291290283203
117,No_Encryption,0.019612550735473633,0.016173362731933594,1378,0.02041339874267578
118,PQC,0.026374340057373047,0.020377397537231445,3138,0.01680469512939453
118,AES,0.01962423324584961,0.01691126823425293,1730,0.017313480377197266
118,No_Encryption,0.02032637596130371,0.018409013748168945,1378,0.018689632415771484
119,PQC,0.02678966522216797,0.020352840423583984,3138,0.018370389938354492
119,AES,0.018901586532592773,0.016710519790649414,1730,0.018368959426879883
119,No_Encryption,0.019496679306030273,0.01569843292236328,1378,0.021519899368286133
120,PQC,0.02195453643798828,0.02205944061279297,3138,0.019361495971679688
120,AES,0.019427061080932617,0.01687312126159668,1730,0.018586158752441406
120,No_Encryption,0.01851963996887207,0.016805410385131836,1378,0.018576622009277344
121,PQC,0.02478194236755371,0.019932270050048828,3138,0.018446922302246094
121,AES,0.022876739501953125,0.017368078231811523,1730,0.016949892044067383
121,No_Encryption,0.020514965057373047,0.017154455184936523,1378,0.018353939056396484
122,PQC,0.029129743576049805,0.023913145065307617,3138,0.0195004940032959
122,AES,0.02286505699157715,0.017138957977294922,1730,0.01702713966369629
122,No_Encryption,0.018248558044433594,0.0161745548248291,1378,0.018532991409301758
123,PQC,0.0233461856842041,0.019488811492919922,3138,0.01769280433654785
123,AES,0.020728588104248047,0.018304824829101562,1730,0.01785588264465332
123,No_Encryption,0.022067785263061523,0.016347885131835938,1378,0.020310640335083008
124,PQC,0.024332761764526367,0.021579504013061523,3138,0.01970672607421875
124,AES,0.022040843963623047,0.019065141677856445,1730,0.018415451049804688
124,No_Encryption,0.02103447914123535,0.01665973663330078,1378,0.019974470138549805
125,PQC,0.02117133140563965,0.020217180252075195,3138,0.018082618713378906
125,AES,0.020139217376708984,0.017482519149780273,1730,0.018166780471801758
125,No_Encryption,0.025020837783813477,0.01588916778564453,1378,0.018087148666381836
126,PQC,0.02321648597717285,0.022718191146850586,3138,0.023782968521118164
126,AES,0.01908254623413086,0.018358469009399414,1730,0.017626285552978516
126,No_Encryption,0.017108678817749023,0.016177654266357422,1378,0.018935680389404297
127,PQC,0.026892423629760742,0.022829771041870117,3138,0.01726078987121582
127,AES,0.019479990005493164,0.01777338981628418,1730,0.018001556396484375
127,No_Encryption,0.02357196807861328,0.018199443817138672,1378,0.019138097763061523
128,PQC,0.02454519271850586,0.020842790603637695,3138,0.01653122901916504
128,AES,0.020180463790893555,0.01688218116760254,1730,0.017441749572753906
128,No_Encryption,0.024904489517211914,0.016135454177856445,1378,0.017240047454833984
129,PQC,0.024184703826904297,0.022339344024658203,3138,0.01875925064086914
129,AES,0.02103590965270996,0.017535686492919922,1730,0.0186464786529541
129,No_Encryption,0.019640445709228516,0.015301227569580078,1378,0.01791548728942871
130,PQC,0.02312469482421875,0.019141674041748047,3138,0.018227577209472656
130,AES,0.022582292556762695,0.019016742706298828,1730,0.01822972297668457
130,No_Encryption,0.019344806671142578,0.0157473087310791,1378,0.018077850341796875
131,PQC,0.025012493133544922,0.02122664451599121,3138,0.018734216690063477
131,AES,0.022338151931762695,0.018593788146972656,1730,0.017127513885498047
131,No_Encryption,0.017558574676513672,0.01506948471069336,1378,0.017351627349853516
132,PQC,0.02166271209716797,0.020155668258666992,3138,0.01821589469909668
132,AES,0.022832870483398438,0.017793655395507812,1730,0.018763065338134766
132,No_Encryption,0.018265724182128906,0.016492843627929688,1378,0.017092466354370117
133,PQC,0.021304607391357422,0.020753860473632812,3138,0.018651723861694336
133,AES,0.019447803497314453,0.017513275146484375,1730,0.016468048095703125
133,No_Encryption,0.018260955810546875,0.016083955764770508,1378,0.0172576904296875
134,PQC,0.021341800689697266,0.019991397857666016,3138,0.018143415451049805
134,AES,0.022233247756958008,0.01954364776611328,1730,0.018489599227905273
134,No_Encryption,0.019032001495361328,0.01671600341796875,1378,0.018670320510864258
135,PQC,0.022433042526245117,0.01885223388671875,3138,0.017884492874145508
135,AES,0.025655508041381836,0.01868438720703125,1730,0.01728034019470215
135,No_Encryption,0.018472671508789062,0.018550872802734375,1378,0.019105911254882812
136,PQC,0.023797988891601562,0.02218008041381836,3138,0.017986059188842773
136,AES,0.022304773330688477,0.02086663246154785,1730,0.017704010009765625
136,No_Encryption,0.018230676651000977,0.015568733215332031,1378,0.01764059066772461
137,PQC,0.022408008575439453,0.018957138061523438,3138,0.01568150520324707
137,AES,0.021193504333496094,0.020439624786376953,1730,0.0193021297454834
137,No_Encryption,0.017145633697509766,0.015923500061035156,1378,0.01865220069885254
138,PQC,0.021953105926513672,0.01995539665222168,3138,0.015977859497070312
138,AES,0.021786928176879883,0.02041935920715332,1730,0.01721811294555664
138,No_Encryption,0.018497943878173828,0.01609659194946289,1378,0.018163204193115234
139,PQC,0.022574901580810547,0.02219104766845703,3138,0.01902461051940918
139,AES,0.01825881004333496,0.01746654510498047,1730,0.01835012435913086
139,No_Encryption,0.021754026412963867,0.01623702049255371,1378,0.0179598331451416
140,PQC,0.021121501922607422,0.01857900619506836,3138,0.017217159271240234
140,AES,0.020570755004882812,0.018043041229248047,1730,0.02017045021057129
140,No_Encryption,0.022417783737182617,0.016743898391723633,1378,0.018465757369995117
141,PQC,0.028185367584228516,0.02197265625,3138,0.01682901382446289
141,AES,0.021248340606689453,0.017894983291625977,1730,0.017698049545288086
141,No_Encryption,0.021879911422729492,0.016527175903320312,1378,0.01813364028930664
142,PQC,0.0216372013092041,0.019003868103027344,3138,0.01691460609436035
142,AES,0.018992900848388672,0.016915321350097656,1730,0.0170748233795166
142,No_Encryption,0.02090740203857422,0.017073392868041992,1378,0.0175931453704834
143,PQC,0.02228569984436035,0.01976609230041504,3138,0.020869016647338867
143,AES,0.029985904693603516,0.01818680763244629,1730,0.02098393440246582
143,No_Encryption,0.0186309814453125,0.017158985137939453,1378,0.019329309463500977
144,PQC,0.023381471633911133,0.020007848739624023,3138,0.01646566390991211
144,AES,0.021526098251342773,0.01748824119567871,1730,0.017914772033691406
144,No_Encryption,0.01770782470703125,0.01576852798461914,1378,0.021949291229248047
145,PQC,0.022985458374023438,0.020479440689086914,3138,0.016895532608032227
145,AES,0.020471572875976562,0.019007205963134766,1730,0.018934011459350586
145,No_Encryption,0.020425081253051758,0.016416549682617188,1378,0.02313852310180664
146,PQC,0.022610187530517578,0.020626068115234375,3138,0.018678665161132812
146,AES,0.020198822021484375,0.01755499839782715,1730,0.017874717712402344
146,No_Encryption,0.01896953582763672,0.016147375106811523,1378,0.01838231086730957
147,PQC,0.02416849136352539,0.019260168075561523,3138,0.016994953155517578
147,AES,0.018824338912963867,0.018577098846435547,1730,0.018688678741455078
147,No_Encryption,0.019603490829467773,0.015891551971435547,1378,0.019656896591186523
148,PQC,0.022492170333862305,0.019596099853515625,3138,0.01859903335571289
148,AES,0.021128177642822266,0.017855405807495117,1730,0.01717352867126465
148,No_Encryption,0.018226146697998047,0.015407800674438477,1378,0.020334959030151367
149,PQC,0.02670598030090332,0.019559144973754883,3138,0.017654895782470703
149,AES,0.01948714256286621,0.018403291702270508,1730,0.019802331924438477
149,No_Encryption,0.020976543426513672,0.015902042388916016,1378,0.019002676010131836
150,PQC,0.024577617645263672,0.022427082061767578,3138,0.017320871353149414
150,AES,0.01812148094177246,0.019324779510498047,1730,0.01857447624206543
150,No_Encryption,0.018357276916503906,0.01574850082397461,1378,0.018836021423339844
151,PQC,0.026441574096679688,0.01927781105041504,3138,0.017529964447021484
151,AES,0.023053646087646484,0.018080949783325195,1730,0.01843857765197754
151,No_Encryption,0.019002676010131836,0.015538692474365234,1378,0.018326759338378906
152,PQC,0.02167201042175293,0.024696826934814453,3138,0.01836681365966797
152,AES,0.023857831954956055,0.018095970153808594,1730,0.01755356788635254
152,No_Encryption,0.017963886260986328,0.015842437744140625,1378,0.021227359771728516
153,PQC,0.022161483764648438,0.022974252700805664,3138,0.017917394638061523
153,AES,0.018483638763427734,0.01761460304260254,1730,0.016852140426635742
153,No_Encryption,0.019194602966308594,0.015373468399047852,1378,0.01763749122619629
154,PQC,0.02065420150756836,0.021218299865722656,3138,0.01788043975830078
154,AES,0.020685911178588867,0.01816701889038086,1730,0.017693758010864258
154,No_Encryption,0.021582365036010742,0.015703439712524414,1378,0.01729440689086914
155,PQC,0.025338411331176758,0.021468400955200195,3138,0.017406702041625977
155,AES,0.018810033798217773,0.017920732498168945,1730,0.018967151641845703
155,No_Encryption,0.017710208892822266,0.015425682067871094,1378,0.01809406280517578
156,PQC,0.022279977798461914,0.021140575408935547,3138,0.01863694190979004
156,AES,0.021111011505126953,0.017145633697509766,1730,0.019367218017578125
156,No_Encryption,0.01821303367614746,0.017065048217773438,1378,0.017412900924682617
157,PQC,0.02304673194885254,0.01974010467529297,3138,0.020717620849609375
157,AES,0.0208892822265625,0.019559860229492188,1730,0.021947145462036133
157,No_Encryption,0.016742467880249023,0.01538395881652832,1378,0.018402814865112305
158,PQC,0.022370100021362305,0.018712282180786133,3138,0.020372867584228516
158,AES,0.022868871688842773,0.01839470863342285,1730,0.017307043075561523
158,No_Encryption,0.017842769622802734,0.015668153762817383,1378,0.019120454788208008
159,PQC,0.02266216278076172,0.019710779190063477,3138,0.020112276077270508
159,AES,0.021518230438232422,0.01753377914428711,1730,0.017231225967407227
159,No_Encryption,0.019681692123413086,0.015583276748657227,1378,0.01892399787902832
160,PQC,0.02092432975769043,0.019515275955200195,3138,0.017277002334594727
160,AES,0.021394014358520508,0.018018722534179688,1730,0.01794147491455078
160,No_Encryption,0.017406225204467773,0.01574563980102539,1378,0.016376733779907227
161,PQC,0.024503469467163086,0.020765304565429688,3138,0.017984390258789062
161,AES,0.02213144302368164,0.019291162490844727,1730,0.018456220626831055
161,No_Encryption,0.021046161651611328,0.014693021774291992,1378,0.01864027976989746
162,PQC,0.024805068969726562,0.0185854434967041,3138,0.016982078552246094
162,AES,0.018434524536132812,0.017145633697509766,1730,0.019963502883911133
162,No_Encryption,0.017254114151000977,0.014842748641967773,1378,0.017685890197753906
163,PQC,0.022145986557006836,0.019946813583374023,3138,0.019744396209716797
163,AES,0.01859283447265625,0.017276287078857422,1730,0.01694035530090332
163,No_Encryption,0.018790483474731445,0.0160372257232666,1378,0.019153356552124023
164,PQC,0.020818471908569336,0.02104496955871582,3138,0.01744556427001953
164,AES,0.019657135009765625,0.016885757446289062,1730,0.017278194427490234
164,No_Encryption,0.02140045166015625,0.015869140625,1378,0.018770694732666016
165,PQC,0.02294301986694336,0.02125382423400879,3138,0.018640756607055664
165,AES,0.020306110382080078,0.01897454261779785,1730,0.017401933670043945
165,No_Encryption,0.018020153045654297,0.015584230422973633,1378,0.018237829208374023
166,PQC,0.022168874740600586,0.019430875778198242,3138,0.019666671752929688
166,AES,0.0219419002532959,0.017742156982421875,1730,0.01832270622253418
166,No_Encryption,0.01929020881652832,0.016614913940429688,1378,0.018000125885009766
167,PQC,0.022150516510009766,0.019875526428222656,3138,0.018054962158203125
167,AES,0.019711732864379883,0.018764019012451172,1730,0.019853591918945312
167,No_Encryption,0.018694162368774414,0.016726255416870117,1378,0.019816875457763672
168,PQC,0.0284426212310791,0.02062535285949707,3138,0.019526243209838867
168,AES,0.022521257400512695,0.018887758255004883,1730,0.019414663314819336
168,No_Encryption,0.01879596710205078,0.015784025192260742,1378,0.018987655639648438
169,PQC,0.024043560028076172,0.020936250686645508,3138,0.01780104637145996
169,AES,0.02033686637878418,0.01752185821533203,1730,0.017322063446044922
169,No_Encryption,0.018304109573364258,0.01670694351196289,1378,0.017611265182495117
170,PQC,0.021499156951904297,0.020669937133789062,3138,0.01827692985534668
170,AES,0.02151012420654297,0.016791582107543945,1730,0.018586397171020508
170,No_Encryption,0.01984238624572754,0.01578688621520996,1378,0.02337050437927246
171,PQC,0.024497270584106445,0.021408796310424805,3138,0.01694631576538086
171,AES,0.01820063591003418,0.018037796020507812,1730,0.01809096336364746
171,No_Encryption,0.018673181533813477,0.016640186309814453,1378,0.019049406051635742
172,PQC,0.024989843368530273,0.02195429801940918,3138,0.01763749122619629
172,AES,0.022916793823242188,0.017122983932495117,1730,0.01756572723388672
172,No_Encryption,0.030495643615722656,0.015369176864624023,1378,0.019778728485107422
173,PQC,0.02486395835876465,0.023241519927978516,3138,0.017754554748535156
173,AES,0.020483732223510742,0.01662278175354004,1730,0.01990652084350586
173,No_Encryption,0.020099163055419922,0.015106439590454102,1378,0.020299911499023438
174,PQC,0.02310800552368164,0.01946711540222168,3138,0.018817424774169922
174,AES,0.019843339920043945,0.017591238021850586,1730,0.01730656623840332
174,No_Encryption,0.019100427627563477,0.016289710998535156,1378,0.018739938735961914
175,PQC,0.02445507049560547,0.02030014991760254,3138,0.017800569534301758
175,AES,0.019674301147460938,0.018271446228027344,1730,0.016878128051757812
175,No_Encryption,0.018981456756591797,0.016510009765625,1378,0.0174863338470459
176,PQC,0.02260613441467285,0.019949913024902344,3138,0.019487857818603516
176,AES,0.021918296813964844,0.019148826599121094,1730,0.017800092697143555
176,No_Encryption,0.021865129470825195,0.016075611114501953,1378,0.017163991928100586
177,PQC,0.02194690704345703,0.020663976669311523,3138,0.018291473388671875
177,AES,0.01960921287536621,0.016977310180664062,1730,0.017383575439453125
177,No_Encryption,0.0188753604888916,0.01669931411743164,1378,0.018455982208251953
178,PQC,0.021023035049438477,0.020999908447265625,3138,0.019001007080078125
178,AES,0.019192218780517578,0.017420291900634766,1730,0.019761085510253906
178,No_Encryption,0.01850605010986328,0.016220808029174805,1378,0.018874406814575195
179,PQC,0.023639917373657227,0.0210878849029541,3138,0.01892399787902832
179,AES,0.021956443786621094,0.019440174102783203,1730,0.018769025802612305
179,No_Encryption,0.0185394287109375,0.017508745193481445,1378,0.019047975540161133
180,PQC,0.02821183204650879,0.020956039428710938,3138,0.017852783203125
180,AES,0.019379138946533203,0.016515731811523438,1730,0.017961740493774414
180,No_Encryption,0.019324302673339844,0.016402721405029297,1378,0.020656347274780273
181,PQC,0.022305011749267578,0.01999044418334961,3138,0.017156362533569336
181,AES,0.02089405059814453,0.017507076263427734,1730,0.01786065101623535
181,No_Encryption,0.018143653869628906,0.01590561866760254,1378,0.018993854522705078
182,PQC,0.02348613739013672,0.019511938095092773,3138,0.016181468963623047
182,AES,0.019268512725830078,0.01781296730041504,1730,0.018476009368896484
182,No_Encryption,0.021447420120239258,0.01624155044555664,1378,0.01851940155029297
183,PQC,0.022466421127319336,0.01877737045288086,3138,0.01747441291809082
183,AES,0.02219104766845703,0.019809484481811523,1730,0.018508195877075195
183,No_Encryption,0.01915884017944336,0.01634812355041504,1378,0.018546342849731445
184,PQC,0.022295713424682617,0.020592212677001953,3138,0.0186004638671875
184,AES,0.021202802658081055,0.019945621490478516,1730,0.020679473876953125
184,No_Encryption,0.020450115203857422,0.016628026962280273,1378,0.01777958869934082
185,PQC,0.03013467788696289,0.02259063720703125,3138,0.0179593563079834
185,AES,0.019945621490478516,0.020451068878173828,1730,0.01681661605834961
185,No_Encryption,0.0212404727935791,0.015404224395751953,1378,0.018697023391723633
186,PQC,0.026800870895385742,0.019710779190063477,3138,0.01592564582824707
186,AES,0.024472713470458984,0.01963186264038086,1730,0.01869654655456543
186,No_Encryption,0.020282745361328125,0.017995595932006836,1378,0.020308971405029297
187,PQC,0.02346944808959961,0.01952672004699707,3138,0.018280506134033203
187,AES,0.01921248435974121,0.016916990280151367,1730,0.01957082748413086
187,No_Encryption,0.018407344818115234,0.015616655349731445,1378,0.018102169036865234
188,PQC,0.03665614128112793,0.01993584632873535,3138,0.01706075668334961
188,AES,0.02403545379638672,0.021953821182250977,1730,0.019011974334716797
188,No_Encryption,0.01882195472717285,0.017029762268066406,1378,0.0187532901763916
189,PQC,0.021804094314575195,0.019318103790283203,3138,0.017139911651611328
189,AES,0.02117323875427246,0.018593549728393555,1730,0.016943931579589844
189,No_Encryption,0.01912999153137207,0.01620030403137207,1378,0.01939535140991211
190,PQC,0.02252674102783203,0.019042253494262695,3138,0.020377397537231445
190,AES,0.01894688606262207,0.017170429229736328,1730,0.018824338912963867
190,No_Encryption,0.018100261688232422,0.016274213790893555,1378,0.01845574378967285
191,PQC,0.02216506004333496,0.02145862579345703,3138,0.01852893829345703
191,AES,0.025121688842773438,0.017190933227539062,1730,0.017673015594482422
191,No_Encryption,0.01903247833251953,0.016187191009521484,1378,0.017529010772705078
192,PQC,0.022800207138061523,0.023923158645629883,3138,0.018219470977783203
192,AES,0.022676706314086914,0.01854252815246582,1730,0.017533540725708008
192,No_Encryption,0.0176241397857666,0.01524972915649414,1378,0.018371105194091797
193,PQC,0.02274489402770996,0.021240949630737305,3138,0.018517732620239258
193,AES,0.020288944244384766,0.01785874366760254,1730,0.018486976623535156
193,No_Encryption,0.021277904510498047,0.01558065414428711,1378,0.01822066307067871
194,PQC,0.022713661193847656,0.01889634132385254,3138,0.018054962158203125
194,AES,0.02086019515991211,0.018996477127075195,1730,0.01990485191345215
194,No_Encryption,0.020093202590942383,0.015531539916992188,1378,0.018099546432495117
195,PQC,0.027969837188720703,0.020228862762451172,3138,0.017721176147460938
195,AES,0.01942896842956543,0.01910114288330078,1730,0.017728567123413086
195,No_Encryption,0.01954793930053711,0.014787435531616211,1378,0.01894998550415039
196,PQC,0.026320934295654297,0.022908926010131836,3138,0.018249988555908203
196,AES,0.018951416015625,0.01975226402282715,1730,0.019278526306152344
196,No_Encryption,0.020055055618286133,0.017792940139770508,1378,0.023038864135742188
197,PQC,0.02488231658935547,0.025569438934326172,3138,0.02299952507019043
197,AES,0.023462295532226562,0.022466182708740234,1730,0.02227473258972168
197,No_Encryption,0.024523019790649414,0.022905588150024414,1378,0.02502274513244629
198,PQC,0.03186464309692383,0.030359268188476562,3138,0.025179624557495117
198,AES,0.03182697296142578,0.02778458595275879,1730,0.025725603103637695
198,No_Encryption,0.026038408279418945,0.024564504623413086,1378,0.03014659881591797
199,PQC,0.0329744815826416,0.033226728439331055,3138,0.0284578800201416
199,AES,0.03147530555725098,0.02989339828491211,1730,0.032384634017944336
199,No_Encryption,0.03181886672973633,0.026446819305419922,1378,0.030392169952392578
200,PQC,0.04139518737792969,0.035675764083862305,3138,0.03188514709472656
200,AES,0.03082585334777832,0.02936720848083496,1730,0.028363943099975586
200,No_Encryption,0.030284404754638672,0.02643752098083496,1378,0.03062891960144043
201,PQC,0.03870081901550293,0.035573720932006836,3138,0.03022146224975586
201,AES,0.03356647491455078,0.032956600189208984,1730,0.03115987777709961
201,No_Encryption,0.054567813873291016,0.03467988967895508,1378,0.03536820411682129
202,PQC,0.04056811332702637,0.03739285469055176,3138,0.03512144088745117
202,AES,0.03639984130859375,0.03236031532287598,1730,0.03337550163269043
202,No_Encryption,0.032460689544677734,0.031472206115722656,1378,0.03256630897521973
203,PQC,0.046941280364990234,0.03949379920959473,3138,0.03501605987548828
203,AES,0.03457021713256836,0.03156900405883789,1730,0.029123783111572266
203,No_Encryption,0.030514240264892578,0.02979111671447754,1378,0.03434872627258301
204,PQC,0.039196014404296875,0.03593802452087402,3138,0.03188943862915039
204,AES,0.033225297927856445,0.03456926345825195,1730,0.03251504898071289
204,No_Encryption,0.03092050552368164,0.02797079086303711,1378,0.03052210807800293
205,PQC,0.04218864440917969,0.03766894340515137,3138,0.032013654708862305
205,AES,0.0364532470703125,0.030746936798095703,1730,0.035712480545043945
205,No_Encryption,0.03098464012145996,0.02767801284790039,1378,0.0316004753112793
206,PQC,0.04196763038635254,0.04065275192260742,3138,0.03766155242919922
206,AES,0.032274484634399414,0.03091740608215332,1730,0.031002283096313477
206,No_Encryption,0.03063511848449707,0.03240489959716797,1378,0.03283119201660156
207,PQC,0.03551006317138672,0.03572344779968262,3138,0.031891822814941406
207,AES,0.04143548011779785,0.03125715255737305,1730,0.0329282283782959
207,No_Encryption,0.02904963493347168,0.027732372283935547,1378,0.03106856346130371
208,PQC,0.04268693923950195,0.03522515296936035,3138,0.031233549118041992
208,AES,0.03065013885498047,0.030419588088989258,1730,0.032932281494140625
208,No_Encryption,0.03185391426086426,0.02831292152404785,1378,0.0336000919342041
209,PQC,0.038609981536865234,0.03634047508239746,3138,0.036865234375
209,AES,0.03643679618835449,0.031449079513549805,1730,0.03149271011352539
209,No_Encryption,0.033647775650024414,0.03118109703063965,1378,0.032509565353393555
210,PQC,0.043770551681518555,0.03520321846008301,3138,0.030984878540039062
210,AES,0.03200221061706543,0.03371143341064453,1730,0.03233909606933594
210,No_Encryption,0.03262782096862793,0.026035070419311523,1378,0.030177593231201172
211,PQC,0.03723549842834473,0.036994218826293945,3138,0.03287863731384277
211,AES,0.03619956970214844,0.03197526931762695,1730,0.02965545654296875
211,No_Encryption,0.03687286376953125,0.0311276912689209,1378,0.03271293640136719
212,PQC,0.03899526596069336,0.0400998592376709,3138,0.03469204902648926
212,AES,0.03684067726135254,0.033365726470947266,1730,0.03104114532470703
212,No_Encryption,0.043558597564697266,0.03508400917053223,1378,0.03972291946411133
213,PQC,0.04229593276977539,0.04296445846557617,3138,0.033273935317993164
213,AES,0.03411579132080078,0.03379106521606445,1730,0.030673742294311523
213,No_Encryption,0.030887365341186523,0.028397321701049805,1378,0.03529024124145508
214,PQC,0.0394742488861084,0.03892111778259277,3138,0.028850317001342773
214,AES,0.03379249572753906,0.0347752571105957,1730,0.03004932403564453
214,No_Encryption,0.03285503387451172,0.029161691665649414,1378,0.034719228744506836
215,PQC,0.045656442642211914,0.03745603561401367,3138,0.03279542922973633
215,AES,0.042558908462524414,0.03252148628234863,1730,0.030439138412475586
215,No_Encryption,0.036251068115234375,0.02831101417541504,1378,0.03180074691772461
216,PQC,0.04122328758239746,0.03413724899291992,3138,0.03279423713684082
216,AES,0.03184628486633301,0.030627965927124023,1730,0.033830881118774414
216,No_Encryption,0.032776832580566406,0.028583765029907227,1378,0.0341496467590332
217,PQC,0.03505849838256836,0.036399126052856445,3138,0.029992103576660156
217,AES,0.03430747985839844,0.030315399169921875,1730,0.03252863883972168
217,No_Encryption,0.027503490447998047,0.027251720428466797,1378,0.02885270118713379
218,PQC,0.03617668151855469,0.03442096710205078,3138,0.030071020126342773
218,AES,0.03467965126037598,0.03157210350036621,1730,0.031551361083984375
218,No_Encryption,0.03057384490966797,0.028980016708374023,1378,0.03431272506713867
219,PQC,0.034662723541259766,0.03710150718688965,3138,0.03227519989013672
219,AES,0.03195762634277344,0.037149667739868164,1730,0.03293251991271973
219,No_Encryption,0.031354665756225586,0.029921770095825195,1378,0.03016972541809082
220,PQC,0.03860211372375488,0.04188704490661621,3138,0.02843928337097168
220,AES,0.03674054145812988,0.03221273422241211,1730,0.031194448471069336
220,No_Encryption,0.03689718246459961,0.029080629348754883,1378,0.03324723243713379
221,PQC,0.05045437812805176,0.039115190505981445,3138,0.03296780586242676
221,AES,0.0381312370300293,0.03411436080932617,1730,0.03279709815979004
221,No_Encryption,0.03261566162109375,0.02824711799621582,1378,0.03362131118774414
222,PQC,0.04548168182373047,0.03642535209655762,3138,0.02957940101623535
222,AES,0.036489248275756836,0.02966451644897461,1730,0.030805349349975586
222,No_Encryption,0.03356313705444336,0.03118729591369629,1378,0.03377270698547363
223,PQC,0.04026913642883301,0.038552045822143555,3138,0.03043985366821289
223,AES,0.03250288963317871,0.03247427940368652,1730,0.03159785270690918
223,No_Encryption,0.03177618980407715,0.029953956604003906,1378,0.03426384925842285
224,PQC,0.04179096221923828,0.03588247299194336,3138,0.030630826950073242
224,AES,0.029797792434692383,0.03081202507019043,1730,0.03873872756958008
224,No_Encryption,0.03842902183532715,0.030945777893066406,1378,0.03403425216674805
225,PQC,0.04088902473449707,0.03701353073120117,3138,0.03525042533874512
225,AES,0.04107522964477539,0.030617713928222656,1730,0.02996230125427246
225,No_Encryption,0.030942201614379883,0.028087854385375977,1378,0.032607078552246094
226,PQC,0.04308938980102539,0.036771535873413086,3138,0.03157210350036621
226,AES,0.039687156677246094,0.03226518630981445,1730,0.034122467041015625
226,No_Encryption,0.030501842498779297,0.02726578712463379,1378,0.0318303108215332
227,PQC,0.05055689811706543,0.03998231887817383,3138,0.03173661231994629
227,AES,0.03446316719055176,0.03260636329650879,1730,0.029709577560424805
227,No_Encryption,0.0317995548248291,0.027147293090820312,1378,0.03236985206604004
228,PQC,0.04169154167175293,0.03688669204711914,3138,0.03161501884460449
228,AES,0.03213667869567871,0.03139805793762207,1730,0.029644012451171875
228,No_Encryption,0.03212380409240723,0.0290834903717041,1378,0.03170180320739746
229,PQC,0.03762960433959961,0.034946441650390625,3138,0.028400897979736328
229,AES,0.0353853702545166,0.032377004623413086,1730,0.030138254165649414
229,No_Encryption,0.03096914291381836,0.02656388282775879,1378,0.03122234344482422
230,PQC,0.033739566802978516,0.03962540626525879,3138,0.02957010269165039
230,AES,0.030607223510742188,0.03324151039123535,1730,0.03213953971862793
230,No_Encryption,0.030562162399291992,0.028258562088012695,1378,0.03569388389587402
231,PQC,0.03803896903991699,0.035508155822753906,3138,0.029939889907836914
231,AES,0.03220820426940918,0.029973745346069336,1730,0.03186202049255371
231,No_Encryption,0.034967899322509766,0.029441118240356445,1378,0.031378746032714844
232,PQC,0.049154043197631836,0.040930986404418945,3138,0.03268265724182129
232,AES,0.02988147735595703,0.03295731544494629,1730,0.028120994567871094
232,No_Encryption,0.028548002243041992,0.030237197875976562,1378,0.032550811767578125
233,PQC,0.04179954528808594,0.03880119323730469,3138,0.03019118309020996
233,AES,0.0363469123840332,0.03705239295959473,1730,0.0306549072265625
233,No_Encryption,0.03432583808898926,0.03153562545776367,1378,0.03388547897338867
234,PQC,0.03812885284423828,0.03710460662841797,3138,0.031053543090820312
234,AES,0.03391098976135254,0.035909414291381836,1730,0.029157400131225586
234,No_Encryption,0.02947068214416504,0.02895808219909668,1378,0.03388547897338867
235,PQC,0.03661465644836426,0.03924679756164551,3138,0.03142976760864258
235,AES,0.03418898582458496,0.03401446342468262,1730,0.03316831588745117
235,No_Encryption,0.031915903091430664,0.030121326446533203,1378,0.032060861587524414
236,PQC,0.03546714782714844,0.03434896469116211,3138,0.037574052810668945
236,AES,0.03712177276611328,0.03454399108886719,1730,0.03441309928894043
236,No_Encryption,0.03286242485046387,0.02787494659423828,1378,0.030853986740112305
237,PQC,0.03570985794067383,0.03791022300720215,3138,0.03412985801696777
237,AES,0.02871870994567871,0.02950263023376465,1730,0.029860258102416992
237,No_Encryption,0.029008150100708008,0.027041196823120117,1378,0.031546831130981445
238,PQC,0.03811049461364746,0.032395362854003906,3138,0.03025341033935547
238,AES,0.027994871139526367,0.027710437774658203,1730,0.02800154685974121
238,No_Encryption,0.027269601821899414,0.025456905364990234,1378,0.029919862747192383
239,PQC,0.041506052017211914,0.0333712100982666,3138,0.02976059913635254
239,AES,0.03267645835876465,0.031168222427368164,1730,0.027698516845703125
239,No_Encryption,0.028631210327148438,0.02572917938232422,1378,0.03006434440612793
240,PQC,0.035932064056396484,0.0339663028717041,3138,0.028519392013549805
240,AES,0.03250575065612793,0.03141522407531738,1730,0.027841567993164062
240,No_Encryption,0.02703571319580078,0.025373220443725586,1378,0.029139041900634766
241,PQC,0.03563356399536133,0.036357879638671875,3138,0.03220868110656738
241,AES,0.029541492462158203,0.03035736083984375,1730,0.03121018409729004
241,No_Encryption,0.02626657485961914,0.026248693466186523,1378,0.02892899513244629
242,PQC,0.035474538803100586,0.03250908851623535,3138,0.028116703033447266
242,AES,0.03590106964111328,0.028409481048583984,1730,0.02968573570251465
242,No_Encryption,0.026070833206176758,0.024960756301879883,1378,0.030295133590698242
243,PQC,0.036293745040893555,0.03527092933654785,3138,0.029111146926879883
243,AES,0.03015875816345215,0.029529809951782227,1730,0.032529592514038086
243,No_Encryption,0.03256583213806152,0.026888132095336914,1378,0.031507015228271484
244,PQC,0.036878347396850586,0.035930633544921875,3138,0.03069615364074707
244,AES,0.030576705932617188,0.03017568588256836,1730,0.03263092041015625
244,No_Encryption,0.039224863052368164,0.0290224552154541,1378,0.03398633003234863
245,PQC,0.040326595306396484,0.03352546691894531,3138,0.029929637908935547
245,AES,0.037136077880859375,0.03239035606384277,1730,0.029573440551757812
245,No_Encryption,0.034987449645996094,0.026918411254882812,1378,0.031302690505981445
246,PQC,0.03621101379394531,0.03455018997192383,3138,0.032637596130371094
246,AES,0.032175302505493164,0.029117345809936523,1730,0.028486967086791992
246,No_Encryption,0.031594038009643555,0.025701522827148438,1378,0.02755451202392578
247,PQC,0.0369563102722168,0.03558635711669922,3138,0.02871847152709961
247,AES,0.02999138832092285,0.027942180633544922,1730,0.027383804321289062
247,No_Encryption,0.03963899612426758,0.03186964988708496,1378,0.03087329864501953
248,PQC,0.03694033622741699,0.03807973861694336,3138,0.030966997146606445
248,AES,0.03547787666320801,0.030744552612304688,1730,0.029689788818359375
248,No_Encryption,0.03515291213989258,0.026028871536254883,1378,0.029698848724365234
249,PQC,0.03490304946899414,0.034789085388183594,3138,0.031226634979248047
249,AES,0.030820846557617188,0.02998661994934082,1730,0.028161048889160156
249,No_Encryption,0.030409812927246094,0.0265963077545166,1378,0.03235602378845215
250,PQC,0.0349736213684082,0.03393840789794922,3138,0.029766559600830078
250,AES,0.02763652801513672,0.02835536003112793,1730,0.027793169021606445
250,No_Encryption,0.02679920196533203,0.025583505630493164,1378,0.029654264450073242
251,PQC,0.0374755859375,0.03644371032714844,3138,0.03300070762634277
251,AES,0.03708934783935547,0.03155207633972168,1730,0.030253887176513672
251,No_Encryption,0.028133630752563477,0.02500152587890625,1378,0.031789302825927734
252,PQC,0.03492546081542969,0.03248000144958496,3138,0.02778029441833496
252,AES,0.027471065521240234,0.02730274200439453,1730,0.026308536529541016
252,No_Encryption,0.028681039810180664,0.02672266960144043,1378,0.02567601203918457
253,PQC,0.03488278388977051,0.032637596130371094,3138,0.029587984085083008
253,AES,0.029961109161376953,0.028335094451904297,1730,0.028239965438842773
253,No_Encryption,0.026020288467407227,0.025596141815185547,1378,0.028789520263671875
254,PQC,0.0345463752746582,0.03137040138244629,3138,0.029648542404174805
254,AES,0.030181169509887695,0.02705979347229004,1730,0.02799844741821289
254,No_Encryption,0.026880502700805664,0.026172161102294922,1378,0.02745819091796875
255,PQC,0.03207111358642578,0.03338193893432617,3138,0.0299227237701416
255,AES,0.031128883361816406,0.028509140014648438,1730,0.027314424514770508
255,No_Encryption,0.02750539779663086,0.026607751846313477,1378,0.028760433197021484
256,PQC,0.03441667556762695,0.034586191177368164,3138,0.028443574905395508
256,AES,0.030725479125976562,0.02764415740966797,1730,0.027472257614135742
256,No_Encryption,0.025837182998657227,0.024894237518310547,1378,0.028746843338012695
257,PQC,0.03424835205078125,0.03272867202758789,3138,0.02674245834350586
257,AES,0.02690291404724121,0.027245759963989258,1730,0.02781391143798828
257,No_Encryption,0.030497074127197266,0.027276039123535156,1378,0.02746891975402832
258,PQC,0.03282809257507324,0.032065629959106445,3138,0.029223203659057617
258,AES,0.03167867660522461,0.028517723083496094,1730,0.02921748161315918
258,No_Encryption,0.027111530303955078,0.026663780212402344,1378,0.028769731521606445
259,PQC,0.03485465049743652,0.03298139572143555,3138,0.028023719787597656
259,AES,0.035895586013793945,0.03483462333679199,1730,0.03142380714416504
259,No_Encryption,0.03139543533325195,0.02961444854736328,1378,0.032735347747802734
260,PQC,0.03832697868347168,0.03264904022216797,3138,0.02807307243347168
260,AES,0.029290199279785156,0.029597043991088867,1730,0.02788090705871582
260,No_Encryption,0.03098607063293457,0.025529146194458008,1378,0.03150033950805664
261,PQC,0.03334760665893555,0.032163143157958984,3138,0.029730558395385742
261,AES,0.028500080108642578,0.03030681610107422,1730,0.030002117156982422
261,No_Encryption,0.03103780746459961,0.02499699592590332,1378,0.028083324432373047
262,PQC,0.03563642501831055,0.03479170799255371,3138,0.029789209365844727
262,AES,0.03226184844970703,0.03068852424621582,1730,0.0294189453125
262,No_Encryption,0.032756805419921875,0.026699066162109375,1378,0.031169652938842773
263,PQC,0.03703927993774414,0.0346064567565918,3138,0.027985811233520508
263,AES,0.02907276153564453,0.027243375778198242,1730,0.0284726619720459
263,No_Encryption,0.028513431549072266,0.026909589767456055,1378,0.028037309646606445
264,PQC,0.034522056579589844,0.03191328048706055,3138,0.0291445255279541
264,AES,0.029577970504760742,0.028394222259521484,1730,0.027164936065673828
264,No_Encryption,0.02872490882873535,0.02497577667236328,1378,0.028231143951416016
265,PQC,0.034459829330444336,0.0334317684173584,3138,0.02908015251159668
265,AES,0.028247594833374023,0.027025938034057617,1730,0.026685237884521484
265,No_Encryption,0.02846670150756836,0.02408456802368164,1378,0.02928018569946289
266,PQC,0.03284120559692383,0.033698081970214844,3138,0.03046250343322754
266,AES,0.03025984764099121,0.02908635139465332,1730,0.0294647216796875
266,No_Encryption,0.026908159255981445,0.026381254196166992,1378,0.029086828231811523
267,PQC,0.033293962478637695,0.03204345703125,3138,0.026952266693115234
267,AES,0.028626680374145508,0.02883172035217285,1730,0.028619050979614258
267,No_Encryption,0.027248382568359375,0.025310993194580078,1378,0.028383731842041016
268,PQC,0.04178285598754883,0.032869577407836914,3138,0.028716564178466797
268,AES,0.02968597412109375,0.03017401695251465,1730,0.029085874557495117
268,No_Encryption,0.02917790412902832,0.025645971298217773,1378,0.028187274932861328
269,PQC,0.03262734413146973,0.03234267234802246,3138,0.026959657669067383
269,AES,0.027276992797851562,0.027650117874145508,1730,0.027714967727661133
269,No_Encryption,0.02823781967163086,0.024555206298828125,1378,0.029947757720947266
270,PQC,0.03333878517150879,0.03222799301147461,3138,0.02731037139892578
270,AES,0.029042959213256836,0.027517318725585938,1730,0.028896808624267578
270,No_Encryption,0.025389671325683594,0.02441883087158203,1378,0.02862715721130371
271,PQC,0.033245086669921875,0.03335428237915039,3138,0.028562307357788086
271,AES,0.0326387882232666,0.028802871704101562,1730,0.041721343994140625
271,No_Encryption,0.049893856048583984,0.03343653678894043,1378,0.03612184524536133
272,PQC,0.04065680503845215,0.041182518005371094,3138,0.036095380783081055
272,AES,0.03558468818664551,0.03141593933105469,1730,0.03139829635620117
272,No_Encryption,0.03184962272644043,0.02958822250366211,1378,0.03072357177734375
273,PQC,0.03706026077270508,0.036460161209106445,3138,0.029314279556274414
273,AES,0.03294253349304199,0.03107452392578125,1730,0.030338525772094727
273,No_Encryption,0.02801370620727539,0.0279998779296875,1378,0.029259920120239258
274,PQC,0.035260677337646484,0.03186845779418945,3138,0.02956366539001465
274,AES,0.03138375282287598,0.028525114059448242,1730,0.02707672119140625
274,No_Encryption,0.030773639678955078,0.024845600128173828,1378,0.027901649475097656
275,PQC,0.03486895561218262,0.03211784362792969,3138,0.028975963592529297
275,AES,0.03103327751159668,0.03336358070373535,1730,0.031016826629638672
275,No_Encryption,0.031977176666259766,0.027213096618652344,1378,0.027942419052124023
276,PQC,0.038736581802368164,0.0342864990234375,3138,0.029807329177856445
276,AES,0.030081987380981445,0.029704809188842773,1730,0.029874086380004883
276,No_Encryption,0.027679443359375,0.02804851531982422,1378,0.0309908390045166
277,PQC,0.03510451316833496,0.03699517250061035,3138,0.028551340103149414
277,AES,0.029497861862182617,0.02971482276916504,1730,0.02885890007019043
277,No_Encryption,0.027703285217285156,0.025737524032592773,1378,0.026799917221069336
278,PQC,0.03333258628845215,0.03180432319641113,3138,0.027951717376708984
278,AES,0.037343740463256836,0.028439044952392578,1730,0.027613401412963867
278,No_Encryption,0.02822399139404297,0.02929520606994629,1378,0.028035402297973633
279,PQC,0.033057212829589844,0.03666567802429199,3138,0.031162738800048828
279,AES,0.027323484420776367,0.03021860122680664,1730,0.03235960006713867
279,No_Encryption,0.030671358108520508,0.026123523712158203,1378,0.031777381896972656
280,PQC,0.03361845016479492,0.03239083290100098,3138,0.031736135482788086
280,AES,0.03151416778564453,0.026684999465942383,1730,0.030139923095703125
280,No_Encryption,0.029959678649902344,0.025287151336669922,1378,0.02704477310180664
281,PQC,0.03789067268371582,0.03180432319641113,3138,0.029119014739990234
281,AES,0.032247304916381836,0.028200626373291016,1730,0.029247283935546875
281,No_Encryption,0.02773427963256836,0.025453567504882812,1378,0.029888629913330078
282,PQC,0.03310680389404297,0.03141951560974121,3138,0.027922630310058594
282,AES,0.027215957641601562,0.028658628463745117,1730,0.02678823471069336
282,No_Encryption,0.026627302169799805,0.0255887508392334,1378,0.02625727653503418
283,PQC,0.032810211181640625,0.0320889949798584,3138,0.028144121170043945
283,AES,0.027661800384521484,0.02758479118347168,1730,0.03166460990905762
283,No_Encryption,0.03607797622680664,0.02875971794128418,1378,0.033623456954956055
284,PQC,0.037206411361694336,0.037346839904785156,3138,0.033158302307128906
284,AES,0.02958822250366211,0.029918193817138672,1730,0.0297393798828125
284,No_Encryption,0.03211545944213867,0.027817964553833008,1378,0.03468012809753418
285,PQC,0.03910064697265625,0.03208422660827637,3138,0.03007197380065918
285,AES,0.029510021209716797,0.027657508850097656,1730,0.029356002807617188
285,No_Encryption,0.031424760818481445,0.024357080459594727,1378,0.02933025360107422
286,PQC,0.03417229652404785,0.0335385799407959,3138,0.031129121780395508
286,AES,0.027808427810668945,0.028963327407836914,1730,0.02997565269470215
286,No_Encryption,0.02786731719970703,0.022850751876831055,1378,0.027721643447875977
287,PQC,0.034949541091918945,0.031103849411010742,3138,0.026449203491210938
287,AES,0.02992534637451172,0.027635812759399414,1730,0.028893470764160156
287,No_Encryption,0.032143354415893555,0.02546381950378418,1378,0.02815723419189453
288,PQC,0.037156105041503906,0.03180551528930664,3138,0.02892923355102539
288,AES,0.03297543525695801,0.02990269660949707,1730,0.03046393394470215
288,No_Encryption,0.03613162040710449,0.028177738189697266,1378,0.03194737434387207
289,PQC,0.04330015182495117,0.03399944305419922,3138,0.0290224552154541
289,AES,0.029683828353881836,0.02855706214904785,1730,0.02731800079345703
289,No_Encryption,0.03408169746398926,0.026330232620239258,1378,0.03064250946044922
290,PQC,0.033698320388793945,0.03200244903564453,3138,0.028727293014526367
290,AES,0.02893972396850586,0.028150558471679688,1730,0.027613162994384766
290,No_Encryption,0.026651620864868164,0.025783300399780273,1378,0.02976226806640625
291,PQC,0.032595157623291016,0.032604217529296875,3138,0.028944730758666992
291,AES,0.0386660099029541,0.03460335731506348,1730,0.031597137451171875
291,No_Encryption,0.03217005729675293,0.029346227645874023,1378,0.0299527645111084
292,PQC,0.046031951904296875,0.03629493713378906,3138,0.029322147369384766
292,AES,0.03252291679382324,0.030768632888793945,1730,0.031063318252563477
292,No_Encryption,0.029532194137573242,0.02795577049255371,1378,0.031558990478515625
293,PQC,0.03913521766662598,0.033420562744140625,3138,0.029753684997558594
293,AES,0.03241133689880371,0.029367685317993164,1730,0.03197646141052246
293,No_Encryption,0.02913808822631836,0.02690887451171875,1378,0.03132367134094238
294,PQC,0.032979726791381836,0.03209400177001953,3138,0.030239582061767578
294,AES,0.03714179992675781,0.030392885208129883,1730,0.0300595760345459
294,No_Encryption,0.028470993041992188,0.027225732803344727,1378,0.03199434280395508
295,PQC,0.056545257568359375,0.041892051696777344,3138,0.03483986854553223
295,AES,0.034722328186035156,0.0331571102142334,1730,0.03049612045288086
295,No_Encryption,0.030356168746948242,0.028375625610351562,1378,0.029782533645629883
296,PQC,0.04204154014587402,0.03435707092285156,3138,0.029888629913330078
296,AES,0.03180265426635742,0.030350208282470703,1730,0.030504703521728516
296,No_Encryption,0.025969266891479492,0.02854752540588379,1378,0.02834486961364746
297,PQC,0.03312349319458008,0.03307294845581055,3138,0.028973102569580078
297,AES,0.029523372650146484,0.02898430824279785,1730,0.02962207794189453
297,No_Encryption,0.029796600341796875,0.026235103607177734,1378,0.02871561050415039
298,PQC,0.0334630012512207,0.03327345848083496,3138,0.02737116813659668
298,AES,0.03094005584716797,0.02883601188659668,1730,0.0277099609375
298,No_Encryption,0.025144338607788086,0.023563623428344727,1378,0.027074098587036133
299,PQC,0.03322267532348633,0.03069758415222168,3138,0.026879549026489258
299,AES,0.03885459899902344,0.02857184410095215,1730,0.02965569496154785
299,No_Encryption,0.027128219604492188,0.024436473846435547,1378,0.030354022979736328
300,PQC,0.03435873985290527,0.03379464149475098,3138,0.03054952621459961
300,AES,0.02934885025024414,0.031083106994628906,1730,0.027033329010009766
300,No_Encryption,0.028609752655029297,0.027051687240600586,1378,0.03111100196838379
301,PQC,0.034395694732666016,0.03276801109313965,3138,0.026489734649658203
301,AES,0.030263423919677734,0.03140068054199219,1730,0.028354167938232422
301,No_Encryption,0.026871919631958008,0.026029348373413086,1378,0.02751946449279785
302,PQC,0.03440666198730469,0.03106236457824707,3138,0.02723383903503418
302,AES,0.02716660499572754,0.029202938079833984,1730,0.026146650314331055
302,No_Encryption,0.02802252769470215,0.0253908634185791,1378,0.0281827449798584
303,PQC,0.03433346748352051,0.032494306564331055,3138,0.029585838317871094
303,AES,0.028285980224609375,0.028021812438964844,1730,0.026180267333984375
303,No_Encryption,0.029186010360717773,0.02466416358947754,1378,0.02789902687072754
304,PQC,0.03412818908691406,0.03101038932800293,3138,0.02917766571044922
304,AES,0.02962636947631836,0.027444839477539062,1730,0.028415918350219727
304,No_Encryption,0.02682042121887207,0.023995399475097656,1378,0.02652597427368164
305,PQC,0.03748798370361328,0.03181886672973633,3138,0.026432514190673828
305,AES,0.027440786361694336,0.028810739517211914,1730,0.029585838317871094
305,No_Encryption,0.027070283889770508,0.025728225708007812,1378,0.0294802188873291
306,PQC,0.033956289291381836,0.03484511375427246,3138,0.028243064880371094
306,AES,0.030310630798339844,0.031094074249267578,1730,0.028008699417114258
306,No_Encryption,0.03626513481140137,0.031566619873046875,1378,0.032987117767333984
307,PQC,0.03825187683105469,0.03366279602050781,3138,0.028840303421020508
307,AES,0.03201889991760254,0.029991865158081055,1730,0.0265805721282959
307,No_Encryption,0.029251813888549805,0.02562403678894043,1378,0.03384709358215332
308,PQC,0.03571295738220215,0.03321433067321777,3138,0.02957320213317871
308,AES,0.03213000297546387,0.03032231330871582,1730,0.027484416961669922
308,No_Encryption,0.035962820053100586,0.025952577590942383,1378,0.03022146224975586
309,PQC,0.03439784049987793,0.03250718116760254,3138,0.0276029109954834
309,AES,0.028629302978515625,0.02798938751220703,1730,0.025861263275146484
309,No_Encryption,0.029919862747192383,0.02500605583190918,1378,0.02826070785522461
310,PQC,0.0332489013671875,0.03397989273071289,3138,0.028228759765625
310,AES,0.03152346611022949,0.028135061264038086,1730,0.02951955795288086
310,No_Encryption,0.029962778091430664,0.02548050880432129,1378,0.02959752082824707
311,PQC,0.03605318069458008,0.034169912338256836,3138,0.02928447723388672
311,AES,0.033016204833984375,0.031651973724365234,1730,0.02960968017578125
311,No_Encryption,0.029906034469604492,0.02608966827392578,1378,0.030092239379882812
312,PQC,0.033579111099243164,0.0320591926574707,3138,0.028924942016601562
312,AES,0.03420615196228027,0.027901887893676758,1730,0.029054880142211914
312,No_Encryption,0.032019615173339844,0.026826143264770508,1378,0.028729915618896484
313,PQC,0.03756403923034668,0.03032374382019043,3138,0.02906966209411621
313,AES,0.02743673324584961,0.028476953506469727,1730,0.027981042861938477
313,No_Encryption,0.028994321823120117,0.025146484375,1378,0.027344226837158203
314,PQC,0.03192543983459473,0.03028392791748047,3138,0.027182340621948242
314,AES,0.027671098709106445,0.026641368865966797,1730,0.02623128890991211
314,No_Encryption,0.029474973678588867,0.02636122703552246,1378,0.030940532684326172
315,PQC,0.03276395797729492,0.031691551208496094,3138,0.026999235153198242
315,AES,0.028215885162353516,0.027063608169555664,1730,0.02675485610961914
315,No_Encryption,0.030793190002441406,0.02568840980529785,1378,0.029062747955322266
316,PQC,0.03313803672790527,0.030353307723999023,3138,0.026979446411132812
316,AES,0.029509544372558594,0.028391599655151367,1730,0.0271759033203125
316,No_Encryption,0.024591922760009766,0.026724576950073242,1378,0.029257535934448242
317,PQC,0.03265047073364258,0.03249239921569824,3138,0.027805566787719727
317,AES,0.02631664276123047,0.02712869644165039,1730,0.026987791061401367
317,No_Encryption,0.02936577796936035,0.025031328201293945,1378,0.027904033660888672
318,PQC,0.03993391990661621,0.03348374366760254,3138,0.0299072265625
318,AES,0.05289649963378906,0.03296923637390137,1730,0.03301835060119629
318,No_Encryption,0.032000064849853516,0.027135610580444336,1378,0.03117823600769043
319,PQC,0.03976607322692871,0.03251218795776367,3138,0.027514934539794922
319,AES,0.03534698486328125,0.029783248901367188,1730,0.030530691146850586
319,No_Encryption,0.02827143669128418,0.027979373931884766,1378,0.029643774032592773
320,PQC,0.04117250442504883,0.03209662437438965,3138,0.032598257064819336
320,AES,0.028673171997070312,0.029546260833740234,1730,0.02914142608642578
320,No_Encryption,0.030638933181762695,0.0260927677154541,1378,0.02944493293762207
321,PQC,0.03785872459411621,0.034671783447265625,3138,0.030547618865966797
321,AES,0.03484034538269043,0.03162741661071777,1730,0.028719186782836914
321,No_Encryption,0.031240463256835938,0.0249173641204834,1378,0.029829740524291992
322,PQC,0.04483485221862793,0.03319716453552246,3138,0.026853084564208984
322,AES,0.029409408569335938,0.028009653091430664,1730,0.02754688262939453
322,No_Encryption,0.028267621994018555,0.024664878845214844,1378,0.029143333435058594
323,PQC,0.03479480743408203,0.0321962833404541,3138,0.027069091796875
323,AES,0.02901458740234375,0.02764296531677246,1730,0.026630401611328125
323,No_Encryption,0.027461767196655273,0.025789260864257812,1378,0.02942490577697754
324,PQC,0.034586191177368164,0.033596038818359375,3138,0.02957916259765625
324,AES,0.028614521026611328,0.029612302780151367,1730,0.027453184127807617
324,No_Encryption,0.027103900909423828,0.025476455688476562,1378,0.02982330322265625
325,PQC,0.034766435623168945,0.03381848335266113,3138,0.028384923934936523
325,AES,0.031108856201171875,0.028696298599243164,1730,0.027785539627075195
325,No_Encryption,0.031096220016479492,0.025317668914794922,1378,0.028389930725097656
326,PQC,0.03304100036621094,0.031906843185424805,3138,0.026683807373046875
326,AES,0.030315399169921875,0.030030250549316406,1730,0.027954578399658203
326,No_Encryption,0.027775049209594727,0.025966882705688477,1378,0.02830028533935547
327,PQC,0.03205680847167969,0.03214001655578613,3138,0.027299880981445312
327,AES,0.028074026107788086,0.027416706085205078,1730,0.02730536460876465
327,No_Encryption,0.027826309204101562,0.025816917419433594,1378,0.027446985244750977
328,PQC,0.03524327278137207,0.033074140548706055,3138,0.030315637588500977
328,AES,0.032230377197265625,0.028835773468017578,1730,0.026497840881347656
328,No_Encryption,0.027918338775634766,0.025828123092651367,1378,0.029267549514770508
329,PQC,0.034537315368652344,0.030286312103271484,3138,0.02640390396118164
329,AES,0.03045940399169922,0.02747821807861328,1730,0.030193567276000977
329,No_Encryption,0.03513002395629883,0.025522232055664062,1378,0.027563095092773438
330,PQC,0.03257870674133301,0.03052806854248047,3138,0.026988983154296875
330,AES,0.03583788871765137,0.029019832611083984,1730,0.026613235473632812
330,No_Encryption,0.033141136169433594,0.025332927703857422,1378,0.027781248092651367
331,PQC,0.03196549415588379,0.0322115421295166,3138,0.028415679931640625
331,AES,0.02748394012451172,0.033989667892456055,1730,0.03827834129333496
331,No_Encryption,0.034314870834350586,0.02813410758972168,1378,0.032274723052978516
332,PQC,0.035962581634521484,0.0353090763092041,3138,0.028369426727294922
332,AES,0.030359268188476562,0.0285489559173584,1730,0.030537128448486328
332,No_Encryption,0.02739858627319336,0.025365591049194336,1378,0.03022027015686035
333,PQC,0.03440356254577637,0.03535652160644531,3138,0.030141353607177734
333,AES,0.029750585556030273,0.031944990158081055,1730,0.02953624725341797
333,No_Encryption,0.03106403350830078,0.025841712951660156,1378,0.029294729232788086
334,PQC,0.03813576698303223,0.03344154357910156,3138,0.02783823013305664
334,AES,0.03176426887512207,0.027828454971313477,1730,0.0300295352935791
334,No_Encryption,0.031167984008789062,0.02561664581298828,1378,0.027844905853271484
335,PQC,0.034157514572143555,0.03309440612792969,3138,0.026964664459228516
335,AES,0.030513763427734375,0.028734683990478516,1730,0.026906251907348633
335,No_Encryption,0.027041912078857422,0.02440047264099121,1378,0.027600765228271484
336,PQC,0.03538632392883301,0.03445076942443848,3138,0.028512001037597656
336,AES,0.0306088924407959,0.029448270797729492,1730,0.0291903018951416
336,No_Encryption,0.02773904800415039,0.026814699172973633,1378,0.03133797645568848
337,PQC,0.036341190338134766,0.0366058349609375,3138,0.027940750122070312
337,AES,0.03248167037963867,0.02771902084350586,1730,0.02666020393371582
337,No_Encryption,0.02975606918334961,0.024419546127319336,1378,0.026019573211669922
338,PQC,0.03182339668273926,0.03012990951538086,3138,0.028404712677001953
338,AES,0.030196428298950195,0.028296709060668945,1730,0.030303001403808594
338,No_Encryption,0.02761387825012207,0.024453163146972656,1378,0.029842376708984375
339,PQC,0.033936262130737305,0.030564546585083008,3138,0.027924537658691406
339,AES,0.03330874443054199,0.030243873596191406,1730,0.029570817947387695
339,No_Encryption,0.03253960609436035,0.02414846420288086,1378,0.030299901962280273
340,PQC,0.03336191177368164,0.032291412353515625,3138,0.03168225288391113
340,AES,0.02837085723876953,0.02850627899169922,1730,0.027508258819580078
340,No_Encryption,0.02677631378173828,0.02479267120361328,1378,0.02806830406188965
341,PQC,0.03435254096984863,0.032610177993774414,3138,0.030511856079101562
341,AES,0.03021550178527832,0.029230594635009766,1730,0.02945232391357422
341,No_Encryption,0.031147480010986328,0.025531768798828125,1378,0.028926610946655273
342,PQC,0.036333322525024414,0.03198671340942383,3138,0.027049541473388672
342,AES,0.030748367309570312,0.02823042869567871,1730,0.031056880950927734
342,No_Encryption,0.026056766510009766,0.0241544246673584,1378,0.028728008270263672
343,PQC,0.03245377540588379,0.03660917282104492,3138,0.03403806686401367
343,AES,0.030858516693115234,0.028311491012573242,1730,0.029644012451171875
343,No_Encryption,0.03260636329650879,0.026137113571166992,1378,0.027689456939697266
344,PQC,0.03341197967529297,0.03347921371459961,3138,0.027935028076171875
344,AES,0.032820701599121094,0.02818131446838379,1730,0.029383420944213867
344,No_Encryption,0.02629375457763672,0.02503800392150879,1378,0.02989053726196289
345,PQC,0.03213620185852051,0.031190156936645508,3138,0.028302669525146484
345,AES,0.02946758270263672,0.028942346572875977,1730,0.028790950775146484
345,No_Encryption,0.03257918357849121,0.023433446884155273,1378,0.028344154357910156
346,PQC,0.031934261322021484,0.03195953369140625,3138,0.026715993881225586
346,AES,0.026825666427612305,0.027065277099609375,1730,0.028061628341674805
346,No_Encryption,0.030007123947143555,0.02474379539489746,1378,0.029826879501342773
347,PQC,0.031069278717041016,0.03470921516418457,3138,0.03209853172302246
347,AES,0.025723695755004883,0.02515387535095215,1730,0.024379968643188477
347,No_Encryption,0.025521278381347656,0.01871490478515625,1378,0.0193631649017334
348,PQC,0.022324085235595703,0.02183699607849121,3138,0.019044160842895508
348,AES,0.019144773483276367,0.02007746696472168,1730,0.019608020782470703
348,No_Encryption,0.01923203468322754,0.016758441925048828,1378,0.02067279815673828
349,PQC,0.021067142486572266,0.02076101303100586,3138,0.01830601692199707
349,AES,0.018590211868286133,0.01805591583251953,1730,0.01808452606201172
349,No_Encryption,0.018233060836791992,0.015855789184570312,1378,0.01929163932800293
350,PQC,0.021154403686523438,0.020058155059814453,3138,0.01779317855834961
350,AES,0.02237391471862793,0.018462657928466797,1730,0.01903820037841797
350,No_Encryption,0.017811059951782227,0.015816211700439453,1378,0.017836570739746094
351,PQC,0.021704435348510742,0.019634485244750977,3138,0.01754593849182129
351,AES,0.018881559371948242,0.01834893226623535,1730,0.018164396286010742
351,No_Encryption,0.01738142967224121,0.015386104583740234,1378,0.018683433532714844
352,PQC,0.02348613739013672,0.020380020141601562,3138,0.017966508865356445
352,AES,0.019655942916870117,0.019504308700561523,1730,0.01974344253540039
352,No_Encryption,0.019535541534423828,0.018349409103393555,1378,0.019186973571777344
353,PQC,0.025848865509033203,0.023965835571289062,3138,0.019871950149536133
353,AES,0.026532888412475586,0.02142620086669922,1730,0.022528409957885742
353,No_Encryption,0.02276778221130371,0.020959138870239258,1378,0.025322437286376953
354,PQC,0.02592754364013672,0.02672410011291504,3138,0.023271799087524414
354,AES,0.024970054626464844,0.02583932876586914,1730,0.02519845962524414
354,No_Encryption,0.023793458938598633,0.023761987686157227,1378,0.026199817657470703
355,PQC,0.030902624130249023,0.03126239776611328,3138,0.026887893676757812
355,AES,0.02863335609436035,0.026346445083618164,1730,0.02463054656982422
355,No_Encryption,0.031191587448120117,0.025548934936523438,1378,0.03074932098388672
356,PQC,0.0342562198638916,0.03312110900878906,3138,0.029054641723632812
356,AES,0.04171347618103027,0.025836706161499023,1730,0.024255990982055664
356,No_Encryption,0.02517867088317871,0.020024776458740234,1378,0.022124767303466797
357,PQC,0.026747941970825195,0.022917747497558594,3138,0.020398855209350586
357,AES,0.024725914001464844,0.018912076950073242,1730,0.01936793327331543
357,No_Encryption,0.019053936004638672,0.01732015609741211,1378,0.018120765686035156
358,PQC,0.02631092071533203,0.021601438522338867,3138,0.017952442169189453
358,AES,0.018950939178466797,0.01805710792541504,1730,0.0200347900390625
358,No_Encryption,0.017211437225341797,0.016210556030273438,1378,0.018607378005981445
359,PQC,0.02230358123779297,0.020965576171875,3138,0.018400192260742188
359,AES,0.02566051483154297,0.01929020881652832,1730,0.01933455467224121
359,No_Encryption,0.017522096633911133,0.016692161560058594,1378,0.01786971092224121
360,PQC,0.02327442169189453,0.020523548126220703,3138,0.017857074737548828
360,AES,0.022176504135131836,0.017038345336914062,1730,0.01987743377685547
360,No_Encryption,0.0180971622467041,0.01726984977722168,1378,0.01958012580871582
361,PQC,0.023827552795410156,0.020403623580932617,3138,0.018227815628051758
361,AES,0.024233579635620117,0.01797342300415039,1730,0.019922256469726562
361,No_Encryption,0.019927978515625,0.018849611282348633,1378,0.01971602439880371
362,PQC,0.025928258895874023,0.025350332260131836,3138,0.022075414657592773
362,AES,0.022638559341430664,0.022740602493286133,1730,0.024690866470336914
362,No_Encryption,0.02406620979309082,0.02200627326965332,1378,0.023522615432739258
363,PQC,0.028244733810424805,0.02695178985595703,3138,0.025235891342163086
363,AES,0.027953147888183594,0.0280306339263916,1730,0.024838924407958984
363,No_Encryption,0.023792266845703125,0.024006366729736328,1378,0.025922775268554688
364,PQC,0.03155231475830078,0.029711246490478516,3138,0.028302669525146484
364,AES,0.03285622596740723,0.027564525604248047,1730,0.026994943618774414
364,No_Encryption,0.02633357048034668,0.02355337142944336,1378,0.027220487594604492
365,PQC,0.034935951232910156,0.032866477966308594,3138,0.02772235870361328
365,AES,0.026903867721557617,0.027539730072021484,1730,0.027365446090698242
365,No_Encryption,0.02628493309020996,0.025252103805541992,1378,0.029996871948242188
366,PQC,0.03241705894470215,0.03182530403137207,3138,0.02755284309387207
366,AES,0.0334317684173584,0.029398202896118164,1730,0.027739763259887695
366,No_Encryption,0.02860116958618164,0.026325464248657227,1378,0.02896595001220703
367,PQC,0.03702688217163086,0.03224992752075195,3138,0.026632070541381836
367,AES,0.029892444610595703,0.02835536003112793,1730,0.02731633186340332
367,No_Encryption,0.02867913246154785,0.0268557071685791,1378,0.028875112533569336
368,PQC,0.03603315353393555,0.031714677810668945,3138,0.028140544891357422
368,AES,0.0355532169342041,0.027048110961914062,1730,0.032058000564575195
368,No_Encryption,0.029895782470703125,0.02528238296508789,1378,0.02741837501525879
369,PQC,0.03136706352233887,0.03306317329406738,3138,0.02724599838256836
369,AES,0.02818918228149414,0.026531696319580078,1730,0.026717662811279297
369,No_Encryption,0.027413606643676758,0.027298927307128906,1378,0.0363006591796875
370,PQC,0.046801090240478516,0.035855770111083984,3138,0.031874656677246094
370,AES,0.03025364875793457,0.031203508377075195,1730,0.028560638427734375
370,No_Encryption,0.03178238868713379,0.02823472023010254,1378,0.027439594268798828
371,PQC,0.0376889705657959,0.03475379943847656,3138,0.029443979263305664
371,AES,0.031378984451293945,0.02823019027709961,1730,0.029923200607299805
371,No_Encryption,0.028579235076904297,0.02649521827697754,1378,0.028282642364501953
372,PQC,0.034336090087890625,0.034749746322631836,3138,0.02639007568359375
372,AES,0.028492212295532227,0.026265621185302734,1730,0.026634693145751953
372,No_Encryption,0.026792049407958984,0.025074243545532227,1378,0.028317928314208984
373,PQC,0.03445863723754883,0.031013965606689453,3138,0.026630878448486328
373,AES,0.02818441390991211,0.02775859832763672,1730,0.02644062042236328
373,No_Encryption,0.02633810043334961,0.025313854217529297,1378,0.028473377227783203
374,PQC,0.03217673301696777,0.03163003921508789,3138,0.0269773006439209
374,AES,0.028189420700073242,0.02805042266845703,1730,0.028673887252807617
374,No_Encryption,0.026121854782104492,0.02378678321838379,1378,0.029633045196533203
375,PQC,0.03605794906616211,0.0318150520324707,3138,0.028368473052978516
375,AES,0.031510114669799805,0.028750896453857422,1730,0.02864360809326172
375,No_Encryption,0.02698349952697754,0.02379775047302246,1378,0.028127670288085938
376,PQC,0.034374237060546875,0.035125732421875,3138,0.028800010681152344
376,AES,0.0352787971496582,0.029610872268676758,1730,0.02764892578125
376,No_Encryption,0.02687358856201172,0.02656722068786621,1378,0.027619123458862305
377,PQC,0.03670310974121094,0.03272390365600586,3138,0.03195905685424805
377,AES,0.028362512588500977,0.02844691276550293,1730,0.029135704040527344
377,No_Encryption,0.03198099136352539,0.027764081954956055,1378,0.03105950355529785
378,PQC,0.03488945960998535,0.033319950103759766,3138,0.029804468154907227
378,AES,0.02776336669921875,0.029135465621948242,1730,0.028767108917236328
378,No_Encryption,0.02719569206237793,0.025597810745239258,1378,0.032486677169799805
379,PQC,0.034378767013549805,0.03234601020812988,3138,0.030144929885864258
379,AES,0.02895641326904297,0.029006481170654297,1730,0.02808213233947754
379,No_Encryption,0.029132366180419922,0.025362491607666016,1378,0.026772022247314453
380,PQC,0.03854680061340332,0.032109737396240234,3138,0.027121305465698242
380,AES,0.03198957443237305,0.02884078025817871,1730,0.028134822845458984
380,No_Encryption,0.029833078384399414,0.026007413864135742,1378,0.026451587677001953
381,PQC,0.03993082046508789,0.030066490173339844,3138,0.026264190673828125
381,AES,0.02685856819152832,0.02814173698425293,1730,0.026392698287963867
381,No_Encryption,0.03811526298522949,0.028881549835205078,1378,0.03126382827758789
382,PQC,0.037485599517822266,0.03187370300292969,3138,0.03108978271484375
382,AES,0.031100988388061523,0.0309295654296875,1730,0.0304412841796875
382,No_Encryption,0.0287320613861084,0.025074005126953125,1378,0.028212547302246094
383,PQC,0.03410744667053223,0.031104564666748047,3138,0.02989482879638672
383,AES,0.029707908630371094,0.028942584991455078,1730,0.029006242752075195
383,No_Encryption,0.02939128875732422,0.025362730026245117,1378,0.029742956161499023
384,PQC,0.0345759391784668,0.032076358795166016,3138,0.02782583236694336
384,AES,0.02943730354309082,0.02869129180908203,1730,0.02860260009765625
384,No_Encryption,0.029813766479492188,0.025873184204101562,1378,0.027004718780517578
385,PQC,0.033322811126708984,0.03240537643432617,3138,0.0302274227142334
385,AES,0.028642892837524414,0.029723167419433594,1730,0.028054237365722656
385,No_Encryption,0.02797842025756836,0.026578664779663086,1378,0.026891469955444336
386,PQC,0.03285861015319824,0.030778169631958008,3138,0.028756380081176758
386,AES,0.02735114097595215,0.027788639068603516,1730,0.029051542282104492
386,No_Encryption,0.029476165771484375,0.02383589744567871,1378,0.027382612228393555
387,PQC,0.037656307220458984,0.0309295654296875,3138,0.025713443756103516
387,AES,0.031555891036987305,0.028371572494506836,1730,0.026901721954345703
387,No_Encryption,0.02976059913635254,0.025363445281982422,1378,0.02969837188720703
388,PQC,0.03485584259033203,0.03218698501586914,3138,0.030009031295776367
388,AES,0.03332805633544922,0.028410673141479492,1730,0.0291593074798584
388,No_Encryption,0.03146791458129883,0.024195432662963867,1378,0.027167558670043945
389,PQC,0.03473258018493652,0.027603864669799805,3138,0.02130579948425293
389,AES,0.022299766540527344,0.021153926849365234,1730,0.02130913734436035
389,No_Encryption,0.020630359649658203,0.01902318000793457,1378,0.019825458526611328
390,PQC,0.022377490997314453,0.021445035934448242,3138,0.018672943115234375
390,AES,0.02620387077331543,0.019589662551879883,1730,0.01794147491455078
390,No_Encryption,0.017090797424316406,0.016943693161010742,1378,0.019002199172973633
391,PQC,0.021066665649414062,0.020609140396118164,3138,0.016846179962158203
391,AES,0.018951892852783203,0.01704859733581543,1730,0.018685579299926758
391,No_Encryption,0.01796889305114746,0.015726804733276367,1378,0.01989459991455078
392,PQC,0.021105527877807617,0.020536184310913086,3138,0.01769399642944336
392,AES,0.018157005310058594,0.017702817916870117,1730,0.018292903900146484
392,No_Encryption,0.018190860748291016,0.015578508377075195,1378,0.018651247024536133
393,PQC,0.02204608917236328,0.020217180252075195,3138,0.019114017486572266
393,AES,0.01896953582763672,0.017809391021728516,1730,0.017535686492919922
393,No_Encryption,0.0199739933013916,0.016147136688232422,1378,0.01703786849975586
394,PQC,0.02367877960205078,0.020481586456298828,3138,0.018123149871826172
394,AES,0.021224498748779297,0.01934981346130371,1730,0.018903255462646484
394,No_Encryption,0.019248008728027344,0.018049955368041992,1378,0.019901037216186523
395,PQC,0.025646448135375977,0.023782968521118164,3138,0.020445585250854492
395,AES,0.02562093734741211,0.025097370147705078,1730,0.030231952667236328
395,No_Encryption,0.026232481002807617,0.023479223251342773,1378,0.025606632232666016
396,PQC,0.030361652374267578,0.03269767761230469,3138,0.02777099609375
396,AES,0.030272960662841797,0.02721428871154785,1730,0.026017427444458008
396,No_Encryption,0.025402307510375977,0.024532318115234375,1378,0.027128934860229492
397,PQC,0.032532691955566406,0.030457019805908203,3138,0.02750682830810547
397,AES,0.02880263328552246,0.029340028762817383,1730,0.02970409393310547
397,No_Encryption,0.02672600746154785,0.02486562728881836,1378,0.028216838836669922
398,PQC,0.03603625297546387,0.03191709518432617,3138,0.027061939239501953
398,AES,0.03185582160949707,0.02747964859008789,1730,0.026604890823364258
398,No_Encryption,0.024938344955444336,0.02404308319091797,1378,0.031845808029174805
399,PQC,0.033254146575927734,0.032038211822509766,3138,0.02911972999572754
399,AES,0.03271961212158203,0.02816176414489746,1730,0.027272462844848633
399,No_Encryption,0.027848005294799805,0.02575397491455078,1378,0.027370691299438477
400,PQC,0.03361392021179199,0.029469728469848633,3138,0.030095815658569336
400,AES,0.02998661994934082,0.029217243194580078,1730,0.027890920639038086
400,No_Encryption,0.02955937385559082,0.024734020233154297,1378,0.030375957489013672
401,PQC,0.03322625160217285,0.030429601669311523,3138,0.027783870697021484
401,AES,0.029303789138793945,0.028098583221435547,1730,0.02702164649963379
401,No_Encryption,0.030597686767578125,0.02572917938232422,1378,0.028643131256103516
402,PQC,0.031167984008789062,0.031595706939697266,3138,0.028277158737182617
402,AES,0.028877973556518555,0.02808690071105957,1730,0.030470848083496094
402,No_Encryption,0.035398006439208984,0.02711200714111328,1378,0.031505584716796875
403,PQC,0.037776947021484375,0.03360557556152344,3138,0.029631376266479492
403,AES,0.033194541931152344,0.029507160186767578,1730,0.030650854110717773
403,No_Encryption,0.030586719512939453,0.02562403678894043,1378,0.029354095458984375
404,PQC,0.03380632400512695,0.030310392379760742,3138,0.02841353416442871
404,AES,0.02741527557373047,0.031196117401123047,1730,0.027493953704833984
404,No_Encryption,0.02962660789489746,0.025413036346435547,1378,0.02846693992614746
405,PQC,0.026994705200195312,0.025531530380249023,3138,0.022263050079345703
405,AES,0.022989511489868164,0.021453857421875,1730,0.019895076751708984
405,No_Encryption,0.018607378005981445,0.017879009246826172,1378,0.019080162048339844
406,PQC,0.023668766021728516,0.02209186553955078,3138,0.017714977264404297
406,AES,0.021533489227294922,0.01848292350769043,1730,0.018330812454223633
406,No_Encryption,0.018587112426757812,0.016318559646606445,1378,0.01908707618713379
407,PQC,0.02099442481994629,0.020842552185058594,3138,0.017630815505981445
407,AES,0.019870996475219727,0.017261028289794922,1730,0.019236087799072266
407,No_Encryption,0.02171182632446289,0.0158994197845459,1378,0.018369197845458984
408,PQC,0.022468090057373047,0.02008223533630371,3138,0.01653122901916504
408,AES,0.02403426170349121,0.018059730529785156,1730,0.01675105094909668
408,No_Encryption,0.018540620803833008,0.01658797264099121,1378,0.01829051971435547
409,PQC,0.020677566528320312,0.02112746238708496,3138,0.018096208572387695
409,AES,0.01988697052001953,0.022042036056518555,1730,0.02237081527709961
409,No_Encryption,0.0184781551361084,0.017583131790161133,1378,0.019792795181274414
410,PQC,0.024979352951049805,0.024152517318725586,3138,0.020322799682617188
410,AES,0.02420973777770996,0.02192544937133789,1730,0.02232527732849121
410,No_Encryption,0.022923946380615234,0.021155118942260742,1378,0.02314448356628418
411,PQC,0.03360438346862793,0.03033614158630371,3138,0.025636911392211914
411,AES,0.02488398551940918,0.024487018585205078,1730,0.02493572235107422
411,No_Encryption,0.024331331253051758,0.02166891098022461,1378,0.024245738983154297
412,PQC,0.029886484146118164,0.028515100479125977,3138,0.025152206420898438
412,AES,0.02621626853942871,0.026541709899902344,1730,0.025692224502563477
412,No_Encryption,0.028296232223510742,0.024172306060791016,1378,0.027571916580200195
413,PQC,0.03417062759399414,0.029782533645629883,3138,0.0255734920501709
413,AES,0.02834033966064453,0.0282289981842041,1730,0.026604652404785156
413,No_Encryption,0.03343653678894043,0.02451777458190918,1378,0.027531147003173828
414,PQC,0.03913688659667969,0.03371620178222656,3138,0.02878713607788086
414,AES,0.0300900936126709,0.029096603393554688,1730,0.02685999870300293
414,No_Encryption,0.027665376663208008,0.02569103240966797,1378,0.029139280319213867
415,PQC,0.03622841835021973,0.034195899963378906,3138,0.031789302825927734
415,AES,0.029583454132080078,0.028959989547729492,1730,0.0271146297454834
415,No_Encryption,0.029160261154174805,0.025039196014404297,1378,0.029813766479492188
416,PQC,0.041848182678222656,0.031821489334106445,3138,0.026101112365722656
416,AES,0.027272939682006836,0.02773761749267578,1730,0.027583837509155273
416,No_Encryption,0.028729677200317383,0.02512645721435547,1378,0.02746129035949707
417,PQC,0.033432960510253906,0.032325029373168945,3138,0.027657032012939453
417,AES,0.031992197036743164,0.029654979705810547,1730,0.028826475143432617
417,No_Encryption,0.02667713165283203,0.023099899291992188,1378,0.02695608139038086
418,PQC,0.03395819664001465,0.03099799156188965,3138,0.02769923210144043
418,AES,0.03133654594421387,0.02707362174987793,1730,0.027378559112548828
418,No_Encryption,0.026550769805908203,0.024569034576416016,1378,0.02791619300842285
419,PQC,0.0318911075592041,0.030975818634033203,3138,0.026447296142578125
419,AES,0.02786111831665039,0.02585458755493164,1730,0.026371479034423828
419,No_Encryption,0.025899648666381836,0.026852846145629883,1378,0.027714014053344727
420,PQC,0.03456830978393555,0.03294634819030762,3138,0.026112079620361328
420,AES,0.027460098266601562,0.02612900733947754,1730,0.02919626235961914
420,No_Encryption,0.027162790298461914,0.02495598793029785,1378,0.02784252166748047
421,PQC,0.03528571128845215,0.03023529052734375,3138,0.026928424835205078
421,AES,0.02797722816467285,0.02717137336730957,1730,0.029003381729125977
421,No_Encryption,0.025866270065307617,0.023712158203125,1378,0.026085853576660156
422,PQC,0.04666638374328613,0.03767824172973633,3138,0.030800342559814453
422,AES,0.033644914627075195,0.03108072280883789,1730,0.029008150100708008
422,No_Encryption,0.03029322624206543,0.02578115463256836,1378,0.028612852096557617
423,PQC,0.03161740303039551,0.0317385196685791,3138,0.02742910385131836
423,AES,0.029401540756225586,0.02912116050720215,1730,0.030941247940063477
423,No_Encryption,0.027740478515625,0.02527785301208496,1378,0.029227495193481445
424,PQC,0.034364938735961914,0.03194308280944824,3138,0.02910161018371582
424,AES,0.02872467041015625,0.028285503387451172,1730,0.02861189842224121
424,No_Encryption,0.02539539337158203,0.025867223739624023,1378,0.028421401977539062
425,PQC,0.033991098403930664,0.03270840644836426,3138,0.029036283493041992
425,AES,0.02752685546875,0.028072595596313477,1730,0.028062105178833008
425,No_Encryption,0.025874614715576172,0.024008989334106445,1378,0.02902984619140625
426,PQC,0.0323636531829834,0.02998661994934082,3138,0.026543855667114258
426,AES,0.027769088745117188,0.026492834091186523,1730,0.024942874908447266
426,No_Encryption,0.026781797409057617,0.02544856071472168,1378,0.030081987380981445
427,PQC,0.03519296646118164,0.03462100028991699,3138,0.02823472023010254
427,AES,0.0276949405670166,0.027908802032470703,1730,0.02753138542175293
427,No_Encryption,0.026416540145874023,0.02748560905456543,1378,0.03146481513977051
428,PQC,0.03338336944580078,0.03339242935180664,3138,0.026175737380981445
428,AES,0.028096675872802734,0.026845216751098633,1730,0.027487516403198242
428,No_Encryption,0.030632495880126953,0.024440526962280273,1378,0.02790999412536621
429,PQC,0.03661608695983887,0.03604722023010254,3138,0.0292971134185791
429,AES,0.02918100357055664,0.028864145278930664,1730,0.029711246490478516
429,No_Encryption,0.02561497688293457,0.02478790283203125,1378,0.02767658233642578
430,PQC,0.03296518325805664,0.03195476531982422,3138,0.028296947479248047
430,AES,0.031197786331176758,0.027022123336791992,1730,0.027643203735351562
430,No_Encryption,0.026648759841918945,0.02600693702697754,1378,0.028583288192749023
431,PQC,0.034273386001586914,0.03392648696899414,3138,0.026559829711914062
431,AES,0.0355222225189209,0.02906966209411621,1730,0.026838064193725586
431,No_Encryption,0.031815290451049805,0.026013851165771484,1378,0.029215574264526367
432,PQC,0.03582620620727539,0.03277015686035156,3138,0.027954816818237305
432,AES,0.030282258987426758,0.03113079071044922,1730,0.030076265335083008
432,No_Encryption,0.02604508399963379,0.024923324584960938,1378,0.02727985382080078
433,PQC,0.0339818000793457,0.03209638595581055,3138,0.025087594985961914
433,AES,0.02800130844116211,0.02753925323486328,1730,0.029871463775634766
433,No_Encryption,0.028287887573242188,0.02406477928161621,1378,0.026295900344848633
434,PQC,0.03896188735961914,0.040689706802368164,3138,0.033455610275268555
434,AES,0.03458356857299805,0.029253244400024414,1730,0.025715112686157227
434,No_Encryption,0.023169994354248047,0.021181583404541016,1378,0.021831035614013672
435,PQC,0.027022838592529297,0.024056196212768555,3138,0.01960134506225586
435,AES,0.020553112030029297,0.018934011459350586,1730,0.01834726333618164
435,No_Encryption,0.01750946044921875,0.017381906509399414,1378,0.01907968521118164
436,PQC,0.022043466567993164,0.022588491439819336,3138,0.017625093460083008
436,AES,0.023680925369262695,0.018549442291259766,1730,0.018648386001586914
436,No_Encryption,0.018990278244018555,0.01617121696472168,1378,0.01933884620666504
437,PQC,0.02103900909423828,0.020601987838745117,3138,0.017872333526611328
437,AES,0.0221560001373291,0.018147945404052734,1730,0.01692652702331543
437,No_Encryption,0.018071889877319336,0.016140460968017578,1378,0.017607927322387695
438,PQC,0.024801015853881836,0.01980733871459961,3138,0.0182039737701416
438,AES,0.01827239990234375,0.01831340789794922,1730,0.017805814743041992
438,No_Encryption,0.017939090728759766,0.017047405242919922,1378,0.018277645111083984
439,PQC,0.026221513748168945,0.02020740509033203,3138,0.016983509063720703
439,AES,0.020644664764404297,0.019304275512695312,1730,0.017395734786987305
439,No_Encryption,0.018218517303466797,0.0177309513092041,1378,0.019258737564086914
440,PQC,0.028192520141601562,0.023737192153930664,3138,0.022294044494628906
440,AES,0.021605491638183594,0.022980213165283203,1730,0.021776199340820312
440,No_Encryption,0.02228546142578125,0.02171015739440918,1378,0.027155399322509766
441,PQC,0.030204057693481445,0.025674819946289062,3138,0.024379730224609375
441,AES,0.025913238525390625,0.02591562271118164,1730,0.02473735809326172
441,No_Encryption,0.0265347957611084,0.023631572723388672,1378,0.026648998260498047
442,PQC,0.03471064567565918,0.02967047691345215,3138,0.027264833450317383
442,AES,0.030446767807006836,0.02581787109375,1730,0.025330305099487305
442,No_Encryption,0.026456356048583984,0.025030851364135742,1378,0.030679702758789062
443,PQC,0.03156328201293945,0.03135251998901367,3138,0.02865004539489746
443,AES,0.027226924896240234,0.02549886703491211,1730,0.02308487892150879
443,No_Encryption,0.02204728126525879,0.02080249786376953,1378,0.021092653274536133
444,PQC,0.02465534210205078,0.023235559463500977,3138,0.01993727684020996
444,AES,0.02017378807067871,0.019432783126831055,1730,0.019240140914916992
444,No_Encryption,0.022232532501220703,0.016710996627807617,1378,0.01870250701904297
445,PQC,0.026499271392822266,0.022687435150146484,3138,0.018500328063964844
445,AES,0.01855945587158203,0.018065452575683594,1730,0.01836562156677246
445,No_Encryption,0.017673730850219727,0.015869617462158203,1378,0.019030094146728516
446,PQC,0.020262479782104492,0.02053689956665039,3138,0.017196178436279297
446,AES,0.01967000961303711,0.018811941146850586,1730,0.01866626739501953
446,No_Encryption,0.0205538272857666,0.016312122344970703,1378,0.02067732810974121
447,PQC,0.024651527404785156,0.02238321304321289,3138,0.017573118209838867
447,AES,0.020199060440063477,0.017277002334594727,1730,0.01640152931213379
447,No_Encryption,0.02408289909362793,0.01521754264831543,1378,0.019108057022094727
448,PQC,0.023530244827270508,0.020633459091186523,3138,0.01782059669494629
448,AES,0.019979000091552734,0.01823735237121582,1730,0.01841902732849121
448,No_Encryption,0.018530845642089844,0.017777442932128906,1378,0.020281314849853516
449,PQC,0.025963306427001953,0.024172067642211914,3138,0.021383285522460938
449,AES,0.02501702308654785,0.024433374404907227,1730,0.02774500846862793
449,No_Encryption,0.026242494583129883,0.023260831832885742,1378,0.02693462371826172
450,PQC,0.03136849403381348,0.03119516372680664,3138,0.02533864974975586
450,AES,0.028296232223510742,0.028972864151000977,1730,0.027750730514526367
450,No_Encryption,0.026336669921875,0.025405168533325195,1378,0.02808547019958496
451,PQC,0.034398794174194336,0.03316354751586914,3138,0.02712416648864746
451,AES,0.02768707275390625,0.027699708938598633,1730,0.026309490203857422
451,No_Encryption,0.02819991111755371,0.024974822998046875,1378,0.029437541961669922
452,PQC,0.03275489807128906,0.030150175094604492,3138,0.02884387969970703
452,AES,0.02911090850830078,0.026462793350219727,1730,0.026599407196044922
452,No_Encryption,0.024983882904052734,0.025387287139892578,1378,0.02741718292236328
453,PQC,0.031649112701416016,0.032891273498535156,3138,0.029660463333129883
453,AES,0.02721261978149414,0.026905536651611328,1730,0.028285980224609375
453,No_Encryption,0.026498794555664062,0.024985313415527344,1378,0.027597665786743164
454,PQC,0.0317537784576416,0.031072139739990234,3138,0.02781391143798828
454,AES,0.029245376586914062,0.027087688446044922,1730,0.028470993041992188
454,No_Encryption,0.029175996780395508,0.02562999725341797,1378,0.0277559757232666
455,PQC,0.032483816146850586,0.032623291015625,3138,0.029375791549682617
455,AES,0.029462099075317383,0.02809000015258789,1730,0.027605533599853516
455,No_Encryption,0.0269467830657959,0.024730443954467773,1378,0.02740955352783203
456,PQC,0.04569196701049805,0.03131842613220215,3138,0.029453039169311523
456,AES,0.03315162658691406,0.026129484176635742,1730,0.02687692642211914
456,No_Encryption,0.027584075927734375,0.024544715881347656,1378,0.02901935577392578
457,PQC,0.03163290023803711,0.03241229057312012,3138,0.026961088180541992
457,AES,0.029932022094726562,0.028180599212646484,1730,0.028516769409179688
457,No_Encryption,0.030635595321655273,0.027122020721435547,1378,0.027237415313720703
458,PQC,0.03208136558532715,0.033141374588012695,3138,0.027006864547729492
458,AES,0.027546405792236328,0.02750992774963379,1730,0.02777576446533203
458,No_Encryption,0.028435468673706055,0.02695322036743164,1378,0.02923417091369629
459,PQC,0.034087419509887695,0.034827470779418945,3138,0.027594566345214844
459,AES,0.03025031089782715,0.03106379508972168,1730,0.028458356857299805
459,No_Encryption,0.025061845779418945,0.023351192474365234,1378,0.030475854873657227
460,PQC,0.03494834899902344,0.030557632446289062,3138,0.028970003128051758
460,AES,0.02666163444519043,0.028441429138183594,1730,0.02784562110900879
460,No_Encryption,0.02731633186340332,0.024882078170776367,1378,0.02778029441833496
461,PQC,0.03276348114013672,0.03259134292602539,3138,0.029635906219482422
461,AES,0.03419661521911621,0.028135299682617188,1730,0.0289919376373291
461,No_Encryption,0.029722213745117188,0.023570537567138672,1378,0.030554533004760742
462,PQC,0.04091668128967285,0.038518428802490234,3138,0.03456616401672363
462,AES,0.03284001350402832,0.03261232376098633,1730,0.0320131778717041
462,No_Encryption,0.03378629684448242,0.025136709213256836,1378,0.03259897232055664
463,PQC,0.037592172622680664,0.03583788871765137,3138,0.03193831443786621
463,AES,0.029215574264526367,0.02833843231201172,1730,0.02939009666442871
463,No_Encryption,0.028478145599365234,0.02600693702697754,1378,0.030426979064941406
464,PQC,0.03532767295837402,0.032473087310791016,3138,0.027840614318847656
464,AES,0.029320478439331055,0.028203725814819336,1730,0.027006149291992188
464,No_Encryption,0.025643348693847656,0.026653051376342773,1378,0.03050827980041504
465,PQC,0.03176736831665039,0.030826330184936523,3138,0.028012752532958984
465,AES,0.029952049255371094,0.02788853645324707,1730,0.02879786491394043
465,No_Encryption,0.029131650924682617,0.02672886848449707,1378,0.031124591827392578
466,PQC,0.03350210189819336,0.03373599052429199,3138,0.029493331909179688
466,AES,0.02935647964477539,0.03248763084411621,1730,0.029857635498046875
466,No_Encryption,0.028899669647216797,0.026856660842895508,1378,0.030071258544921875
467,PQC,0.03498196601867676,0.03632998466491699,3138,0.02901434898376465
467,AES,0.0349736213684082,0.02733469009399414,1730,0.029231548309326172
467,No_Encryption,0.03159499168395996,0.027179241180419922,1378,0.02950263023376465
468,PQC,0.032085418701171875,0.03265738487243652,3138,0.027449369430541992
468,AES,0.03160572052001953,0.0278780460357666,1730,0.02686762809753418
468,No_Encryption,0.025891780853271484,0.026418447494506836,1378,0.0274198055267334
469,PQC,0.033857107162475586,0.037583351135253906,3138,0.0286102294921875
469,AES,0.02727675437927246,0.02828812599182129,1730,0.02806234359741211
469,No_Encryption,0.0267794132232666,0.026478290557861328,1378,0.029265165328979492
470,PQC,0.03613877296447754,0.03334403038024902,3138,0.03118109703063965
470,AES,0.03164815902709961,0.03378868103027344,1730,0.030338525772094727
470,No_Encryption,0.031253814697265625,0.027969837188720703,1378,0.03266143798828125
471,PQC,0.034249305725097656,0.03473925590515137,3138,0.029948711395263672
471,AES,0.02936840057373047,0.029826879501342773,1730,0.028475522994995117
471,No_Encryption,0.02823925018310547,0.024858713150024414,1378,0.02751445770263672
472,PQC,0.03869223594665527,0.03291583061218262,3138,0.02813100814819336
472,AES,0.03038501739501953,0.02928614616394043,1730,0.029090166091918945
472,No_Encryption,0.028149843215942383,0.025801420211791992,1378,0.030515432357788086
473,PQC,0.032228708267211914,0.033553361892700195,3138,0.0290377140045166
473,AES,0.029341697692871094,0.030366897583007812,1730,0.031252384185791016
473,No_Encryption,0.040041446685791016,0.02863287925720215,1378,0.03415036201477051
474,PQC,0.036984920501708984,0.037687063217163086,3138,0.0291140079498291
474,AES,0.029613018035888672,0.029503822326660156,1730,0.02896857261657715
474,No_Encryption,0.02984905242919922,0.029024362564086914,1378,0.034313201904296875
475,PQC,0.04064512252807617,0.034571170806884766,3138,0.031040430068969727
475,AES,0.02946019172668457,0.02935028076171875,1730,0.029123544692993164
475,No_Encryption,0.028229951858520508,0.026094675064086914,1378,0.028166532516479492
476,PQC,0.04162025451660156,0.032480478286743164,3138,0.031847476959228516
476,AES,0.03429675102233887,0.02948451042175293,1730,0.02790093421936035
476,No_Encryption,0.028884410858154297,0.027675867080688477,1378,0.030270814895629883
477,PQC,0.03388404846191406,0.03437972068786621,3138,0.032881975173950195
477,AES,0.029848098754882812,0.029072046279907227,1730,0.027366161346435547
477,No_Encryption,0.03450632095336914,0.027907133102416992,1378,0.030374526977539062
478,PQC,0.03992176055908203,0.032775163650512695,3138,0.027913570404052734
478,AES,0.03289675712585449,0.03193855285644531,1730,0.029549121856689453
478,No_Encryption,0.028634309768676758,0.026885032653808594,1378,0.02817559242248535
479,PQC,0.03416776657104492,0.03415036201477051,3138,0.028463363647460938
479,AES,0.031239032745361328,0.031580209732055664,1730,0.03023982048034668
479,No_Encryption,0.027808427810668945,0.026482582092285156,1378,0.026923179626464844
480,PQC,0.03178763389587402,0.03251957893371582,3138,0.028104305267333984
480,AES,0.02923107147216797,0.027280092239379883,1730,0.029636859893798828
480,No_Encryption,0.0267484188079834,0.025205373764038086,1378,0.029484033584594727
481,PQC,0.03470611572265625,0.03234553337097168,3138,0.02938079833984375
481,AES,0.0327448844909668,0.028264522552490234,1730,0.026942729949951172
481,No_Encryption,0.026021957397460938,0.02451634407043457,1378,0.027277708053588867
482,PQC,0.035390377044677734,0.03157210350036621,3138,0.030068159103393555
482,AES,0.028547048568725586,0.02714252471923828,1730,0.02727651596069336
482,No_Encryption,0.026270389556884766,0.02032184600830078,1378,0.023789405822753906
483,PQC,0.027747631072998047,0.024629592895507812,3138,0.02074432373046875
483,AES,0.02014756202697754,0.019150495529174805,1730,0.01912403106689453
483,No_Encryption,0.018403053283691406,0.01622939109802246,1378,0.021828889846801758
484,PQC,0.02616429328918457,0.022471189498901367,3138,0.01910996437072754
484,AES,0.019928693771362305,0.018965959548950195,1730,0.02062082290649414
484,No_Encryption,0.018518924713134766,0.017404556274414062,1378,0.021572113037109375
485,PQC,0.02674269676208496,0.022900819778442383,3138,0.018181324005126953
485,AES,0.019991159439086914,0.01878070831298828,1730,0.020364761352539062
485,No_Encryption,0.020316600799560547,0.01607823371887207,1378,0.016993999481201172
486,PQC,0.023830175399780273,0.021181344985961914,3138,0.017600536346435547
486,AES,0.0299224853515625,0.022829532623291016,1730,0.020311355590820312
486,No_Encryption,0.02105093002319336,0.017284870147705078,1378,0.019243717193603516
487,PQC,0.023534297943115234,0.021424055099487305,3138,0.01836872100830078
487,AES,0.021023988723754883,0.01832294464111328,1730,0.019299745559692383
487,No_Encryption,0.020050764083862305,0.017089366912841797,1378,0.019399404525756836
488,PQC,0.021328449249267578,0.021596431732177734,3138,0.018295764923095703
488,AES,0.018912076950073242,0.018661975860595703,1730,0.020083904266357422
488,No_Encryption,0.01807379722595215,0.0171966552734375,1378,0.018871545791625977
489,PQC,0.023649930953979492,0.02179121971130371,3138,0.017584800720214844
489,AES,0.023172378540039062,0.01835465431213379,1730,0.01877570152282715
489,No_Encryption,0.019826650619506836,0.016651153564453125,1378,0.018102645874023438
490,PQC,0.02364516258239746,0.02076554298400879,3138,0.018089771270751953
490,AES,0.022466659545898438,0.01893162727355957,1730,0.019008159637451172
490,No_Encryption,0.017742395401000977,0.016917705535888672,1378,0.0199129581451416
491,PQC,0.02282094955444336,0.02086353302001953,3138,0.019525527954101562
491,AES,0.020354270935058594,0.01775646209716797,1730,0.01880025863647461
491,No_Encryption,0.01971745491027832,0.016713857650756836,1378,0.01849079132080078
492,PQC,0.022118568420410156,0.02185964584350586,3138,0.019254446029663086
492,AES,0.0195770263671875,0.01816558837890625,1730,0.018378734588623047
492,No_Encryption,0.021340131759643555,0.016460657119750977,1378,0.020849943161010742
493,PQC,0.025051116943359375,0.0222933292388916,3138,0.017554283142089844
493,AES,0.019844532012939453,0.01808619499206543,1730,0.018721818923950195
493,No_Encryption,0.021863222122192383,0.015801429748535156,1378,0.020849943161010742
494,PQC,0.0210111141204834,0.019701719284057617,3138,0.018474817276000977
494,AES,0.01946711540222168,0.01907038688659668,1730,0.016686677932739258
494,No_Encryption,0.02548384666442871,0.016758441925048828,1378,0.019292593002319336
495,PQC,0.020571470260620117,0.02046990394592285,3138,0.016791820526123047
495,AES,0.01886582374572754,0.018194198608398438,1730,0.017493486404418945
495,No_Encryption,0.02023625373840332,0.017256736755371094,1378,0.018745899200439453
496,PQC,0.022250890731811523,0.021837472915649414,3138,0.018136262893676758
496,AES,0.02040886878967285,0.017865657806396484,1730,0.01812887191772461
496,No_Encryption,0.018378734588623047,0.01611638069152832,1378,0.017937421798706055
497,PQC,0.02285146713256836,0.020871877670288086,3138,0.018131017684936523
497,AES,0.018964529037475586,0.019235610961914062,1730,0.018223285675048828
497,No_Encryption,0.019877195358276367,0.01787281036376953,1378,0.01971292495727539
498,PQC,0.02240300178527832,0.02199268341064453,3138,0.019967079162597656
498,AES,0.021937131881713867,0.02215433120727539,1730,0.020940065383911133
498,No_Encryption,0.022388219833374023,0.019983530044555664,1378,0.02143383026123047
499,PQC,0.028685808181762695,0.02817392349243164,3138,0.025677919387817383
499,AES,0.028406858444213867,0.025153160095214844,1730,0.023673534393310547
499,No_Encryption,0.023438453674316406,0.022886991500854492,1378,0.02556133270263672
500,PQC,0.03300929069519043,0.030426740646362305,3138,0.027663469314575195
500,AES,0.030520915985107422,0.03394651412963867,1730,0.029541730880737305
500,No_Encryption,0.03800463676452637,0.027592897415161133,1378,0.028947830200195312
501,PQC,0.03736233711242676,0.03576922416687012,3138,0.031107187271118164
501,AES,0.0295867919921875,0.030705928802490234,1730,0.028573989868164062
501,No_Encryption,0.027519941329956055,0.025269508361816406,1378,0.030490636825561523
502,PQC,0.0340273380279541,0.031717538833618164,3138,0.028320789337158203
502,AES,0.03204083442687988,0.0299224853515625,1730,0.02799844741821289
502,No_Encryption,0.03051471710205078,0.024883508682250977,1378,0.029059648513793945
503,PQC,0.03480839729309082,0.033710479736328125,3138,0.028324604034423828
503,AES,0.029722929000854492,0.029829740524291992,1730,0.030318498611450195
503,No_Encryption,0.026668548583984375,0.027045488357543945,1378,0.029562950134277344
504,PQC,0.0322113037109375,0.028836727142333984,3138,0.027361631393432617
504,AES,0.0294802188873291,0.026475906372070312,1730,0.025174379348754883
504,No_Encryption,0.03040790557861328,0.024131298065185547,1378,0.0284879207611084
505,PQC,0.032083749771118164,0.031287193298339844,3138,0.026892900466918945
505,AES,0.028662443161010742,0.026854753494262695,1730,0.02777838706970215
505,No_Encryption,0.030751943588256836,0.025030136108398438,1378,0.026703357696533203
506,PQC,0.031556129455566406,0.03262639045715332,3138,0.028041362762451172
506,AES,0.028667688369750977,0.030123472213745117,1730,0.028888940811157227
506,No_Encryption,0.031355857849121094,0.026468276977539062,1378,0.030126571655273438
507,PQC,0.033522844314575195,0.035337209701538086,3138,0.031225919723510742
507,AES,0.030516862869262695,0.03092050552368164,1730,0.028093814849853516
507,No_Encryption,0.02654552459716797,0.02486443519592285,1378,0.031015872955322266
508,PQC,0.031954288482666016,0.03501009941101074,3138,0.029826641082763672
508,AES,0.029596567153930664,0.029688119888305664,1730,0.029718399047851562
508,No_Encryption,0.03136277198791504,0.026422977447509766,1378,0.03131389617919922
509,PQC,0.03569984436035156,0.031284332275390625,3138,0.027654409408569336
509,AES,0.03129148483276367,0.03158831596374512,1730,0.0289306640625
509,No_Encryption,0.03992891311645508,0.02768564224243164,1378,0.029002904891967773
510,PQC,0.03811454772949219,0.034327030181884766,3138,0.028227567672729492
510,AES,0.03028559684753418,0.0286862850189209,1730,0.028810977935791016
510,No_Encryption,0.026604890823364258,0.0265195369720459,1378,0.030412673950195312
511,PQC,0.03829789161682129,0.037416696548461914,3138,0.02883148193359375
511,AES,0.029540300369262695,0.029603242874145508,1730,0.03219246864318848
511,No_Encryption,0.032984256744384766,0.02708125114440918,1378,0.03191661834716797
512,PQC,0.039693355560302734,0.037261962890625,3138,0.03205561637878418
512,AES,0.03860282897949219,0.04111671447753906,1730,0.03337454795837402
512,No_Encryption,0.03229641914367676,0.029282093048095703,1378,0.03231310844421387
513,PQC,0.04185056686401367,0.039862871170043945,3138,0.03379106521606445
513,AES,0.03456377983093262,0.031545400619506836,1730,0.029840469360351562
513,No_Encryption,0.030086278915405273,0.027509212493896484,1378,0.03459811210632324
514,PQC,0.04380655288696289,0.03640317916870117,3138,0.029349088668823242
514,AES,0.029629945755004883,0.028715133666992188,1730,0.027321577072143555
514,No_Encryption,0.02814316749572754,0.02768707275390625,1378,0.02876591682434082
515,PQC,0.03718090057373047,0.03946685791015625,3138,0.03149747848510742
515,AES,0.029866456985473633,0.031494140625,1730,0.030119657516479492
515,No_Encryption,0.02670907974243164,0.026895999908447266,1378,0.029900074005126953
516,PQC,0.03580331802368164,0.03472447395324707,3138,0.0286712646484375
516,AES,0.02948904037475586,0.03096294403076172,1730,0.031078100204467773
516,No_Encryption,0.028626680374145508,0.025643110275268555,1378,0.028492212295532227
517,PQC,0.033707618713378906,0.03255057334899902,3138,0.031130075454711914
517,AES,0.02861189842224121,0.02947092056274414,1730,0.027762651443481445
517,No_Encryption,0.02535700798034668,0.02463364601135254,1378,0.02859020233154297
518,PQC,0.03493547439575195,0.034783363342285156,3138,0.027352333068847656
518,AES,0.02859663963317871,0.029135942459106445,1730,0.027828693389892578
518,No_Encryption,0.029915332794189453,0.026163578033447266,1378,0.030291318893432617
519,PQC,0.0341339111328125,0.03367757797241211,3138,0.029180288314819336
519,AES,0.029622554779052734,0.028172731399536133,1730,0.02811264991760254
519,No_Encryption,0.0269925594329834,0.027141809463500977,1378,0.029660463333129883
520,PQC,0.03525590896606445,0.03546261787414551,3138,0.031215667724609375
520,AES,0.02917766571044922,0.02890181541442871,1730,0.027034282684326172
520,No_Encryption,0.02973794937133789,0.025003433227539062,1378,0.02715754508972168
521,PQC,0.03717613220214844,0.031880855560302734,3138,0.02859663963317871
521,AES,0.032030344009399414,0.030779361724853516,1730,0.027295589447021484
521,No_Encryption,0.026591777801513672,0.02641010284423828,1378,0.02904510498046875
522,PQC,0.03227877616882324,0.03304004669189453,3138,0.03043055534362793
522,AES,0.02864980697631836,0.02858257293701172,1730,0.028371095657348633
522,No_Encryption,0.026055574417114258,0.02571892738342285,1378,0.028058290481567383
523,PQC,0.03381776809692383,0.03312087059020996,3138,0.03103184700012207
523,AES,0.02884674072265625,0.03005814552307129,1730,0.029482603073120117
523,No_Encryption,0.027660608291625977,0.02583932876586914,1378,0.027942180633544922
524,PQC,0.03443431854248047,0.032773733139038086,3138,0.027721405029296875
524,AES,0.02648186683654785,0.027304410934448242,1730,0.028520584106445312
524,No_Encryption,0.027323484420776367,0.024912595748901367,1378,0.03187251091003418
525,PQC,0.0515141487121582,0.03949403762817383,3138,0.033551931381225586
525,AES,0.02921271324157715,0.029909849166870117,1730,0.029753446578979492
525,No_Encryption,0.029906749725341797,0.027746200561523438,1378,0.03148388862609863
526,PQC,0.03950810432434082,0.03802990913391113,3138,0.03202033042907715
526,AES,0.030744552612304688,0.029851913452148438,1730,0.031003952026367188
526,No_Encryption,0.0289306640625,0.025269031524658203,1378,0.03029012680053711
527,PQC,0.035025835037231445,0.03370475769042969,3138,0.028765201568603516
527,AES,0.032035112380981445,0.03190135955810547,1730,0.029361724853515625
527,No_Encryption,0.030450820922851562,0.025885343551635742,1378,0.02845597267150879
528,PQC,0.035842180252075195,0.03204035758972168,3138,0.02962207794189453
528,AES,0.029964208602905273,0.02755260467529297,1730,0.028565406799316406
528,No_Encryption,0.0354456901550293,0.024225234985351562,1378,0.027570724487304688
529,PQC,0.03237032890319824,0.02941727638244629,3138,0.028500080108642578
529,AES,0.028146743774414062,0.028543949127197266,1730,0.02839970588684082
529,No_Encryption,0.025222301483154297,0.025334596633911133,1378,0.027471065521240234
530,PQC,0.03466343879699707,0.03243136405944824,3138,0.027730941772460938
530,AES,0.02784419059753418,0.03010392189025879,1730,0.03173971176147461
530,No_Encryption,0.026638507843017578,0.026027441024780273,1378,0.0283815860748291
531,PQC,0.032208919525146484,0.03220343589782715,3138,0.029063701629638672
531,AES,0.03180336952209473,0.030910015106201172,1730,0.03318071365356445
531,No_Encryption,0.026962757110595703,0.025751829147338867,1378,0.028955936431884766
532,PQC,0.03318357467651367,0.03168606758117676,3138,0.026884794235229492
532,AES,0.02871084213256836,0.027255535125732422,1730,0.0274198055267334
532,No_Encryption,0.025874853134155273,0.024715423583984375,1378,0.027418851852416992
533,PQC,0.03358817100524902,0.03609967231750488,3138,0.02921605110168457
533,AES,0.028800249099731445,0.027976274490356445,1730,0.02562427520751953
533,No_Encryption,0.029224872589111328,0.025770187377929688,1378,0.026967525482177734
534,PQC,0.032099246978759766,0.031394004821777344,3138,0.027369976043701172
534,AES,0.0278472900390625,0.02820420265197754,1730,0.02727532386779785
534,No_Encryption,0.028096675872802734,0.02585291862487793,1378,0.03174424171447754
535,PQC,0.0363163948059082,0.03839826583862305,3138,0.02745819091796875
535,AES,0.028749465942382812,0.029613733291625977,1730,0.028522968292236328
535,No_Encryption,0.027178287506103516,0.02426433563232422,1378,0.0281219482421875
536,PQC,0.031103134155273438,0.03143501281738281,3138,0.02793741226196289
536,AES,0.028151988983154297,0.02882981300354004,1730,0.030033349990844727
536,No_Encryption,0.027172327041625977,0.024652719497680664,1378,0.027597427368164062
537,PQC,0.0428013801574707,0.03149890899658203,3138,0.031859397888183594
537,AES,0.039083242416381836,0.032842397689819336,1730,0.030490875244140625
537,No_Encryption,0.03511691093444824,0.02770686149597168,1378,0.0322721004486084
538,PQC,0.03965139389038086,0.03662276268005371,3138,0.03237104415893555
538,AES,0.03440594673156738,0.03154778480529785,1730,0.028929710388183594
538,No_Encryption,0.028224468231201172,0.02802443504333496,1378,0.03130316734313965
539,PQC,0.03930091857910156,0.03292512893676758,3138,0.0299379825592041
539,AES,0.03725099563598633,0.031433820724487305,1730,0.03310084342956543
539,No_Encryption,0.026968955993652344,0.027785539627075195,1378,0.028397321701049805
540,PQC,0.03446793556213379,0.031427621841430664,3138,0.027930021286010742
540,AES,0.03310441970825195,0.02759242057800293,1730,0.027048110961914062
540,No_Encryption,0.025997638702392578,0.024383068084716797,1378,0.029140233993530273
541,PQC,0.03366661071777344,0.030782461166381836,3138,0.027494192123413086
541,AES,0.02980637550354004,0.027118921279907227,1730,0.026132822036743164
541,No_Encryption,0.029103517532348633,0.02516770362854004,1378,0.02745676040649414
542,PQC,0.033991098403930664,0.03172111511230469,3138,0.028339862823486328
542,AES,0.028600454330444336,0.028001785278320312,1730,0.02860236167907715
542,No_Encryption,0.027581214904785156,0.0238344669342041,1378,0.032045841217041016
543,PQC,0.03353452682495117,0.03110671043395996,3138,0.027959108352661133
543,AES,0.02968597412109375,0.028853178024291992,1730,0.027411699295043945
543,No_Encryption,0.03155517578125,0.02605891227722168,1378,0.031221866607666016
544,PQC,0.035067081451416016,0.03300738334655762,3138,0.028273820877075195
544,AES,0.030436038970947266,0.029245615005493164,1730,0.027444839477539062
544,No_Encryption,0.025955677032470703,0.02499556541442871,1378,0.028533220291137695
545,PQC,0.0346074104309082,0.03507375717163086,3138,0.027935504913330078
545,AES,0.02871227264404297,0.028583049774169922,1730,0.03204965591430664
545,No_Encryption,0.028206586837768555,0.0255582332611084,1378,0.03177356719970703
546,PQC,0.033876657485961914,0.03233838081359863,3138,0.028040170669555664
546,AES,0.030443906784057617,0.030093669891357422,1730,0.028285980224609375
546,No_Encryption,0.02775740623474121,0.026605844497680664,1378,0.029880046844482422
547,PQC,0.03590035438537598,0.03278183937072754,3138,0.029012203216552734
547,AES,0.033705711364746094,0.028108835220336914,1730,0.026836156845092773
547,No_Encryption,0.028502225875854492,0.024976491928100586,1378,0.0282135009765625
548,PQC,0.034914493560791016,0.03307652473449707,3138,0.02845931053161621
548,AES,0.03572988510131836,0.03126859664916992,1730,0.03045797348022461
548,No_Encryption,0.0285489559173584,0.024920225143432617,1378,0.029230833053588867
549,PQC,0.03385114669799805,0.031906843185424805,3138,0.02693462371826172
549,AES,0.02926325798034668,0.028396129608154297,1730,0.026845455169677734
549,No_Encryption,0.02651047706604004,0.027390480041503906,1378,0.0286562442779541
550,PQC,0.04457664489746094,0.03904247283935547,3138,0.03178858757019043
550,AES,0.031141281127929688,0.029703855514526367,1730,0.027045726776123047
550,No_Encryption,0.02788710594177246,0.027848482131958008,1378,0.028487205505371094
551,PQC,0.03520679473876953,0.03516817092895508,3138,0.028228759765625
551,AES,0.030483722686767578,0.027777433395385742,1730,0.024658679962158203
551,No_Encryption,0.02325916290283203,0.021356582641601562,1378,0.02354717254638672
552,PQC,0.024358749389648438,0.024829864501953125,3138,0.020734310150146484
552,AES,0.022035598754882812,0.01974654197692871,1730,0.019072771072387695
552,No_Encryption,0.01884317398071289,0.016701698303222656,1378,0.01859593391418457
553,PQC,0.025070905685424805,0.02130270004272461,3138,0.017975568771362305
553,AES,0.01974320411682129,0.018498659133911133,1730,0.01996588706970215
553,No_Encryption,0.01810908317565918,0.01693868637084961,1378,0.018088817596435547
554,PQC,0.022840499877929688,0.020495176315307617,3138,0.016615629196166992
554,AES,0.019870758056640625,0.01880025863647461,1730,0.018146991729736328
554,No_Encryption,0.01822042465209961,0.016937255859375,1378,0.017296552658081055
555,PQC,0.020994901657104492,0.01926589012145996,3138,0.01889634132385254
555,AES,0.01894354820251465,0.018854618072509766,1730,0.0169985294342041
555,No_Encryption,0.017116785049438477,0.016775131225585938,1378,0.01749873161315918
556,PQC,0.022269487380981445,0.02053093910217285,3138,0.016454696655273438
556,AES,0.018114566802978516,0.017481088638305664,1730,0.017887115478515625
556,No_Encryption,0.017586946487426758,0.01573801040649414,1378,0.020816564559936523
557,PQC,0.025084972381591797,0.02338409423828125,3138,0.019852638244628906
557,AES,0.029297351837158203,0.020837783813476562,1730,0.023946285247802734
557,No_Encryption,0.0245821475982666,0.019986391067504883,1378,0.024420738220214844
558,PQC,0.02732086181640625,0.028365373611450195,3138,0.02473735809326172
558,AES,0.024031400680541992,0.022730112075805664,1730,0.02380990982055664
558,No_Encryption,0.023671388626098633,0.022728919982910156,1378,0.025308609008789062
559,PQC,0.03423619270324707,0.028568744659423828,3138,0.027837276458740234
559,AES,0.033039093017578125,0.025672435760498047,1730,0.025336027145385742
559,No_Encryption,0.029432296752929688,0.02489924430847168,1378,0.02974557876586914
560,PQC,0.04039764404296875,0.03247237205505371,3138,0.02713322639465332
560,AES,0.0338137149810791,0.028242826461791992,1730,0.028380870819091797
560,No_Encryption,0.03386521339416504,0.025632858276367188,1378,0.03363776206970215
561,PQC,0.03261685371398926,0.0323488712310791,3138,0.0295102596282959
561,AES,0.03199410438537598,0.02828693389892578,1730,0.027881860733032227
561,No_Encryption,0.03339099884033203,0.026823043823242188,1378,0.029634714126586914
562,PQC,0.03765082359313965,0.033524274826049805,3138,0.02698206901550293
562,AES,0.029290199279785156,0.030209064483642578,1730,0.0313563346862793
562,No_Encryption,0.026514768600463867,0.026379108428955078,1378,0.029696941375732422
563,PQC,0.035387277603149414,0.03397560119628906,3138,0.02820873260498047
563,AES,0.0284726619720459,0.027425289154052734,1730,0.029282331466674805
563,No_Encryption,0.030299901962280273,0.024874448776245117,1378,0.029684782028198242
564,PQC,0.03135800361633301,0.03857994079589844,3138,0.03201866149902344
564,AES,0.033332109451293945,0.030642986297607422,1730,0.02957916259765625
564,No_Encryption,0.029648542404174805,0.026795625686645508,1378,0.030211687088012695
565,PQC,0.03519487380981445,0.03263711929321289,3138,0.029160499572753906
565,AES,0.032270193099975586,0.03125786781311035,1730,0.029805898666381836
565,No_Encryption,0.03058791160583496,0.024561405181884766,1378,0.02680039405822754
566,PQC,0.0304872989654541,0.03161120414733887,3138,0.028889179229736328
566,AES,0.027753829956054688,0.027759075164794922,1730,0.02771615982055664
566,No_Encryption,0.026972293853759766,0.026813983917236328,1378,0.026410579681396484
567,PQC,0.02932262420654297,0.032471418380737305,3138,0.02610325813293457
567,AES,0.029471874237060547,0.030224323272705078,1730,0.026235103607177734
567,No_Encryption,0.02698516845703125,0.025433778762817383,1378,0.027725696563720703
568,PQC,0.03586077690124512,0.030803442001342773,3138,0.029537439346313477
568,AES,0.02719593048095703,0.028012990951538086,1730,0.029089927673339844
568,No_Encryption,0.02866983413696289,0.027064800262451172,1378,0.028649330139160156
569,PQC,0.036162614822387695,0.035256147384643555,3138,0.02924036979675293
569,AES,0.028326988220214844,0.02963399887084961,1730,0.03072524070739746
569,No_Encryption,0.025902509689331055,0.02478766441345215,1378,0.03160452842712402
570,PQC,0.03322124481201172,0.03056812286376953,3138,0.02719712257385254
570,AES,0.030635833740234375,0.030594348907470703,1730,0.02644824981689453
570,No_Encryption,0.025598526000976562,0.024813413619995117,1378,0.030077219009399414
571,PQC,0.03568315505981445,0.032254695892333984,3138,0.028979778289794922
571,AES,0.027411460876464844,0.027448177337646484,1730,0.0283203125
571,No_Encryption,0.03142404556274414,0.02339005470275879,1378,0.029373645782470703
572,PQC,0.0341641902923584,0.032091379165649414,3138,0.02945566177368164
572,AES,0.027197837829589844,0.028491735458374023,1730,0.028801679611206055
572,No_Encryption,0.028745412826538086,0.02580094337463379,1378,0.027772903442382812
573,PQC,0.03673148155212402,0.03394675254821777,3138,0.028213977813720703
573,AES,0.029491662979125977,0.02697467803955078,1730,0.02640843391418457
573,No_Encryption,0.026877880096435547,0.023577451705932617,1378,0.029224634170532227
574,PQC,0.03363227844238281,0.03280925750732422,3138,0.02643752098083496
574,AES,0.027499675750732422,0.023001670837402344,1730,0.02197432518005371
574,No_Encryption,0.02205348014831543,0.01818990707397461,1378,0.02083730697631836
575,PQC,0.02317667007446289,0.021687030792236328,3138,0.0198214054107666
575,AES,0.019903898239135742,0.020481109619140625,1730,0.019672393798828125
575,No_Encryption,0.017590045928955078,0.015951156616210938,1378,0.018393993377685547
576,PQC,0.023189067840576172,0.02230358123779297,3138,0.018074512481689453
576,AES,0.02574467658996582,0.017566442489624023,1730,0.019099950790405273
576,No_Encryption,0.018326282501220703,0.01709723472595215,1378,0.01804947853088379
577,PQC,0.022579669952392578,0.020188331604003906,3138,0.018162250518798828
577,AES,0.024564027786254883,0.018709421157836914,1730,0.01829242706298828
577,No_Encryption,0.027228116989135742,0.016453027725219727,1378,0.018896818161010742
578,PQC,0.022287368774414062,0.020374536514282227,3138,0.018606901168823242
578,AES,0.020559310913085938,0.018908977508544922,1730,0.01831960678100586
578,No_Encryption,0.017496585845947266,0.015686750411987305,1378,0.01900196075439453
579,PQC,0.02357006072998047,0.020824670791625977,3138,0.018277406692504883
579,AES,0.02016425132751465,0.020164966583251953,1730,0.021099567413330078
579,No_Encryption,0.0203855037689209,0.01909637451171875,1378,0.02440476417541504
580,PQC,0.0275723934173584,0.027126073837280273,3138,0.024563312530517578
580,AES,0.023828506469726562,0.02364325523376465,1730,0.02338886260986328
580,No_Encryption,0.02571725845336914,0.023479938507080078,1378,0.026235103607177734
581,PQC,0.0339360237121582,0.029197216033935547,3138,0.025081396102905273
581,AES,0.02986907958984375,0.027251005172729492,1730,0.027743101119995117
581,No_Encryption,0.025129079818725586,0.023914813995361328,1378,0.02841353416442871
582,PQC,0.033833980560302734,0.03337287902832031,3138,0.02626490592956543
582,AES,0.028176069259643555,0.026897192001342773,1730,0.027688980102539062
582,No_Encryption,0.02667999267578125,0.023769855499267578,1378,0.02757859230041504
583,PQC,0.03571677207946777,0.034276485443115234,3138,0.028265714645385742
583,AES,0.02968764305114746,0.027699708938598633,1730,0.027565717697143555
583,No_Encryption,0.025052785873413086,0.024178504943847656,1378,0.029127836227416992
584,PQC,0.03188920021057129,0.030029773712158203,3138,0.02716207504272461
584,AES,0.030407190322875977,0.026798725128173828,1730,0.028794288635253906
584,No_Encryption,0.030895709991455078,0.02530193328857422,1378,0.028471708297729492
585,PQC,0.0374293327331543,0.03328847885131836,3138,0.027582168579101562
585,AES,0.029626846313476562,0.028676986694335938,1730,0.02890300750732422
585,No_Encryption,0.026552915573120117,0.027134418487548828,1378,0.031668901443481445
586,PQC,0.034215450286865234,0.0330047607421875,3138,0.029477834701538086
586,AES,0.0298001766204834,0.026317596435546875,1730,0.02850031852722168
586,No_Encryption,0.026514530181884766,0.025418996810913086,1378,0.02871251106262207
587,PQC,0.033838510513305664,0.03179740905761719,3138,0.027906179428100586
587,AES,0.031914472579956055,0.02873086929321289,1730,0.026528120040893555
587,No_Encryption,0.027793169021606445,0.026671648025512695,1378,0.028138160705566406
588,PQC,0.03606557846069336,0.03978705406188965,3138,0.029113054275512695
588,AES,0.027654170989990234,0.02931380271911621,1730,0.027250289916992188
588,No_Encryption,0.03152751922607422,0.02501392364501953,1378,0.029524564743041992
589,PQC,0.033860206604003906,0.031065940856933594,3138,0.026811599731445312
589,AES,0.02699446678161621,0.02867436408996582,1730,0.028048276901245117
589,No_Encryption,0.026156187057495117,0.02530646324157715,1378,0.026616334915161133
590,PQC,0.03217887878417969,0.032299041748046875,3138,0.02655339241027832
590,AES,0.03670811653137207,0.03653860092163086,1730,0.03211832046508789
590,No_Encryption,0.02858901023864746,0.026155471801757812,1378,0.029374361038208008
591,PQC,0.035872697830200195,0.03180813789367676,3138,0.029261350631713867
591,AES,0.028487682342529297,0.02936100959777832,1730,0.029899120330810547
591,No_Encryption,0.028987646102905273,0.027068138122558594,1378,0.02931380271911621
592,PQC,0.03371715545654297,0.03570818901062012,3138,0.029114246368408203
592,AES,0.028712034225463867,0.029242753982543945,1730,0.027182340621948242
592,No_Encryption,0.028406381607055664,0.026191234588623047,1378,0.029180049896240234
593,PQC,0.03883171081542969,0.03378009796142578,3138,0.026787757873535156
593,AES,0.029555320739746094,0.0299379825592041,1730,0.02988123893737793
593,No_Encryption,0.02907562255859375,0.02679753303527832,1378,0.029164791107177734
594,PQC,0.04142498970031738,0.032265424728393555,3138,0.029196500778198242
594,AES,0.03256058692932129,0.0302884578704834,1730,0.030237436294555664
594,No_Encryption,0.027796030044555664,0.026381254196166992,1378,0.02996087074279785
595,PQC,0.03925466537475586,0.03321266174316406,3138,0.028275012969970703
595,AES,0.03234577178955078,0.029247045516967773,1730,0.029318571090698242
595,No_Encryption,0.027350902557373047,0.024123668670654297,1378,0.029864072799682617
596,PQC,0.03559231758117676,0.03326296806335449,3138,0.029217243194580078
596,AES,0.02806401252746582,0.02889704704284668,1730,0.028636455535888672
596,No_Encryption,0.028743505477905273,0.02479267120361328,1378,0.029573440551757812
597,PQC,0.03214240074157715,0.030384063720703125,3138,0.024431943893432617
597,AES,0.02841925621032715,0.028720617294311523,1730,0.027501821517944336
597,No_Encryption,0.025996923446655273,0.02324509620666504,1378,0.0277099609375
598,PQC,0.032362937927246094,0.034897804260253906,3138,0.027840375900268555
598,AES,0.0326075553894043,0.029697895050048828,1730,0.02661871910095215
598,No_Encryption,0.03709602355957031,0.025307178497314453,1378,0.027030467987060547
599,PQC,0.0317535400390625,0.03138446807861328,3138,0.028262615203857422
599,AES,0.0281984806060791,0.02789783477783203,1730,0.027617216110229492
599,No_Encryption,0.026677608489990234,0.02483820915222168,1378,0.02742624282836914
600,PQC,0.03591132164001465,0.03319287300109863,3138,0.027145862579345703
600,AES,0.03420519828796387,0.03002309799194336,1730,0.029807329177856445
600,No_Encryption,0.026903390884399414,0.024196147918701172,1378,0.02756500244140625
601,PQC,0.03297281265258789,0.0333101749420166,3138,0.0276639461517334
601,AES,0.028106212615966797,0.02707695960998535,1730,0.02538585662841797
601,No_Encryption,0.02749776840209961,0.025265932083129883,1378,0.028818845748901367
602,PQC,0.033209800720214844,0.030649900436401367,3138,0.028511762619018555
602,AES,0.0283353328704834,0.03004622459411621,1730,0.027776002883911133
602,No_Encryption,0.026479005813598633,0.02847743034362793,1378,0.03657865524291992
603,PQC,0.042073726654052734,0.03602099418640137,3138,0.030215740203857422
603,AES,0.03170013427734375,0.030877113342285156,1730,0.02935934066772461
603,No_Encryption,0.029320716857910156,0.02821826934814453,1378,0.030616283416748047
604,PQC,0.04092073440551758,0.03550148010253906,3138,0.02852606773376465
604,AES,0.030189037322998047,0.029068470001220703,1730,0.02926778793334961
604,No_Encryption,0.030173778533935547,0.025454044342041016,1378,0.03128838539123535
605,PQC,0.0345768928527832,0.03161740303039551,3138,0.02803635597229004
605,AES,0.02864837646484375,0.027727365493774414,1730,0.030653953552246094
605,No_Encryption,0.027474164962768555,0.027004241943359375,1378,0.028951406478881836
606,PQC,0.03573155403137207,0.03410744667053223,3138,0.027045249938964844
606,AES,0.027617931365966797,0.027264833450317383,1730,0.025774717330932617
606,No_Encryption,0.023840904235839844,0.02199244499206543,1378,0.022879362106323242
607,PQC,0.0283968448638916,0.023953676223754883,3138,0.020665645599365234
607,AES,0.020484447479248047,0.019724607467651367,1730,0.020106792449951172
607,No_Encryption,0.01865696907043457,0.016943931579589844,1378,0.01913309097290039
608,PQC,0.02622818946838379,0.02095961570739746,3138,0.020252466201782227
608,AES,0.019623517990112305,0.018095970153808594,1730,0.018410682678222656
608,No_Encryption,0.019957304000854492,0.0170748233795166,1378,0.017889976501464844
609,PQC,0.025769472122192383,0.020128726959228516,3138,0.016922473907470703
609,AES,0.019903182983398438,0.017388343811035156,1730,0.019636869430541992
609,No_Encryption,0.018105268478393555,0.01636791229248047,1378,0.017594575881958008
610,PQC,0.022639751434326172,0.020030498504638672,3138,0.01836681365966797
610,AES,0.01884150505065918,0.016652345657348633,1730,0.01961660385131836
610,No_Encryption,0.018270492553710938,0.016455650329589844,1378,0.018021583557128906
611,PQC,0.020560264587402344,0.021424055099487305,3138,0.01802682876586914
611,AES,0.019031524658203125,0.018625974655151367,1730,0.017510175704956055
611,No_Encryption,0.018614768981933594,0.016385793685913086,1378,0.018422603607177734
612,PQC,0.027752399444580078,0.022233963012695312,3138,0.019735336303710938
612,AES,0.0257418155670166,0.02224111557006836,1730,0.02056574821472168
612,No_Encryption,0.020186185836791992,0.019450664520263672,1378,0.02286362648010254
613,PQC,0.027749300003051758,0.025813579559326172,3138,0.024297237396240234
613,AES,0.023105144500732422,0.02360057830810547,1730,0.024667024612426758
613,No_Encryption,0.026404619216918945,0.02189016342163086,1378,0.02664494514465332
614,PQC,0.028304100036621094,0.032059431076049805,3138,0.02435612678527832
614,AES,0.02950000762939453,0.027294635772705078,1730,0.027849197387695312
614,No_Encryption,0.02428460121154785,0.023524761199951172,1378,0.026803016662597656
615,PQC,0.032834768295288086,0.0338289737701416,3138,0.028628110885620117
615,AES,0.028266191482543945,0.029715299606323242,1730,0.02800583839416504
615,No_Encryption,0.027009248733520508,0.024671554565429688,1378,0.028776168823242188
616,PQC,0.03545832633972168,0.03404593467712402,3138,0.03130817413330078
616,AES,0.03219938278198242,0.036403656005859375,1730,0.03236222267150879
616,No_Encryption,0.028026103973388672,0.029584646224975586,1378,0.03242611885070801
617,PQC,0.03517770767211914,0.037252187728881836,3138,0.03273963928222656
617,AES,0.031010866165161133,0.030493497848510742,1730,0.02910923957824707
617,No_Encryption,0.027366161346435547,0.02500128746032715,1378,0.027706146240234375
618,PQC,0.03266263008117676,0.03379082679748535,3138,0.028434038162231445
618,AES,0.027028560638427734,0.028447866439819336,1730,0.028212547302246094
618,No_Encryption,0.025926828384399414,0.026024580001831055,1378,0.02620673179626465
619,PQC,0.03636789321899414,0.03217053413391113,3138,0.02899312973022461
619,AES,0.031710147857666016,0.029400348663330078,1730,0.029946088790893555
619,No_Encryption,0.03185224533081055,0.027417659759521484,1378,0.03162503242492676
620,PQC,0.039865732192993164,0.0342402458190918,3138,0.03060293197631836
620,AES,0.030855178833007812,0.03031778335571289,1730,0.02778768539428711
620,No_Encryption,0.03303050994873047,0.024760723114013672,1378,0.02979445457458496
621,PQC,0.0339503288269043,0.03155326843261719,3138,0.028069496154785156
621,AES,0.028129100799560547,0.031285762786865234,1730,0.02884650230407715
621,No_Encryption,0.02942061424255371,0.024788856506347656,1378,0.029053449630737305
622,PQC,0.034453392028808594,0.03225421905517578,3138,0.02751326560974121
622,AES,0.0289304256439209,0.02881765365600586,1730,0.02938103675842285
622,No_Encryption,0.028846025466918945,0.0270993709564209,1378,0.028999805450439453
623,PQC,0.032822608947753906,0.03579235076904297,3138,0.027848243713378906
623,AES,0.0286712646484375,0.03124833106994629,1730,0.031632423400878906
623,No_Encryption,0.027424335479736328,0.026547670364379883,1378,0.03173327445983887
624,PQC,0.034873008728027344,0.032362937927246094,3138,0.029309988021850586
624,AES,0.029307126998901367,0.028023242950439453,1730,0.027790307998657227
624,No_Encryption,0.02630758285522461,0.025432586669921875,1378,0.027518749237060547
625,PQC,0.03707718849182129,0.035898685455322266,3138,0.028218746185302734
625,AES,0.027884483337402344,0.027933120727539062,1730,0.026639223098754883
625,No_Encryption,0.027866125106811523,0.026852846145629883,1378,0.027873992919921875
626,PQC,0.03151845932006836,0.03143000602722168,3138,0.028412342071533203
626,AES,0.03143811225891113,0.026966333389282227,1730,0.02634739875793457
626,No_Encryption,0.02578592300415039,0.02534770965576172,1378,0.028553485870361328
627,PQC,0.032987117767333984,0.03090524673461914,3138,0.02612590789794922
627,AES,0.02922511100769043,0.027947664260864258,1730,0.02640080451965332
627,No_Encryption,0.0279998779296875,0.02528214454650879,1378,0.02785491943359375
628,PQC,0.03539013862609863,0.039403438568115234,3138,0.028046369552612305
628,AES,0.02831244468688965,0.02953195571899414,1730,0.027619123458862305
628,No_Encryption,0.02606511116027832,0.024151086807250977,1378,0.028686046600341797
629,PQC,0.03082418441772461,0.030487060546875,3138,0.02612471580505371
629,AES,0.027382612228393555,0.027564525604248047,1730,0.030564069747924805
629,No_Encryption,0.03782534599304199,0.030024290084838867,1378,0.03297758102416992
630,PQC,0.04082131385803223,0.03834867477416992,3138,0.029477596282958984
630,AES,0.0300295352935791,0.030391931533813477,1730,0.028657197952270508
630,No_Encryption,0.030790090560913086,0.0258941650390625,1378,0.02759718894958496
631,PQC,0.035513877868652344,0.032270193099975586,3138,0.02810192108154297
631,AES,0.028551340103149414,0.028276920318603516,1730,0.028087615966796875
631,No_Encryption,0.02723836898803711,0.02474498748779297,1378,0.02755880355834961
632,PQC,0.03445625305175781,0.03136706352233887,3138,0.029415369033813477
632,AES,0.03075242042541504,0.028717041015625,1730,0.030715227127075195
632,No_Encryption,0.027060747146606445,0.02442622184753418,1378,0.030963897705078125
633,PQC,0.03597593307495117,0.03380155563354492,3138,0.03099656105041504
633,AES,0.03253173828125,0.028533220291137695,1730,0.030871152877807617
633,No_Encryption,0.03429436683654785,0.028468608856201172,1378,0.029735326766967773
634,PQC,0.03242683410644531,0.031850337982177734,3138,0.02733612060546875
634,AES,0.028949737548828125,0.028362751007080078,1730,0.028273582458496094
634,No_Encryption,0.030087709426879883,0.026514053344726562,1378,0.0323793888092041
635,PQC,0.03534221649169922,0.031046628952026367,3138,0.02837538719177246
635,AES,0.029549598693847656,0.03145098686218262,1730,0.029175519943237305
635,No_Encryption,0.028352975845336914,0.025164127349853516,1378,0.028905868530273438
636,PQC,0.0306549072265625,0.02839183807373047,3138,0.02341318130493164
636,AES,0.03059673309326172,0.02267622947692871,1730,0.02334308624267578
636,No_Encryption,0.01879262924194336,0.01835465431213379,1378,0.020030975341796875
637,PQC,0.023673057556152344,0.021578311920166016,3138,0.017721176147460938
637,AES,0.019597291946411133,0.018364667892456055,1730,0.018898487091064453
637,No_Encryption,0.01793360710144043,0.017813444137573242,1378,0.019034862518310547
638,PQC,0.0226287841796875,0.02256917953491211,3138,0.017560482025146484
638,AES,0.021740436553955078,0.017260074615478516,1730,0.018360614776611328
638,No_Encryption,0.019158363342285156,0.016370773315429688,1378,0.01919078826904297
639,PQC,0.02111649513244629,0.021480798721313477,3138,0.01741170883178711
639,AES,0.022252798080444336,0.01760578155517578,1730,0.016230106353759766
639,No_Encryption,0.017600536346435547,0.016443490982055664,1378,0.019205570220947266
640,PQC,0.02246403694152832,0.021158456802368164,3138,0.0183260440826416
640,AES,0.017630338668823242,0.01841568946838379,1730,0.017303466796875
640,No_Encryption,0.020992755889892578,0.01617574691772461,1378,0.018903017044067383
641,PQC,0.022561073303222656,0.02141404151916504,3138,0.019824743270874023
641,AES,0.02056097984313965,0.020469188690185547,1730,0.02008843421936035
641,No_Encryption,0.020642995834350586,0.018791913986206055,1378,0.02257704734802246
642,PQC,0.025921106338500977,0.025847911834716797,3138,0.023451805114746094
642,AES,0.02572464942932129,0.02377772331237793,1730,0.024532318115234375
642,No_Encryption,0.026294231414794922,0.0265200138092041,1378,0.03053116798400879
643,PQC,0.0321345329284668,0.030789613723754883,3138,0.026498794555664062
643,AES,0.027622699737548828,0.028341293334960938,1730,0.025920391082763672
643,No_Encryption,0.027667999267578125,0.02708268165588379,1378,0.029165983200073242
644,PQC,0.031041383743286133,0.03289985656738281,3138,0.025481462478637695
644,AES,0.02780628204345703,0.028006315231323242,1730,0.027936935424804688
644,No_Encryption,0.026009559631347656,0.024195432662963867,1378,0.028057336807250977
645,PQC,0.03131914138793945,0.030144214630126953,3138,0.02967214584350586
645,AES,0.02924633026123047,0.026444673538208008,1730,0.027835845947265625
645,No_Encryption,0.03207564353942871,0.02511000633239746,1378,0.029819488525390625
646,PQC,0.03615760803222656,0.0340116024017334,3138,0.027672529220581055
646,AES,0.03637075424194336,0.026334047317504883,1730,0.026856660842895508
646,No_Encryption,0.03221845626831055,0.023746728897094727,1378,0.028306007385253906
647,PQC,0.03733372688293457,0.03381180763244629,3138,0.030417680740356445
647,AES,0.031728267669677734,0.027358055114746094,1730,0.02748870849609375
647,No_Encryption,0.02527785301208496,0.0235135555267334,1378,0.027495384216308594
648,PQC,0.032209157943725586,0.030469655990600586,3138,0.02622842788696289
648,AES,0.02777099609375,0.027839183807373047,1730,0.026917695999145508
648,No_Encryption,0.02605462074279785,0.024952173233032227,1378,0.03020477294921875
649,PQC,0.03304886817932129,0.03276228904724121,3138,0.026207923889160156
649,AES,0.02938556671142578,0.030062437057495117,1730,0.02992105484008789
649,No_Encryption,0.026430845260620117,0.0251312255859375,1378,0.027150630950927734
650,PQC,0.03200507164001465,0.0330660343170166,3138,0.02677178382873535
650,AES,0.030053377151489258,0.03164267539978027,1730,0.030328035354614258
650,No_Encryption,0.030009031295776367,0.024430274963378906,1378,0.028822660446166992
651,PQC,0.033655643463134766,0.032681941986083984,3138,0.03074812889099121
651,AES,0.030643463134765625,0.029677867889404297,1730,0.02826690673828125
651,No_Encryption,0.028335094451904297,0.024617910385131836,1378,0.02849578857421875
652,PQC,0.03340625762939453,0.03264498710632324,3138,0.031223773956298828
652,AES,0.028603315353393555,0.026910781860351562,1730,0.027684450149536133
652,No_Encryption,0.027095317840576172,0.025470733642578125,1378,0.028179645538330078
653,PQC,0.0336456298828125,0.03599739074707031,3138,0.028108835220336914
653,AES,0.03355765342712402,0.027587890625,1730,0.0265200138092041
653,No_Encryption,0.027111530303955078,0.024779319763183594,1378,0.02778482437133789
654,PQC,0.03678274154663086,0.03232860565185547,3138,0.028851032257080078
654,AES,0.02632284164428711,0.026181697845458984,1730,0.02688908576965332
654,No_Encryption,0.02628183364868164,0.025959014892578125,1378,0.02550196647644043
655,PQC,0.030385971069335938,0.03611278533935547,3138,0.03190779685974121
655,AES,0.03589677810668945,0.031707048416137695,1730,0.030310630798339844
655,No_Encryption,0.028422832489013672,0.028311967849731445,1378,0.030437707901000977
656,PQC,0.03792834281921387,0.03859090805053711,3138,0.02959895133972168
656,AES,0.030635595321655273,0.028938770294189453,1730,0.030155658721923828
656,No_Encryption,0.027598857879638672,0.026766300201416016,1378,0.029947519302368164
657,PQC,0.04183626174926758,0.032793283462524414,3138,0.03082442283630371
657,AES,0.030765533447265625,0.030437469482421875,1730,0.029520750045776367
657,No_Encryption,0.027879953384399414,0.026519060134887695,1378,0.02798008918762207
658,PQC,0.03466534614562988,0.03416800498962402,3138,0.031132936477661133
658,AES,0.02919173240661621,0.026437997817993164,1730,0.0269472599029541
658,No_Encryption,0.026134729385375977,0.024864673614501953,1378,0.02740645408630371
659,PQC,0.03490877151489258,0.03254818916320801,3138,0.03025984764099121
659,AES,0.03393197059631348,0.027130126953125,1730,0.027571678161621094
659,No_Encryption,0.025189638137817383,0.0259096622467041,1378,0.02794814109802246
660,PQC,0.035958290100097656,0.03258633613586426,3138,0.028506755828857422
660,AES,0.02857041358947754,0.025485754013061523,1730,0.027883529663085938
660,No_Encryption,0.028215885162353516,0.025224924087524414,1378,0.029733657836914062
661,PQC,0.0400242805480957,0.03340792655944824,3138,0.030817747116088867
661,AES,0.030094385147094727,0.02928757667541504,1730,0.02792501449584961
661,No_Encryption,0.031769514083862305,0.027179718017578125,1378,0.030821561813354492
662,PQC,0.034845590591430664,0.03454303741455078,3138,0.029007673263549805
662,AES,0.030775785446166992,0.028806447982788086,1730,0.02923583984375
662,No_Encryption,0.028067588806152344,0.027417659759521484,1378,0.029479503631591797
663,PQC,0.03820061683654785,0.033616065979003906,3138,0.031659603118896484
663,AES,0.03547954559326172,0.030495643615722656,1730,0.028702497482299805
663,No_Encryption,0.028128862380981445,0.02570176124572754,1378,0.02966761589050293
664,PQC,0.0342252254486084,0.032596588134765625,3138,0.027805328369140625
664,AES,0.03141427040100098,0.029781579971313477,1730,0.02871990203857422
664,No_Encryption,0.026279687881469727,0.02443385124206543,1378,0.02687358856201172
665,PQC,0.03832435607910156,0.032006025314331055,3138,0.027695655822753906
665,AES,0.028371810913085938,0.026546001434326172,1730,0.026793956756591797
665,No_Encryption,0.033171653747558594,0.024370670318603516,1378,0.03047466278076172
666,PQC,0.03888702392578125,0.030176877975463867,3138,0.026343822479248047
666,AES,0.027868270874023438,0.02510523796081543,1730,0.02862834930419922
666,No_Encryption,0.034155845642089844,0.025969743728637695,1378,0.031989097595214844
667,PQC,0.031062602996826172,0.030980587005615234,3138,0.028496742248535156
667,AES,0.047438621520996094,0.03498959541320801,1730,0.03249526023864746
667,No_Encryption,0.03233456611633301,0.027862071990966797,1378,0.02859640121459961
668,PQC,0.044571638107299805,0.03285574913024902,3138,0.03022623062133789
668,AES,0.03005051612854004,0.030452728271484375,1730,0.028470277786254883
668,No_Encryption,0.03062725067138672,0.02768397331237793,1378,0.028092145919799805
669,PQC,0.0377659797668457,0.03236508369445801,3138,0.029758691787719727
669,AES,0.028519868850708008,0.027406930923461914,1730,0.02697587013244629
669,No_Encryption,0.03254103660583496,0.02419424057006836,1378,0.030076265335083008
670,PQC,0.031139612197875977,0.03222322463989258,3138,0.02742743492126465
670,AES,0.029515504837036133,0.028643369674682617,1730,0.028124094009399414
670,No_Encryption,0.02932119369506836,0.025527477264404297,1378,0.029059410095214844
671,PQC,0.03736066818237305,0.03313493728637695,3138,0.025653600692749023
671,AES,0.02846217155456543,0.02819204330444336,1730,0.026810884475708008
671,No_Encryption,0.029283761978149414,0.025379180908203125,1378,0.028903722763061523
672,PQC,0.03408074378967285,0.03116607666015625,3138,0.026885271072387695
672,AES,0.029581546783447266,0.030978918075561523,1730,0.028420209884643555
672,No_Encryption,0.027484655380249023,0.02558755874633789,1378,0.027792930603027344
673,PQC,0.04012012481689453,0.03472137451171875,3138,0.02791142463684082
673,AES,0.03756856918334961,0.030913352966308594,1730,0.02796483039855957
673,No_Encryption,0.030492067337036133,0.026129722595214844,1378,0.03178095817565918
674,PQC,0.0347440242767334,0.03419923782348633,3138,0.027017831802368164
674,AES,0.028426408767700195,0.02989649772644043,1730,0.02756357192993164
674,No_Encryption,0.026457786560058594,0.02562117576599121,1378,0.028632640838623047
675,PQC,0.03366661071777344,0.03369712829589844,3138,0.02866840362548828
675,AES,0.028881311416625977,0.028215885162353516,1730,0.026140928268432617
675,No_Encryption,0.027619600296020508,0.02541828155517578,1378,0.029543638229370117
676,PQC,0.031359195709228516,0.029974937438964844,3138,0.02465963363647461
676,AES,0.034455060958862305,0.029652118682861328,1730,0.0293123722076416
676,No_Encryption,0.02809619903564453,0.024849414825439453,1378,0.02815723419189453
677,PQC,0.032990217208862305,0.03355073928833008,3138,0.026467323303222656
677,AES,0.02890801429748535,0.027092695236206055,1730,0.026837825775146484
677,No_Encryption,0.029137611389160156,0.026112794876098633,1378,0.029941797256469727
678,PQC,0.035237789154052734,0.03083658218383789,3138,0.028623104095458984
678,AES,0.026378631591796875,0.027764081954956055,1730,0.029961109161376953
678,No_Encryption,0.02549004554748535,0.023145437240600586,1378,0.023293733596801758
679,PQC,0.027060508728027344,0.024109363555908203,3138,0.021795034408569336
679,AES,0.022417068481445312,0.021909236907958984,1730,0.022056102752685547
679,No_Encryption,0.01862621307373047,0.017489910125732422,1378,0.01815176010131836
680,PQC,0.021488666534423828,0.020615100860595703,3138,0.01907658576965332
680,AES,0.020524024963378906,0.01889824867248535,1730,0.021430015563964844
680,No_Encryption,0.02261829376220703,0.017729520797729492,1378,0.01937103271484375
681,PQC,0.021395206451416016,0.021600961685180664,3138,0.018097400665283203
681,AES,0.021961688995361328,0.017942428588867188,1730,0.016941308975219727
681,No_Encryption,0.020086050033569336,0.016170501708984375,1378,0.017737865447998047
682,PQC,0.022676706314086914,0.02052474021911621,3138,0.019266366958618164
682,AES,0.018887996673583984,0.017563819885253906,1730,0.019887208938598633
682,No_Encryption,0.01836371421813965,0.016184329986572266,1378,0.0194857120513916
683,PQC,0.02324223518371582,0.020174741744995117,3138,0.019896507263183594
683,AES,0.018129348754882812,0.017913818359375,1730,0.0170443058013916
683,No_Encryption,0.01706075668334961,0.016179323196411133,1378,0.01840996742248535
684,PQC,0.021661043167114258,0.019812345504760742,3138,0.017652511596679688
684,AES,0.01942133903503418,0.018344879150390625,1730,0.0198211669921875
684,No_Encryption,0.01733708381652832,0.016161203384399414,1378,0.018299341201782227
685,PQC,0.022066593170166016,0.021286487579345703,3138,0.01790308952331543
685,AES,0.023108243942260742,0.01698446273803711,1730,0.018027305603027344
685,No_Encryption,0.018100500106811523,0.016652822494506836,1378,0.019861221313476562
686,PQC,0.021941184997558594,0.019063234329223633,3138,0.01922774314880371
686,AES,0.02040410041809082,0.018185853958129883,1730,0.017407894134521484
686,No_Encryption,0.021992921829223633,0.016169309616088867,1378,0.018115520477294922
687,PQC,0.022676467895507812,0.02091693878173828,3138,0.01704096794128418
687,AES,0.0193328857421875,0.018517732620239258,1730,0.019176244735717773
687,No_Encryption,0.01803874969482422,0.015784740447998047,1378,0.01797628402709961
688,PQC,0.021158218383789062,0.019293546676635742,3138,0.019153118133544922
688,AES,0.02089381217956543,0.01871204376220703,1730,0.017592906951904297
688,No_Encryption,0.021297454833984375,0.016335487365722656,1378,0.018040180206298828
689,PQC,0.021317481994628906,0.020272493362426758,3138,0.017597675323486328
689,AES,0.01863574981689453,0.01839160919189453,1730,0.021060705184936523
689,No_Encryption,0.019133567810058594,0.018677711486816406,1378,0.020061492919921875
690,PQC,0.026224613189697266,0.025013208389282227,3138,0.022738218307495117
690,AES,0.02347707748413086,0.022827625274658203,1730,0.021506071090698242
690,No_Encryption,0.0214083194732666,0.020685195922851562,1378,0.0232236385345459
691,PQC,0.027724027633666992,0.02808523178100586,3138,0.025104284286499023
691,AES,0.027933359146118164,0.024911880493164062,1730,0.023289203643798828
691,No_Encryption,0.024789810180664062,0.023363351821899414,1378,0.030913829803466797
692,PQC,0.03195667266845703,0.030800819396972656,3138,0.026539325714111328
692,AES,0.029532909393310547,0.026974201202392578,1730,0.025525331497192383
692,No_Encryption,0.030955076217651367,0.025098800659179688,1378,0.027670621871948242
693,PQC,0.03508877754211426,0.030937910079956055,3138,0.02700638771057129
693,AES,0.03464674949645996,0.02936840057373047,1730,0.02873086929321289
693,No_Encryption,0.02671957015991211,0.02432870864868164,1378,0.03621721267700195
694,PQC,0.03498387336730957,0.03520655632019043,3138,0.03217911720275879
694,AES,0.03102254867553711,0.0292055606842041,1730,0.028598308563232422
694,No_Encryption,0.029938697814941406,0.026121139526367188,1378,0.028985261917114258
695,PQC,0.033358097076416016,0.03393387794494629,3138,0.029988527297973633
695,AES,0.03363204002380371,0.029013633728027344,1730,0.028941869735717773
695,No_Encryption,0.028613805770874023,0.026557207107543945,1378,0.027782678604125977
696,PQC,0.037377357482910156,0.034201860427856445,3138,0.03003096580505371
696,AES,0.03728818893432617,0.02871990203857422,1730,0.028302669525146484
696,No_Encryption,0.025560855865478516,0.02619481086730957,1378,0.029922008514404297
697,PQC,0.035065412521362305,0.03341865539550781,3138,0.02829599380493164
697,AES,0.03399324417114258,0.02929210662841797,1730,0.030436277389526367
697,No_Encryption,0.029415607452392578,0.02617669105529785,1378,0.028401613235473633
698,PQC,0.03401374816894531,0.031651973724365234,3138,0.029300451278686523
698,AES,0.03674149513244629,0.028252840042114258,1730,0.029385805130004883
698,No_Encryption,0.03031611442565918,0.02908158302307129,1378,0.030422687530517578
699,PQC,0.03471207618713379,0.03301048278808594,3138,0.028888940811157227
699,AES,0.03130960464477539,0.031485557556152344,1730,0.02859354019165039
699,No_Encryption,0.02873969078063965,0.02586674690246582,1378,0.027265310287475586
700,PQC,0.03181934356689453,0.03423619270324707,3138,0.027788639068603516
700,AES,0.03176283836364746,0.029074907302856445,1730,0.03063201904296875
700,No_Encryption,0.02642202377319336,0.025106191635131836,1378,0.028739213943481445
701,PQC,0.035689592361450195,0.03454232215881348,3138,0.027238845825195312
701,AES,0.02733159065246582,0.02691197395324707,1730,0.027758359909057617
701,No_Encryption,0.02626800537109375,0.024426937103271484,1378,0.0290372371673584
702,PQC,0.03303194046020508,0.03159594535827637,3138,0.030725955963134766
702,AES,0.03379058837890625,0.029773712158203125,1730,0.02827286720275879
702,No_Encryption,0.0314486026763916,0.026272058486938477,1378,0.02739095687866211
703,PQC,0.032449960708618164,0.03442502021789551,3138,0.02953648567199707
703,AES,0.02760624885559082,0.027225494384765625,1730,0.028615236282348633
703,No_Encryption,0.028049230575561523,0.02490711212158203,1378,0.028220176696777344
704,PQC,0.034395456314086914,0.034537553787231445,3138,0.027668476104736328
704,AES,0.028083324432373047,0.0307464599609375,1730,0.030178308486938477
704,No_Encryption,0.02866649627685547,0.023621559143066406,1378,0.028656005859375
705,PQC,0.03284025192260742,0.033356428146362305,3138,0.028558015823364258
705,AES,0.03386497497558594,0.03169107437133789,1730,0.02706623077392578
705,No_Encryption,0.0290219783782959,0.02698373794555664,1378,0.04023599624633789
706,PQC,0.052590131759643555,0.038886070251464844,3138,0.033766746520996094
706,AES,0.03989887237548828,0.03412365913391113,1730,0.03073287010192871
706,No_Encryption,0.03180074691772461,0.026036977767944336,1378,0.02957916259765625
707,PQC,0.03647041320800781,0.034171342849731445,3138,0.028887033462524414
707,AES,0.030453205108642578,0.02890777587890625,1730,0.02838444709777832
707,No_Encryption,0.026774168014526367,0.025173664093017578,1378,0.027924776077270508
708,PQC,0.03319144248962402,0.03273797035217285,3138,0.0294492244720459
708,AES,0.02847599983215332,0.026609420776367188,1730,0.02780628204345703
708,No_Encryption,0.027789831161499023,0.02530074119567871,1378,0.03071761131286621
709,PQC,0.03625059127807617,0.03224897384643555,3138,0.02895975112915039
709,AES,0.030047893524169922,0.029868125915527344,1730,0.027927637100219727
709,No_Encryption,0.03014373779296875,0.025830745697021484,1378,0.029077768325805664
710,PQC,0.035318613052368164,0.03399991989135742,3138,0.03217124938964844
710,AES,0.02738642692565918,0.029757261276245117,1730,0.028235673904418945
710,No_Encryption,0.02616739273071289,0.02424144744873047,1378,0.03154301643371582
711,PQC,0.03424811363220215,0.03360128402709961,3138,0.030352115631103516
711,AES,0.029189586639404297,0.028619050979614258,1730,0.028033971786499023
711,No_Encryption,0.03076767921447754,0.025011301040649414,1378,0.027082443237304688
712,PQC,0.04018449783325195,0.0337376594543457,3138,0.02971029281616211
712,AES,0.029998302459716797,0.029221534729003906,1730,0.028755903244018555
712,No_Encryption,0.02719902992248535,0.025272130966186523,1378,0.029528379440307617
713,PQC,0.03454709053039551,0.034390926361083984,3138,0.02834606170654297
713,AES,0.03244209289550781,0.03279733657836914,1730,0.02905893325805664
713,No_Encryption,0.027850627899169922,0.026407957077026367,1378,0.030872583389282227
714,PQC,0.0331110954284668,0.033429861068725586,3138,0.029517173767089844
714,AES,0.03231000900268555,0.030080318450927734,1730,0.028334617614746094
714,No_Encryption,0.025961637496948242,0.025215864181518555,1378,0.027968645095825195
715,PQC,0.03407001495361328,0.03162360191345215,3138,0.026393651962280273
715,AES,0.03198695182800293,0.02906203269958496,1730,0.029701709747314453
715,No_Encryption,0.030310392379760742,0.02719283103942871,1378,0.027313232421875
716,PQC,0.035166263580322266,0.03397250175476074,3138,0.02757430076599121
716,AES,0.02814650535583496,0.028053760528564453,1730,0.026366472244262695
716,No_Encryption,0.026833057403564453,0.02538013458251953,1378,0.026662588119506836
717,PQC,0.03313446044921875,0.03413748741149902,3138,0.026424884796142578
717,AES,0.032022714614868164,0.03248429298400879,1730,0.036620378494262695
717,No_Encryption,0.029134511947631836,0.02723836898803711,1378,0.0288999080657959
718,PQC,0.041528940200805664,0.03399825096130371,3138,0.03305959701538086
718,AES,0.030767202377319336,0.030465126037597656,1730,0.028612613677978516
718,No_Encryption,0.036672353744506836,0.025941133499145508,1378,0.03169751167297363
719,PQC,0.03478193283081055,0.03260970115661621,3138,0.030895709991455078
719,AES,0.038422584533691406,0.028055667877197266,1730,0.029778718948364258
719,No_Encryption,0.03099799156188965,0.0268709659576416,1378,0.028026819229125977
720,PQC,0.034247636795043945,0.0318453311920166,3138,0.029607534408569336
720,AES,0.02998661994934082,0.029626846313476562,1730,0.02992105484008789
720,No_Encryption,0.026172637939453125,0.026956558227539062,1378,0.028465986251831055
721,PQC,0.03249096870422363,0.032845497131347656,3138,0.027691364288330078
721,AES,0.03195047378540039,0.0273587703704834,1730,0.026221513748168945
721,No_Encryption,0.02658700942993164,0.023597002029418945,1378,0.027056217193603516
722,PQC,0.036338090896606445,0.031714439392089844,3138,0.027846097946166992
722,AES,0.03215956687927246,0.02985525131225586,1730,0.028815031051635742
722,No_Encryption,0.025463104248046875,0.027020931243896484,1378,0.028756380081176758
723,PQC,0.031261444091796875,0.03134512901306152,3138,0.026208162307739258
723,AES,0.029920339584350586,0.02290201187133789,1730,0.0215609073638916
723,No_Encryption,0.020969867706298828,0.0195462703704834,1378,0.02010488510131836
724,PQC,0.023403406143188477,0.02253580093383789,3138,0.020743131637573242
724,AES,0.023058414459228516,0.01868581771850586,1730,0.019098997116088867
724,No_Encryption,0.019322872161865234,0.016869783401489258,1378,0.019328594207763672
725,PQC,0.02162766456604004,0.02096843719482422,3138,0.01754903793334961
725,AES,0.020554304122924805,0.018696308135986328,1730,0.017755746841430664
725,No_Encryption,0.02086639404296875,0.01680922508239746,1378,0.01854705810546875
726,PQC,0.02412891387939453,0.02274799346923828,3138,0.018757343292236328
726,AES,0.025491714477539062,0.019036531448364258,1730,0.01866316795349121
726,No_Encryption,0.019129514694213867,0.016347169876098633,1378,0.018756628036499023
727,PQC,0.025507688522338867,0.019822120666503906,3138,0.017737627029418945
727,AES,0.02402973175048828,0.017806291580200195,1730,0.01977229118347168
727,No_Encryption,0.01848745346069336,0.015894174575805664,1378,0.018779277801513672
728,PQC,0.022380590438842773,0.02179551124572754,3138,0.0181729793548584
728,AES,0.02108311653137207,0.018983125686645508,1730,0.019135236740112305
728,No_Encryption,0.02057504653930664,0.017226457595825195,1378,0.01878952980041504
729,PQC,0.022233963012695312,0.020975112915039062,3138,0.01880478858947754
729,AES,0.01923084259033203,0.019862890243530273,1730,0.020729780197143555
729,No_Encryption,0.017570972442626953,0.016134977340698242,1378,0.019081592559814453
730,PQC,0.026000261306762695,0.020637989044189453,3138,0.017629623413085938
730,AES,0.020579814910888672,0.018749237060546875,1730,0.018470287322998047
730,No_Encryption,0.017789125442504883,0.01628589630126953,1378,0.020696401596069336
731,PQC,0.022263288497924805,0.020289182662963867,3138,0.019376754760742188
731,AES,0.019041061401367188,0.018848896026611328,1730,0.017969131469726562
731,No_Encryption,0.02208876609802246,0.017607927322387695,1378,0.0218050479888916
732,PQC,0.027240514755249023,0.023441314697265625,3138,0.018146991729736328
732,AES,0.02052783966064453,0.018182754516601562,1730,0.019393205642700195
732,No_Encryption,0.02008533477783203,0.016924142837524414,1378,0.018934011459350586
733,PQC,0.02207183837890625,0.021374940872192383,3138,0.018238306045532227
733,AES,0.02026510238647461,0.0188140869140625,1730,0.01861095428466797
733,No_Encryption,0.020191192626953125,0.020673274993896484,1378,0.02210712432861328
734,PQC,0.026790142059326172,0.027485132217407227,3138,0.02411961555480957
734,AES,0.025162458419799805,0.0241549015045166,1730,0.02494025230407715
734,No_Encryption,0.02376842498779297,0.021929025650024414,1378,0.023047924041748047
735,PQC,0.030393123626708984,0.032076358795166016,3138,0.0271298885345459
735,AES,0.026868343353271484,0.025071382522583008,1730,0.02725815773010254
735,No_Encryption,0.027136802673339844,0.023768186569213867,1378,0.027345895767211914
736,PQC,0.03391098976135254,0.0314633846282959,3138,0.02751612663269043
736,AES,0.029194355010986328,0.028765439987182617,1730,0.02719283103942871
736,No_Encryption,0.029549598693847656,0.025099754333496094,1378,0.02754664421081543
737,PQC,0.03276705741882324,0.030384540557861328,3138,0.02882528305053711
737,AES,0.029102325439453125,0.027561664581298828,1730,0.02651238441467285
737,No_Encryption,0.02709364891052246,0.02663874626159668,1378,0.029712915420532227
738,PQC,0.03431510925292969,0.033783674240112305,3138,0.02880716323852539
738,AES,0.029999732971191406,0.02839803695678711,1730,0.028218984603881836
738,No_Encryption,0.026115894317626953,0.024769067764282227,1378,0.027663230895996094
739,PQC,0.035939931869506836,0.03220057487487793,3138,0.02840113639831543
739,AES,0.03271913528442383,0.029422998428344727,1730,0.028326034545898438
739,No_Encryption,0.030870676040649414,0.02552056312561035,1378,0.028719425201416016
740,PQC,0.03550291061401367,0.03071141242980957,3138,0.026024580001831055
740,AES,0.03137397766113281,0.03060317039489746,1730,0.027301311492919922
740,No_Encryption,0.027476787567138672,0.02479267120361328,1378,0.02863454818725586
741,PQC,0.03299283981323242,0.03281259536743164,3138,0.03052663803100586
741,AES,0.031589508056640625,0.02716994285583496,1730,0.028660297393798828
741,No_Encryption,0.029224634170532227,0.02475738525390625,1378,0.03209686279296875
742,PQC,0.037851572036743164,0.03248310089111328,3138,0.02868962287902832
742,AES,0.030545711517333984,0.0263216495513916,1730,0.026162385940551758
742,No_Encryption,0.028408527374267578,0.02574753761291504,1378,0.029904603958129883
743,PQC,0.039452552795410156,0.034737348556518555,3138,0.03028082847595215
743,AES,0.02801036834716797,0.028525590896606445,1730,0.028995275497436523
743,No_Encryption,0.027364015579223633,0.027115583419799805,1378,0.030841588973999023
744,PQC,0.03716135025024414,0.03766322135925293,3138,0.030741453170776367
744,AES,0.05243706703186035,0.03394126892089844,1730,0.030121326446533203
744,No_Encryption,0.03189373016357422,0.02917957305908203,1378,0.0348057746887207
745,PQC,0.03721976280212402,0.03384995460510254,3138,0.027388572692871094
745,AES,0.028378009796142578,0.029155492782592773,1730,0.029680967330932617
745,No_Encryption,0.036917924880981445,0.026852130889892578,1378,0.03463125228881836
746,PQC,0.0335848331451416,0.031133174896240234,3138,0.029994964599609375
746,AES,0.029857397079467773,0.028676986694335938,1730,0.028942346572875977
746,No_Encryption,0.02771282196044922,0.02650284767150879,1378,0.03264975547790527
747,PQC,0.03279471397399902,0.0347905158996582,3138,0.02757859230041504
747,AES,0.029479026794433594,0.025990009307861328,1730,0.030748605728149414
747,No_Encryption,0.033544301986694336,0.025447368621826172,1378,0.030721664428710938
748,PQC,0.03978538513183594,0.0360867977142334,3138,0.027317047119140625
748,AES,0.028920412063598633,0.026311397552490234,1730,0.02788686752319336
748,No_Encryption,0.029406070709228516,0.02549147605895996,1378,0.029227256774902344
749,PQC,0.03251791000366211,0.031885623931884766,3138,0.02692246437072754
749,AES,0.029613256454467773,0.029062271118164062,1730,0.02710890769958496
749,No_Encryption,0.030823469161987305,0.02652597427368164,1378,0.02976202964782715
750,PQC,0.03890872001647949,0.03403210639953613,3138,0.028975248336791992
750,AES,0.028901338577270508,0.027518272399902344,1730,0.02899789810180664
750,No_Encryption,0.02612447738647461,0.024065256118774414,1378,0.02748847007751465
751,PQC,0.033269405364990234,0.030257225036621094,3138,0.02702617645263672
751,AES,0.026754140853881836,0.027344226837158203,1730,0.030349016189575195
751,No_Encryption,0.0318760871887207,0.024522781372070312,1378,0.02827906608581543
752,PQC,0.03414607048034668,0.03139090538024902,3138,0.028482913970947266
752,AES,0.03086996078491211,0.026947736740112305,1730,0.026576757431030273
752,No_Encryption,0.02957940101623535,0.029055118560791016,1378,0.03177237510681152
753,PQC,0.03796958923339844,0.03428483009338379,3138,0.029522180557250977
753,AES,0.03195023536682129,0.028023719787597656,1730,0.028809309005737305
753,No_Encryption,0.027844905853271484,0.025873661041259766,1378,0.02688002586364746
754,PQC,0.03876614570617676,0.031583309173583984,3138,0.029523849487304688
754,AES,0.035344600677490234,0.03026270866394043,1730,0.03157997131347656
754,No_Encryption,0.02764415740966797,0.025635242462158203,1378,0.02892899513244629
755,PQC,0.03208661079406738,0.0348658561706543,3138,0.02743840217590332
755,AES,0.028364896774291992,0.027158021926879883,1730,0.026515483856201172
755,No_Encryption,0.025893449783325195,0.025637388229370117,1378,0.02711176872253418
756,PQC,0.04080986976623535,0.04556441307067871,3138,0.0349578857421875
756,AES,0.03160548210144043,0.03196239471435547,1730,0.03222370147705078
756,No_Encryption,0.030323028564453125,0.02826714515686035,1378,0.031359195709228516
757,PQC,0.033892154693603516,0.033789873123168945,3138,0.029784440994262695
757,AES,0.03481316566467285,0.03092503547668457,1730,0.028211116790771484
757,No_Encryption,0.03056645393371582,0.030598163604736328,1378,0.03245115280151367
758,PQC,0.033468008041381836,0.034020185470581055,3138,0.029535531997680664
758,AES,0.03490447998046875,0.029726028442382812,1730,0.030925512313842773
758,No_Encryption,0.026627540588378906,0.025818824768066406,1378,0.030220508575439453
759,PQC,0.031862735748291016,0.03235578536987305,3138,0.02798295021057129
759,AES,0.03899025917053223,0.03014516830444336,1730,0.030498981475830078
759,No_Encryption,0.028783798217773438,0.025659561157226562,1378,0.033577680587768555
760,PQC,0.03800678253173828,0.03530383110046387,3138,0.029392242431640625
760,AES,0.034932851791381836,0.029822587966918945,1730,0.02810525894165039
760,No_Encryption,0.029967308044433594,0.025837421417236328,1378,0.02849268913269043
761,PQC,0.03661632537841797,0.032161712646484375,3138,0.028514385223388672
761,AES,0.028115272521972656,0.029132366180419922,1730,0.02838277816772461
761,No_Encryption,0.03439807891845703,0.024907588958740234,1378,0.028635740280151367
762,PQC,0.035123348236083984,0.035907745361328125,3138,0.0303647518157959
762,AES,0.039762258529663086,0.02786850929260254,1730,0.02745795249938965
762,No_Encryption,0.033863067626953125,0.025191068649291992,1378,0.029757976531982422
763,PQC,0.03402304649353027,0.03620338439941406,3138,0.029365062713623047
763,AES,0.029726028442382812,0.02988409996032715,1730,0.03179144859313965
763,No_Encryption,0.02652454376220703,0.026946067810058594,1378,0.030360937118530273
764,PQC,0.04221701622009277,0.03368234634399414,3138,0.02900552749633789
764,AES,0.0271453857421875,0.028917551040649414,1730,0.02923870086669922
764,No_Encryption,0.026385784149169922,0.024579286575317383,1378,0.027663707733154297
765,PQC,0.036453962326049805,0.032491207122802734,3138,0.028519392013549805
765,AES,0.03486824035644531,0.029036283493041992,1730,0.027872323989868164
765,No_Encryption,0.02695298194885254,0.025667667388916016,1378,0.030012130737304688
766,PQC,0.03415632247924805,0.03388261795043945,3138,0.029942989349365234
766,AES,0.029452085494995117,0.03075575828552246,1730,0.030532360076904297
766,No_Encryption,0.03253984451293945,0.025725841522216797,1378,0.028744220733642578
767,PQC,0.028809309005737305,0.027468442916870117,3138,0.022930145263671875
767,AES,0.02357339859008789,0.0220029354095459,1730,0.020703792572021484
767,No_Encryption,0.020082950592041016,0.018875837326049805,1378,0.02020120620727539
768,PQC,0.022226810455322266,0.022830963134765625,3138,0.022123098373413086
768,AES,0.01998734474182129,0.02005910873413086,1730,0.020998477935791016
768,No_Encryption,0.019379854202270508,0.017867326736450195,1378,0.018878936767578125
769,PQC,0.023957014083862305,0.02108025550842285,3138,0.019257068634033203
769,AES,0.020130395889282227,0.01808333396911621,1730,0.019006013870239258
769,No_Encryption,0.025064706802368164,0.016040325164794922,1378,0.020396709442138672
770,PQC,0.021642446517944336,0.021043777465820312,3138,0.01771855354309082
770,AES,0.019146203994750977,0.017771244049072266,1730,0.018462181091308594
770,No_Encryption,0.023668527603149414,0.01566600799560547,1378,0.01836848258972168
771,PQC,0.027047157287597656,0.02097797393798828,3138,0.018350601196289062
771,AES,0.018973112106323242,0.018095731735229492,1730,0.01664280891418457
771,No_Encryption,0.020313501358032227,0.016455888748168945,1378,0.017523527145385742
772,PQC,0.026694297790527344,0.02306985855102539,3138,0.01947021484375
772,AES,0.0207827091217041,0.021081209182739258,1730,0.02076244354248047
772,No_Encryption,0.02234792709350586,0.018342971801757812,1378,0.02101731300354004
773,PQC,0.025380373001098633,0.024906396865844727,3138,0.0216827392578125
773,AES,0.022568702697753906,0.023210763931274414,1730,0.02307868003845215
773,No_Encryption,0.024698972702026367,0.022283554077148438,1378,0.0255429744720459
774,PQC,0.029772281646728516,0.029168367385864258,3138,0.025050640106201172
774,AES,0.02920079231262207,0.024979352951049805,1730,0.024644136428833008
774,No_Encryption,0.025037765502929688,0.024401426315307617,1378,0.030310392379760742
775,PQC,0.035050392150878906,0.03554058074951172,3138,0.028223514556884766
775,AES,0.029816150665283203,0.030083179473876953,1730,0.029144287109375
775,No_Encryption,0.027762651443481445,0.026503562927246094,1378,0.026557445526123047
776,PQC,0.03328061103820801,0.03058457374572754,3138,0.029859304428100586
776,AES,0.036780595779418945,0.02806711196899414,1730,0.02824687957763672
776,No_Encryption,0.0253751277923584,0.02422189712524414,1378,0.027438640594482422
777,PQC,0.0334012508392334,0.03325843811035156,3138,0.0282442569732666
777,AES,0.030959367752075195,0.028835058212280273,1730,0.02932882308959961
777,No_Encryption,0.02774953842163086,0.02591109275817871,1378,0.027598857879638672
778,PQC,0.035480499267578125,0.03387570381164551,3138,0.029693603515625
778,AES,0.032280921936035156,0.02742791175842285,1730,0.030089616775512695
778,No_Encryption,0.026255130767822266,0.0260467529296875,1378,0.029831886291503906
779,PQC,0.03428459167480469,0.03338932991027832,3138,0.03046441078186035
779,AES,0.030444860458374023,0.030072689056396484,1730,0.029412508010864258
779,No_Encryption,0.03173661231994629,0.02532958984375,1378,0.030484914779663086
780,PQC,0.04050588607788086,0.03235030174255371,3138,0.03056049346923828
780,AES,0.032341957092285156,0.029502153396606445,1730,0.03032851219177246
780,No_Encryption,0.02802586555480957,0.0257570743560791,1378,0.03188276290893555
781,PQC,0.03484010696411133,0.03342294692993164,3138,0.02893543243408203
781,AES,0.04468679428100586,0.03529644012451172,1730,0.030506372451782227
781,No_Encryption,0.02862548828125,0.02826380729675293,1378,0.03305530548095703
782,PQC,0.03627920150756836,0.03315424919128418,3138,0.03002476692199707
782,AES,0.03336834907531738,0.02964305877685547,1730,0.031001806259155273
782,No_Encryption,0.03202652931213379,0.026289939880371094,1378,0.03038644790649414
783,PQC,0.03785586357116699,0.035791873931884766,3138,0.02849602699279785
783,AES,0.029641151428222656,0.02910161018371582,1730,0.028753042221069336
783,No_Encryption,0.03321981430053711,0.02722907066345215,1378,0.03059077262878418
784,PQC,0.037250518798828125,0.034160614013671875,3138,0.029387474060058594
784,AES,0.029847145080566406,0.0296933650970459,1730,0.03072381019592285
784,No_Encryption,0.02953481674194336,0.027606487274169922,1378,0.028254270553588867
785,PQC,0.03390932083129883,0.03384661674499512,3138,0.02746891975402832
785,AES,0.0306856632232666,0.030034303665161133,1730,0.0275115966796875
785,No_Encryption,0.027662992477416992,0.025577306747436523,1378,0.02906632423400879
786,PQC,0.03385639190673828,0.032701969146728516,3138,0.029256105422973633
786,AES,0.029132604598999023,0.028679609298706055,1730,0.028032779693603516
786,No_Encryption,0.029396533966064453,0.02647566795349121,1378,0.03021717071533203
787,PQC,0.03349804878234863,0.033757925033569336,3138,0.0288693904876709
787,AES,0.029189348220825195,0.030340909957885742,1730,0.02773737907409668
787,No_Encryption,0.03138327598571777,0.02525806427001953,1378,0.029362201690673828
788,PQC,0.03277111053466797,0.03186678886413574,3138,0.027677059173583984
788,AES,0.027798891067504883,0.02810978889465332,1730,0.027183055877685547
788,No_Encryption,0.032442331314086914,0.025064945220947266,1378,0.028736114501953125
789,PQC,0.03326702117919922,0.03268933296203613,3138,0.02927565574645996
789,AES,0.029695510864257812,0.028937816619873047,1730,0.028223276138305664
789,No_Encryption,0.0267488956451416,0.025026798248291016,1378,0.02898716926574707
790,PQC,0.032527923583984375,0.030913591384887695,3138,0.0270693302154541
790,AES,0.032440185546875,0.030308008193969727,1730,0.02854299545288086
790,No_Encryption,0.02593231201171875,0.024596691131591797,1378,0.02895808219909668
791,PQC,0.032796621322631836,0.035629987716674805,3138,0.027587890625
791,AES,0.02801346778869629,0.028000354766845703,1730,0.027489900588989258
791,No_Encryption,0.025897741317749023,0.025870800018310547,1378,0.030123233795166016
792,PQC,0.03370547294616699,0.031600236892700195,3138,0.029511690139770508
792,AES,0.03066873550415039,0.02906060218811035,1730,0.027330875396728516
792,No_Encryption,0.028361797332763672,0.027158498764038086,1378,0.02974987030029297
793,PQC,0.03457927703857422,0.03408312797546387,3138,0.02716660499572754
793,AES,0.04089951515197754,0.039070844650268555,1730,0.03415369987487793
793,No_Encryption,0.03453803062438965,0.02745819091796875,1378,0.030296802520751953
794,PQC,0.037529945373535156,0.0328516960144043,3138,0.029828310012817383
794,AES,0.02962350845336914,0.02951955795288086,1730,0.03190422058105469
794,No_Encryption,0.02911067008972168,0.027280807495117188,1378,0.028117656707763672
795,PQC,0.03376960754394531,0.0327916145324707,3138,0.0319826602935791
795,AES,0.02910137176513672,0.029384851455688477,1730,0.028831005096435547
795,No_Encryption,0.02979254722595215,0.025700807571411133,1378,0.029480457305908203
796,PQC,0.03941512107849121,0.03266787528991699,3138,0.027193069458007812
796,AES,0.029256105422973633,0.02835869789123535,1730,0.02759265899658203
796,No_Encryption,0.025537967681884766,0.02327895164489746,1378,0.026971101760864258
797,PQC,0.03304743766784668,0.030562877655029297,3138,0.02724623680114746
797,AES,0.03223752975463867,0.031358957290649414,1730,0.029564380645751953
797,No_Encryption,0.02644634246826172,0.026516199111938477,1378,0.028148651123046875
798,PQC,0.03478288650512695,0.03196430206298828,3138,0.028473377227783203
798,AES,0.0283658504486084,0.027594566345214844,1730,0.027269363403320312
798,No_Encryption,0.026224851608276367,0.025583744049072266,1378,0.02784252166748047
799,PQC,0.03251028060913086,0.03288888931274414,3138,0.03115558624267578
799,AES,0.027558565139770508,0.027614116668701172,1730,0.02631378173828125
799,No_Encryption,0.027050495147705078,0.025955677032470703,1378,0.0268704891204834
800,PQC,0.032421112060546875,0.0343174934387207,3138,0.029033422470092773
800,AES,0.0277101993560791,0.029792308807373047,1730,0.028106212615966797
800,No_Encryption,0.02922821044921875,0.0275726318359375,1378,0.030656099319458008
801,PQC,0.03728055953979492,0.032608985900878906,3138,0.026947736740112305
801,AES,0.029683351516723633,0.034769296646118164,1730,0.03316521644592285
801,No_Encryption,0.02989983558654785,0.029809236526489258,1378,0.03146719932556152
802,PQC,0.04556012153625488,0.038137197494506836,3138,0.030618667602539062
802,AES,0.03998422622680664,0.03308820724487305,1730,0.03396439552307129
802,No_Encryption,0.03140997886657715,0.03194022178649902,1378,0.03548288345336914
803,PQC,0.04169631004333496,0.04034161567687988,3138,0.031159162521362305
803,AES,0.032295942306518555,0.03256797790527344,1730,0.03260469436645508
803,No_Encryption,0.03317117691040039,0.027570724487304688,1378,0.03272819519042969
804,PQC,0.04502391815185547,0.03647279739379883,3138,0.03109455108642578
804,AES,0.0364835262298584,0.033760786056518555,1730,0.034265756607055664
804,No_Encryption,0.030292034149169922,0.029385089874267578,1378,0.03025960922241211
805,PQC,0.04038882255554199,0.03584742546081543,3138,0.03447556495666504
805,AES,0.04160118103027344,0.03508591651916504,1730,0.02961444854736328
805,No_Encryption,0.03232622146606445,0.02657485008239746,1378,0.02827167510986328
806,PQC,0.03463292121887207,0.031240224838256836,3138,0.02398848533630371
806,AES,0.025890827178955078,0.023969411849975586,1730,0.026645898818969727
806,No_Encryption,0.02373337745666504,0.020925283432006836,1378,0.02212977409362793
807,PQC,0.02761554718017578,0.02422332763671875,3138,0.02022385597229004
807,AES,0.02005624771118164,0.01932072639465332,1730,0.017727375030517578
807,No_Encryption,0.019353866577148438,0.016608715057373047,1378,0.01741766929626465
808,PQC,0.024277925491333008,0.0205380916595459,3138,0.018604040145874023
808,AES,0.023313283920288086,0.020305395126342773,1730,0.019063949584960938
808,No_Encryption,0.020641088485717773,0.016816139221191406,1378,0.0183560848236084
809,PQC,0.023595094680786133,0.02024984359741211,3138,0.01883840560913086
809,AES,0.019121408462524414,0.02039790153503418,1730,0.019727468490600586
809,No_Encryption,0.022837400436401367,0.01701498031616211,1378,0.020567655563354492
810,PQC,0.0289614200592041,0.025798320770263672,3138,0.022332429885864258
810,AES,0.029571056365966797,0.026584386825561523,1730,0.02795577049255371
810,No_Encryption,0.030055761337280273,0.02524280548095703,1378,0.0326235294342041
811,PQC,0.04356074333190918,0.03603816032409668,3138,0.029506921768188477
811,AES,0.03766989707946777,0.034677982330322266,1730,0.032942771911621094
811,No_Encryption,0.030756235122680664,0.02722620964050293,1378,0.030731916427612305
812,PQC,0.04180455207824707,0.040830135345458984,3138,0.03129458427429199
812,AES,0.033678531646728516,0.030604124069213867,1730,0.033538818359375
812,No_Encryption,0.031832218170166016,0.027977705001831055,1378,0.03575944900512695
813,PQC,0.03846454620361328,0.04007291793823242,3138,0.03440546989440918
813,AES,0.03653693199157715,0.03292655944824219,1730,0.0338902473449707
813,No_Encryption,0.038407325744628906,0.028848886489868164,1378,0.03199124336242676
814,PQC,0.03775787353515625,0.03639030456542969,3138,0.03422737121582031
814,AES,0.03236126899719238,0.036179304122924805,1730,0.03422260284423828
814,No_Encryption,0.037880659103393555,0.03169512748718262,1378,0.03595709800720215
815,PQC,0.04910016059875488,0.04141378402709961,3138,0.03622293472290039
815,AES,0.05113053321838379,0.03697562217712402,1730,0.036115169525146484
815,No_Encryption,0.04458427429199219,0.03442502021789551,1378,0.034438133239746094
816,PQC,0.041278839111328125,0.03939247131347656,3138,0.03402829170227051
816,AES,0.046248435974121094,0.034958600997924805,1730,0.03960061073303223
816,No_Encryption,0.04373478889465332,0.033394813537597656,1378,0.03680109977722168
817,PQC,0.04197835922241211,0.041335344314575195,3138,0.03504371643066406
817,AES,0.032273054122924805,0.031545162200927734,1730,0.03151345252990723
817,No_Encryption,0.034378767013549805,0.026668548583984375,1378,0.030740976333618164
818,PQC,0.03630709648132324,0.036266326904296875,3138,0.03442692756652832
818,AES,0.03603196144104004,0.03377795219421387,1730,0.029474258422851562
818,No_Encryption,0.03423023223876953,0.027936697006225586,1378,0.03217124938964844
819,PQC,0.03641557693481445,0.03415346145629883,3138,0.02832818031311035
819,AES,0.031998634338378906,0.030555009841918945,1730,0.030874013900756836
819,No_Encryption,0.029495716094970703,0.027248620986938477,1378,0.031157493591308594
820,PQC,0.042418479919433594,0.03418278694152832,3138,0.033858537673950195
820,AES,0.03776693344116211,0.034712791442871094,1730,0.031334877014160156
820,No_Encryption,0.03261208534240723,0.02986288070678711,1378,0.03012824058532715
821,PQC,0.03666496276855469,0.0371091365814209,3138,0.031592607498168945
821,AES,0.03558802604675293,0.030442476272583008,1730,0.031059980392456055
821,No_Encryption,0.029497623443603516,0.027979373931884766,1378,0.03270220756530762
822,PQC,0.03854489326477051,0.03528022766113281,3138,0.029296159744262695
822,AES,0.0337376594543457,0.030066967010498047,1730,0.030005216598510742
822,No_Encryption,0.02950263023376465,0.025853872299194336,1378,0.03014230728149414
823,PQC,0.03807878494262695,0.035242557525634766,3138,0.029698610305786133
823,AES,0.03429889678955078,0.03089761734008789,1730,0.029384374618530273
823,No_Encryption,0.026620864868164062,0.02561044692993164,1378,0.028705358505249023
824,PQC,0.034895896911621094,0.03442788124084473,3138,0.03259444236755371
824,AES,0.03137493133544922,0.030173063278198242,1730,0.030332088470458984
824,No_Encryption,0.030781269073486328,0.02664661407470703,1378,0.03157496452331543
825,PQC,0.036962032318115234,0.03803396224975586,3138,0.030570268630981445
825,AES,0.03341555595397949,0.03354382514953613,1730,0.03205466270446777
825,No_Encryption,0.035470008850097656,0.027789831161499023,1378,0.032120704650878906
826,PQC,0.039554595947265625,0.03621315956115723,3138,0.033035993576049805
826,AES,0.04915642738342285,0.03250288963317871,1730,0.03210258483886719
826,No_Encryption,0.031047344207763672,0.027853727340698242,1378,0.03635835647583008
827,PQC,0.04160809516906738,0.035224199295043945,3138,0.03263449668884277
827,AES,0.03312540054321289,0.03316307067871094,1730,0.033548593521118164
827,No_Encryption,0.03231167793273926,0.03192448616027832,1378,0.03284144401550293
828,PQC,0.04129219055175781,0.04001021385192871,3138,0.033495187759399414
828,AES,0.0409696102142334,0.03428149223327637,1730,0.03607535362243652
828,No_Encryption,0.030919551849365234,0.028595924377441406,1378,0.03194618225097656
829,PQC,0.045645952224731445,0.04453086853027344,3138,0.030187129974365234
829,AES,0.0345461368560791,0.03225874900817871,1730,0.030042648315429688
829,No_Encryption,0.0313870906829834,0.02775716781616211,1378,0.029834508895874023
830,PQC,0.06726622581481934,0.042307376861572266,3138,0.03401327133178711
830,AES,0.039774417877197266,0.033779144287109375,1730,0.032529354095458984
830,No_Encryption,0.03877425193786621,0.030437707901000977,1378,0.03073287010192871
831,PQC,0.042633771896362305,0.03825068473815918,3138,0.03196096420288086
831,AES,0.03205585479736328,0.03097701072692871,1730,0.030330896377563477
831,No_Encryption,0.03134584426879883,0.027069807052612305,1378,0.031850337982177734
832,PQC,0.046637773513793945,0.042543649673461914,3138,0.029883384704589844
832,AES,0.03620171546936035,0.0324862003326416,1730,0.031752824783325195
832,No_Encryption,0.028386354446411133,0.028446197509765625,1378,0.03320622444152832
833,PQC,0.03779768943786621,0.03458356857299805,3138,0.03233766555786133
833,AES,0.034300804138183594,0.03164505958557129,1730,0.032695770263671875
833,No_Encryption,0.03040289878845215,0.027963638305664062,1378,0.033537864685058594
834,PQC,0.044621944427490234,0.039048194885253906,3138,0.03145599365234375
834,AES,0.030231714248657227,0.03218865394592285,1730,0.03119206428527832
834,No_Encryption,0.031045913696289062,0.028384685516357422,1378,0.030768394470214844
835,PQC,0.037644386291503906,0.035524606704711914,3138,0.031614065170288086
835,AES,0.03133869171142578,0.031109333038330078,1730,0.03019857406616211
835,No_Encryption,0.039061784744262695,0.02782750129699707,1378,0.03266024589538574
836,PQC,0.03837442398071289,0.03822040557861328,3138,0.03300023078918457
836,AES,0.03778815269470215,0.03373289108276367,1730,0.03360891342163086
836,No_Encryption,0.041800498962402344,0.029032230377197266,1378,0.03214406967163086
837,PQC,0.03162360191345215,0.02908802032470703,3138,0.02164006233215332
837,AES,0.02703070640563965,0.022825241088867188,1730,0.02072763442993164
837,No_Encryption,0.019366741180419922,0.01888442039489746,1378,0.020261049270629883
838,PQC,0.02344965934753418,0.02179718017578125,3138,0.019648075103759766
838,AES,0.0200803279876709,0.0192716121673584,1730,0.019000768661499023
838,No_Encryption,0.0184326171875,0.01675581932067871,1378,0.018329620361328125
839,PQC,0.02215409278869629,0.02086353302001953,3138,0.018834829330444336
839,AES,0.01941204071044922,0.018164634704589844,1730,0.019808530807495117
839,No_Encryption,0.019278287887573242,0.016819477081298828,1378,0.018281936645507812
840,PQC,0.022856473922729492,0.020488500595092773,3138,0.018106937408447266
840,AES,0.019350051879882812,0.019876718521118164,1730,0.01737809181213379
840,No_Encryption,0.017027616500854492,0.016733169555664062,1378,0.0175473690032959
841,PQC,0.02177596092224121,0.02183389663696289,3138,0.01894354820251465
841,AES,0.019281864166259766,0.017851829528808594,1730,0.018521785736083984
841,No_Encryption,0.016932964324951172,0.015880107879638672,1378,0.01818370819091797
842,PQC,0.024904966354370117,0.02115607261657715,3138,0.01953291893005371
842,AES,0.03402423858642578,0.02783489227294922,1730,0.02406167984008789
842,No_Encryption,0.024313688278198242,0.023627042770385742,1378,0.024220943450927734
843,PQC,0.03009772300720215,0.0294950008392334,3138,0.024865388870239258
843,AES,0.026081085205078125,0.025120019912719727,1730,0.026404619216918945
843,No_Encryption,0.027270793914794922,0.024947404861450195,1378,0.026546955108642578
844,PQC,0.03248000144958496,0.03214764595031738,3138,0.02619194984436035
844,AES,0.029720783233642578,0.029956340789794922,1730,0.03124094009399414
844,No_Encryption,0.02986454963684082,0.027770042419433594,1378,0.031080007553100586
845,PQC,0.035938262939453125,0.03606438636779785,3138,0.02846837043762207
845,AES,0.03270459175109863,0.02986907958984375,1730,0.028644800186157227
845,No_Encryption,0.02989506721496582,0.027359962463378906,1378,0.034500837326049805
846,PQC,0.03715205192565918,0.034996747970581055,3138,0.03229951858520508
846,AES,0.03063511848449707,0.029623985290527344,1730,0.02910447120666504
846,No_Encryption,0.026923656463623047,0.026592016220092773,1378,0.028290510177612305
847,PQC,0.03335738182067871,0.03200054168701172,3138,0.030312299728393555
847,AES,0.03134799003601074,0.029300928115844727,1730,0.02960371971130371
847,No_Encryption,0.02737736701965332,0.02622818946838379,1378,0.0319979190826416
848,PQC,0.040001869201660156,0.03289484977722168,3138,0.029402494430541992
848,AES,0.03002619743347168,0.029632091522216797,1730,0.02797532081604004
848,No_Encryption,0.028088092803955078,0.026477336883544922,1378,0.029085397720336914
849,PQC,0.03553414344787598,0.03540921211242676,3138,0.027659893035888672
849,AES,0.0291287899017334,0.030080318450927734,1730,0.03053736686706543
849,No_Encryption,0.028286457061767578,0.026761531829833984,1378,0.02858901023864746
850,PQC,0.03492903709411621,0.03467082977294922,3138,0.028984785079956055
850,AES,0.02801656723022461,0.027805805206298828,1730,0.02740311622619629
850,No_Encryption,0.026542186737060547,0.026282310485839844,1378,0.02846074104309082
851,PQC,0.04374122619628906,0.0346074104309082,3138,0.031536102294921875
851,AES,0.028835058212280273,0.028164386749267578,1730,0.027560710906982422
851,No_Encryption,0.026995182037353516,0.0281982421875,1378,0.02859210968017578
852,PQC,0.03328394889831543,0.03265666961669922,3138,0.029130220413208008
852,AES,0.030873775482177734,0.03171539306640625,1730,0.029169082641601562
852,No_Encryption,0.030054330825805664,0.02592921257019043,1378,0.02890610694885254
853,PQC,0.0341496467590332,0.033075809478759766,3138,0.026772022247314453
853,AES,0.02845311164855957,0.0289306640625,1730,0.02989792823791504
853,No_Encryption,0.027002334594726562,0.02552485466003418,1378,0.027544021606445312
854,PQC,0.0337069034576416,0.03182482719421387,3138,0.025864124298095703
854,AES,0.03253817558288574,0.031362056732177734,1730,0.02973008155822754
854,No_Encryption,0.0371856689453125,0.03266119956970215,1378,0.03294014930725098
855,PQC,0.03803706169128418,0.03548073768615723,3138,0.02831292152404785
855,AES,0.030219078063964844,0.02745342254638672,1730,0.025374889373779297
855,No_Encryption,0.024927139282226562,0.021644115447998047,1378,0.023955821990966797
856,PQC,0.024875164031982422,0.023432493209838867,3138,0.02100086212158203
856,AES,0.021514177322387695,0.020391464233398438,1730,0.018471240997314453
856,No_Encryption,0.02073383331298828,0.017136573791503906,1378,0.018239259719848633
857,PQC,0.024763107299804688,0.021055221557617188,3138,0.01961994171142578
857,AES,0.020274639129638672,0.01847386360168457,1730,0.01862335205078125
857,No_Encryption,0.023048877716064453,0.01682281494140625,1378,0.017414331436157227
858,PQC,0.0223081111907959,0.024252891540527344,3138,0.019402742385864258
858,AES,0.022867202758789062,0.018054723739624023,1730,0.018802881240844727
858,No_Encryption,0.01834726333618164,0.0166013240814209,1378,0.01814436912536621
859,PQC,0.023792266845703125,0.02007269859313965,3138,0.017720937728881836
859,AES,0.02238011360168457,0.01833033561706543,1730,0.017576217651367188
859,No_Encryption,0.01909637451171875,0.016154766082763672,1378,0.017174243927001953
860,PQC,0.030077219009399414,0.021397113800048828,3138,0.017554283142089844
860,AES,0.01809978485107422,0.017714738845825195,1730,0.017410993576049805
860,No_Encryption,0.0177459716796875,0.016292333602905273,1378,0.01823711395263672
861,PQC,0.023845911026000977,0.020485639572143555,3138,0.01894068717956543
861,AES,0.01830434799194336,0.017734289169311523,1730,0.01755356788635254
861,No_Encryption,0.022560834884643555,0.016301393508911133,1378,0.018564224243164062
862,PQC,0.02319502830505371,0.019755840301513672,3138,0.017380237579345703
862,AES,0.02033853530883789,0.019163846969604492,1730,0.018280982971191406
862,No_Encryption,0.017569303512573242,0.01627969741821289,1378,0.018114805221557617
863,PQC,0.021456480026245117,0.020435571670532227,3138,0.016869306564331055
863,AES,0.019152402877807617,0.01853203773498535,1730,0.018077850341796875
863,No_Encryption,0.018077611923217773,0.015226602554321289,1378,0.01888442039489746
864,PQC,0.022545814514160156,0.020864248275756836,3138,0.0189054012298584
864,AES,0.01959395408630371,0.0179440975189209,1730,0.018115520477294922
864,No_Encryption,0.020859718322753906,0.01632404327392578,1378,0.017948627471923828
865,PQC,0.021307945251464844,0.0199129581451416,3138,0.01692509651184082
865,AES,0.020554304122924805,0.018234968185424805,1730,0.017865419387817383
865,No_Encryption,0.01787590980529785,0.01640772819519043,1378,0.019421815872192383
866,PQC,0.021996021270751953,0.020772457122802734,3138,0.020574569702148438
866,AES,0.021567583084106445,0.021332263946533203,1730,0.022695302963256836
866,No_Encryption,0.02294611930847168,0.022197246551513672,1378,0.023740530014038086
867,PQC,0.028003454208374023,0.0277402400970459,3138,0.023423194885253906
867,AES,0.025089502334594727,0.02602672576904297,1730,0.02570962905883789
867,No_Encryption,0.0244295597076416,0.02258753776550293,1378,0.025966167449951172
868,PQC,0.03576946258544922,0.029099464416503906,3138,0.025862693786621094
868,AES,0.027756690979003906,0.02730870246887207,1730,0.031001806259155273
868,No_Encryption,0.027133941650390625,0.02418994903564453,1378,0.030492067337036133
869,PQC,0.037436485290527344,0.033516645431518555,3138,0.028548479080200195
869,AES,0.028542757034301758,0.031025171279907227,1730,0.036768198013305664
869,No_Encryption,0.030757427215576172,0.0268404483795166,1378,0.03143620491027832
870,PQC,0.03818345069885254,0.03322601318359375,3138,0.030251026153564453
870,AES,0.029505252838134766,0.029267072677612305,1730,0.030033349990844727
870,No_Encryption,0.03010845184326172,0.026041269302368164,1378,0.03368210792541504
871,PQC,0.03406882286071777,0.03258204460144043,3138,0.028340816497802734
871,AES,0.028046131134033203,0.02756190299987793,1730,0.029080867767333984
871,No_Encryption,0.025938034057617188,0.0252685546875,1378,0.028941869735717773
872,PQC,0.03435349464416504,0.031049728393554688,3138,0.02622699737548828
872,AES,0.02928948402404785,0.027894020080566406,1730,0.02692437171936035
872,No_Encryption,0.02871990203857422,0.02700185775756836,1378,0.028692007064819336
873,PQC,0.033884286880493164,0.03039240837097168,3138,0.02507615089416504
873,AES,0.028705120086669922,0.028567790985107422,1730,0.02878880500793457
873,No_Encryption,0.025755882263183594,0.02509760856628418,1378,0.028087615966796875
874,PQC,0.03226613998413086,0.03328657150268555,3138,0.026629209518432617
874,AES,0.03186464309692383,0.02869582176208496,1730,0.025745153427124023
874,No_Encryption,0.025809526443481445,0.023573637008666992,1378,0.028008222579956055
875,PQC,0.03150224685668945,0.031024456024169922,3138,0.028438806533813477
875,AES,0.03006720542907715,0.027626752853393555,1730,0.028292417526245117
875,No_Encryption,0.029053926467895508,0.0253450870513916,1378,0.0285794734954834
876,PQC,0.033196449279785156,0.031816720962524414,3138,0.030545711517333984
876,AES,0.03340911865234375,0.028738975524902344,1730,0.028937578201293945
876,No_Encryption,0.026311874389648438,0.025125980377197266,1378,0.030687332153320312
877,PQC,0.0339815616607666,0.03309154510498047,3138,0.02728438377380371
877,AES,0.030471324920654297,0.029352903366088867,1730,0.026346206665039062
877,No_Encryption,0.029410839080810547,0.025804519653320312,1378,0.02813100814819336
878,PQC,0.03241753578186035,0.033612966537475586,3138,0.026831626892089844
878,AES,0.027315139770507812,0.029035568237304688,1730,0.027518510818481445
878,No_Encryption,0.02709221839904785,0.025197744369506836,1378,0.028234243392944336
879,PQC,0.03223299980163574,0.03412175178527832,3138,0.028471946716308594
879,AES,0.030908584594726562,0.03101801872253418,1730,0.029079914093017578
879,No_Encryption,0.030261516571044922,0.026682615280151367,1378,0.03307533264160156
880,PQC,0.03714776039123535,0.037775278091430664,3138,0.031896352767944336
880,AES,0.03503870964050293,0.03351187705993652,1730,0.03136467933654785
880,No_Encryption,0.030443191528320312,0.02771472930908203,1378,0.03282046318054199
881,PQC,0.0442349910736084,0.034993886947631836,3138,0.02996087074279785
881,AES,0.034882307052612305,0.031058549880981445,1730,0.03170967102050781
881,No_Encryption,0.03318309783935547,0.026549339294433594,1378,0.03500723838806152
882,PQC,0.05199098587036133,0.04033374786376953,3138,0.032151222229003906
882,AES,0.03647589683532715,0.032120466232299805,1730,0.031265974044799805
882,No_Encryption,0.03368687629699707,0.030056238174438477,1378,0.030777931213378906
883,PQC,0.03943824768066406,0.04034852981567383,3138,0.03241133689880371
883,AES,0.03573250770568848,0.03452801704406738,1730,0.03203845024108887
883,No_Encryption,0.03112173080444336,0.027657032012939453,1378,0.03400444984436035
884,PQC,0.037853240966796875,0.03765058517456055,3138,0.031128644943237305
884,AES,0.0359652042388916,0.03244662284851074,1730,0.034718990325927734
884,No_Encryption,0.04490995407104492,0.031098365783691406,1378,0.03427457809448242
885,PQC,0.04065084457397461,0.03855299949645996,3138,0.035819053649902344
885,AES,0.041326284408569336,0.03730607032775879,1730,0.03171133995056152
885,No_Encryption,0.029495954513549805,0.02989983558654785,1378,0.03634762763977051
886,PQC,0.04530954360961914,0.03564262390136719,3138,0.02989673614501953
886,AES,0.03435778617858887,0.030330181121826172,1730,0.03151893615722656
886,No_Encryption,0.030136823654174805,0.027785301208496094,1378,0.030207157135009766
887,PQC,0.03570389747619629,0.035629987716674805,3138,0.029357194900512695
887,AES,0.03535795211791992,0.0321199893951416,1730,0.03128838539123535
887,No_Encryption,0.03332328796386719,0.028994083404541016,1378,0.03470611572265625
888,PQC,0.04128527641296387,0.039307594299316406,3138,0.032347917556762695
888,AES,0.038629770278930664,0.03203630447387695,1730,0.029586315155029297
888,No_Encryption,0.033867597579956055,0.0266110897064209,1378,0.028629541397094727
889,PQC,0.042052507400512695,0.036064863204956055,3138,0.029635906219482422
889,AES,0.03631424903869629,0.030676603317260742,1730,0.02930736541748047
889,No_Encryption,0.02836751937866211,0.026784896850585938,1378,0.028920412063598633
890,PQC,0.033757686614990234,0.03363490104675293,3138,0.03051900863647461
890,AES,0.030853271484375,0.030638456344604492,1730,0.028868675231933594
890,No_Encryption,0.028959274291992188,0.028244495391845703,1378,0.031917572021484375
891,PQC,0.03980541229248047,0.03700399398803711,3138,0.0323643684387207
891,AES,0.03828167915344238,0.03227043151855469,1730,0.0321958065032959
891,No_Encryption,0.03105926513671875,0.030751943588256836,1378,0.03015923500061035
892,PQC,0.03510022163391113,0.03443741798400879,3138,0.02876877784729004
892,AES,0.03384065628051758,0.03393268585205078,1730,0.032271385192871094
892,No_Encryption,0.03653883934020996,0.02861189842224121,1378,0.030675172805786133
893,PQC,0.04781842231750488,0.03236651420593262,3138,0.028524160385131836
893,AES,0.03861379623413086,0.03678011894226074,1730,0.04122662544250488
893,No_Encryption,0.035887956619262695,0.03482937812805176,1378,0.0372161865234375
894,PQC,0.04407000541687012,0.039834022521972656,3138,0.03296041488647461
894,AES,0.03200411796569824,0.03199410438537598,1730,0.031009912490844727
894,No_Encryption,0.031085491180419922,0.026330232620239258,1378,0.030042409896850586
895,PQC,0.04001641273498535,0.035364389419555664,3138,0.03193020820617676
895,AES,0.030922651290893555,0.03230738639831543,1730,0.032619476318359375
895,No_Encryption,0.02833271026611328,0.02772235870361328,1378,0.03357052803039551
896,PQC,0.03452324867248535,0.03384065628051758,3138,0.03205299377441406
896,AES,0.028908252716064453,0.030000686645507812,1730,0.03371310234069824
896,No_Encryption,0.02992844581604004,0.02676677703857422,1378,0.02937626838684082
897,PQC,0.04124164581298828,0.037586212158203125,3138,0.029555559158325195
897,AES,0.039021968841552734,0.029803991317749023,1730,0.0284731388092041
897,No_Encryption,0.027432680130004883,0.02658677101135254,1378,0.030058622360229492
898,PQC,0.035108089447021484,0.03410959243774414,3138,0.028631925582885742
898,AES,0.031128644943237305,0.029424428939819336,1730,0.0304257869720459
898,No_Encryption,0.03119182586669922,0.029239416122436523,1378,0.031016826629638672
899,PQC,0.041855573654174805,0.03536033630371094,3138,0.03024601936340332
899,AES,0.02868485450744629,0.029267072677612305,1730,0.029008150100708008
899,No_Encryption,0.030621051788330078,0.02537703514099121,1378,0.02854609489440918
900,PQC,0.045778751373291016,0.03464460372924805,3138,0.0292813777923584
900,AES,0.031042098999023438,0.03051590919494629,1730,0.02884817123413086
900,No_Encryption,0.028850078582763672,0.026755809783935547,1378,0.029781818389892578
901,PQC,0.03821730613708496,0.03216958045959473,3138,0.029773235321044922
901,AES,0.03261566162109375,0.029587984085083008,1730,0.027883529663085938
901,No_Encryption,0.031098604202270508,0.02669835090637207,1378,0.02834796905517578
902,PQC,0.03513026237487793,0.035991668701171875,3138,0.027734994888305664
902,AES,0.03091907501220703,0.029369354248046875,1730,0.03187966346740723
902,No_Encryption,0.035364627838134766,0.02725982666015625,1378,0.03225970268249512
903,PQC,0.040033817291259766,0.036856889724731445,3138,0.03133511543273926
903,AES,0.03269362449645996,0.03471255302429199,1730,0.030036449432373047
903,No_Encryption,0.02797245979309082,0.027225494384765625,1378,0.03370523452758789
904,PQC,0.04230046272277832,0.03617978096008301,3138,0.028534889221191406
904,AES,0.03180289268493652,0.03019881248474121,1730,0.025063276290893555
904,No_Encryption,0.030963897705078125,0.026120662689208984,1378,0.024561166763305664
905,PQC,0.028699159622192383,0.024445295333862305,3138,0.020357608795166016
905,AES,0.02244877815246582,0.020563125610351562,1730,0.018865108489990234
905,No_Encryption,0.01932072639465332,0.01793837547302246,1378,0.018988847732543945
906,PQC,0.024201154708862305,0.021625518798828125,3138,0.018635272979736328
906,AES,0.01982569694519043,0.018614530563354492,1730,0.018532752990722656
906,No_Encryption,0.01827073097229004,0.01718306541442871,1378,0.017910003662109375
907,PQC,0.023729801177978516,0.02147197723388672,3138,0.018926620483398438
907,AES,0.020877599716186523,0.020082712173461914,1730,0.017626285552978516
907,No_Encryption,0.018023014068603516,0.016676902770996094,1378,0.018336057662963867
908,PQC,0.022531509399414062,0.020551443099975586,3138,0.018614530563354492
908,AES,0.018879413604736328,0.0174105167388916,1730,0.018090009689331055
908,No_Encryption,0.020362138748168945,0.016981124877929688,1378,0.019242525100708008
909,PQC,0.022638797760009766,0.021638154983520508,3138,0.01851367950439453
909,AES,0.023235559463500977,0.019919395446777344,1730,0.020824909210205078
909,No_Encryption,0.02118206024169922,0.01856088638305664,1378,0.021273136138916016
910,PQC,0.025246143341064453,0.024351119995117188,3138,0.021996736526489258
910,AES,0.023560762405395508,0.024127960205078125,1730,0.024216651916503906
910,No_Encryption,0.02877330780029297,0.022122621536254883,1378,0.024883270263671875
911,PQC,0.033789873123168945,0.02910447120666504,3138,0.025569438934326172
911,AES,0.02531743049621582,0.026984214782714844,1730,0.026855945587158203
911,No_Encryption,0.02622818946838379,0.022664546966552734,1378,0.02760601043701172
912,PQC,0.035306453704833984,0.03223729133605957,3138,0.027878999710083008
912,AES,0.029312849044799805,0.029471874237060547,1730,0.02715444564819336
912,No_Encryption,0.025723934173583984,0.025211334228515625,1378,0.027322769165039062
913,PQC,0.03698277473449707,0.031652212142944336,3138,0.02794194221496582
913,AES,0.029639244079589844,0.029107093811035156,1730,0.030891895294189453
913,No_Encryption,0.029481172561645508,0.024013996124267578,1378,0.03067946434020996
914,PQC,0.043943166732788086,0.038483381271362305,3138,0.03137660026550293
914,AES,0.033472537994384766,0.029477834701538086,1730,0.032166242599487305
914,No_Encryption,0.032948970794677734,0.027827978134155273,1378,0.03578829765319824
915,PQC,0.04137849807739258,0.03667330741882324,3138,0.02979302406311035
915,AES,0.03076767921447754,0.030997037887573242,1730,0.03168368339538574
915,No_Encryption,0.035543203353881836,0.028683185577392578,1378,0.03606891632080078
916,PQC,0.03869295120239258,0.03424072265625,3138,0.03203988075256348
916,AES,0.031127452850341797,0.03000926971435547,1730,0.029153823852539062
916,No_Encryption,0.03215742111206055,0.0270233154296875,1378,0.03020787239074707
917,PQC,0.036481618881225586,0.03417634963989258,3138,0.028464555740356445
917,AES,0.028612852096557617,0.030423402786254883,1730,0.02965068817138672
917,No_Encryption,0.028456449508666992,0.026444196701049805,1378,0.028752565383911133
918,PQC,0.03661918640136719,0.03211474418640137,3138,0.0296018123626709
918,AES,0.040285348892211914,0.034908294677734375,1730,0.035649776458740234
918,No_Encryption,0.0349123477935791,0.03039407730102539,1378,0.03346967697143555
919,PQC,0.04201102256774902,0.03705406188964844,3138,0.029752016067504883
919,AES,0.035578250885009766,0.031873464584350586,1730,0.030725479125976562
919,No_Encryption,0.029076099395751953,0.027176380157470703,1378,0.02949357032775879
920,PQC,0.04043436050415039,0.03371787071228027,3138,0.028232574462890625
920,AES,0.031629085540771484,0.031763315200805664,1730,0.03212165832519531
920,No_Encryption,0.029856204986572266,0.026468753814697266,1378,0.03077840805053711
921,PQC,0.03642702102661133,0.034642696380615234,3138,0.028308868408203125
921,AES,0.03323721885681152,0.02966022491455078,1730,0.03004169464111328
921,No_Encryption,0.029274702072143555,0.0267336368560791,1378,0.03075265884399414
922,PQC,0.03711271286010742,0.03296518325805664,3138,0.03136396408081055
922,AES,0.031861305236816406,0.02942633628845215,1730,0.02779245376586914
922,No_Encryption,0.024960756301879883,0.023050308227539062,1378,0.025882959365844727
923,PQC,0.028904438018798828,0.02509021759033203,3138,0.02022862434387207
923,AES,0.021932125091552734,0.020252704620361328,1730,0.019658565521240234
923,No_Encryption,0.020244598388671875,0.018702268600463867,1378,0.019964218139648438
924,PQC,0.023015260696411133,0.02094244956970215,3138,0.017780542373657227
924,AES,0.019423961639404297,0.01908397674560547,1730,0.02120041847229004
924,No_Encryption,0.019644975662231445,0.01718592643737793,1378,0.020119428634643555
925,PQC,0.029674291610717773,0.022433757781982422,3138,0.01933121681213379
925,AES,0.019733190536499023,0.018571853637695312,1730,0.018929243087768555
925,No_Encryption,0.019733905792236328,0.017369747161865234,1378,0.01950526237487793
926,PQC,0.02102375030517578,0.020345211029052734,3138,0.018318891525268555
926,AES,0.0192718505859375,0.01834583282470703,1730,0.020482540130615234
926,No_Encryption,0.019449472427368164,0.0171205997467041,1378,0.017299890518188477
927,PQC,0.0277864933013916,0.020189762115478516,3138,0.016900062561035156
927,AES,0.018888235092163086,0.017148733139038086,1730,0.018608570098876953
927,No_Encryption,0.01816558837890625,0.0157773494720459,1378,0.018121004104614258
928,PQC,0.021265506744384766,0.019603967666625977,3138,0.017853498458862305
928,AES,0.018220186233520508,0.01914525032043457,1730,0.016665935516357422
928,No_Encryption,0.018181800842285156,0.01613783836364746,1378,0.01761651039123535
929,PQC,0.023148059844970703,0.019854068756103516,3138,0.018022775650024414
929,AES,0.0192263126373291,0.01833033561706543,1730,0.017922401428222656
929,No_Encryption,0.01906585693359375,0.016317129135131836,1378,0.01746654510498047
930,PQC,0.025027036666870117,0.020106792449951172,3138,0.01736903190612793
930,AES,0.017802953720092773,0.01729869842529297,1730,0.01843094825744629
930,No_Encryption,0.018066883087158203,0.016028881072998047,1378,0.01904129981994629
931,PQC,0.021771669387817383,0.020714998245239258,3138,0.01748037338256836
931,AES,0.01947331428527832,0.018064022064208984,1730,0.01753544807434082
931,No_Encryption,0.01850271224975586,0.016000986099243164,1378,0.023020267486572266
932,PQC,0.024496793746948242,0.020085573196411133,3138,0.0186154842376709
932,AES,0.020582914352416992,0.018503427505493164,1730,0.018459320068359375
932,No_Encryption,0.017217636108398438,0.016571760177612305,1378,0.019354581832885742
933,PQC,0.022025346755981445,0.021411895751953125,3138,0.01951289176940918
933,AES,0.02160477638244629,0.020955562591552734,1730,0.021500110626220703
933,No_Encryption,0.021484851837158203,0.019855976104736328,1378,0.021994352340698242
934,PQC,0.026737689971923828,0.02691054344177246,3138,0.02533555030822754
934,AES,0.02406620979309082,0.025765419006347656,1730,0.023256540298461914
934,No_Encryption,0.023270845413208008,0.022571086883544922,1378,0.025710344314575195
935,PQC,0.0323328971862793,0.028805017471313477,3138,0.026026010513305664
935,AES,0.026511669158935547,0.025177717208862305,1730,0.026943206787109375
935,No_Encryption,0.029149770736694336,0.02658390998840332,1378,0.02933192253112793
936,PQC,0.03189349174499512,0.03162813186645508,3138,0.02780628204345703
936,AES,0.030856847763061523,0.02768707275390625,1730,0.029790639877319336
936,No_Encryption,0.030719518661499023,0.025105953216552734,1378,0.026349544525146484
937,PQC,0.03394508361816406,0.03057384490966797,3138,0.028386354446411133
937,AES,0.03415822982788086,0.029739856719970703,1730,0.0279388427734375
937,No_Encryption,0.027655363082885742,0.026143789291381836,1378,0.031141042709350586
938,PQC,0.03467202186584473,0.03208112716674805,3138,0.028380632400512695
938,AES,0.03070545196533203,0.02800440788269043,1730,0.02688884735107422
938,No_Encryption,0.03092479705810547,0.026248693466186523,1378,0.029498815536499023
939,PQC,0.03279566764831543,0.03133654594421387,3138,0.028116226196289062
939,AES,0.030308246612548828,0.028084754943847656,1730,0.0288698673248291
939,No_Encryption,0.025703907012939453,0.025418996810913086,1378,0.029437541961669922
940,PQC,0.03768801689147949,0.03540468215942383,3138,0.02915334701538086
940,AES,0.03168058395385742,0.0316011905670166,1730,0.03131842613220215
940,No_Encryption,0.03451251983642578,0.03052043914794922,1378,0.03501391410827637
941,PQC,0.03983783721923828,0.03746366500854492,3138,0.03155112266540527
941,AES,0.03451228141784668,0.03356671333312988,1730,0.029764652252197266
941,No_Encryption,0.03406047821044922,0.02649855613708496,1378,0.028441905975341797
942,PQC,0.03500008583068848,0.03635907173156738,3138,0.030833005905151367
942,AES,0.030837297439575195,0.028844118118286133,1730,0.029959440231323242
942,No_Encryption,0.0322422981262207,0.027814626693725586,1378,0.03052830696105957
943,PQC,0.036663055419921875,0.03324174880981445,3138,0.0271914005279541
943,AES,0.029050350189208984,0.029858827590942383,1730,0.032361745834350586
943,No_Encryption,0.03606367111206055,0.02515268325805664,1378,0.03361248970031738
944,PQC,0.0448305606842041,0.03756356239318848,3138,0.03075122833251953
944,AES,0.03611135482788086,0.030959367752075195,1730,0.03161478042602539
944,No_Encryption,0.03376364707946777,0.03069019317626953,1378,0.03257393836975098
945,PQC,0.04528665542602539,0.03449273109436035,3138,0.03101205825805664
945,AES,0.03192758560180664,0.02768111228942871,1730,0.030912399291992188
945,No_Encryption,0.026834964752197266,0.026646852493286133,1378,0.029283523559570312
946,PQC,0.033992767333984375,0.032884836196899414,3138,0.030996084213256836
946,AES,0.03319692611694336,0.028462886810302734,1730,0.029077529907226562
946,No_Encryption,0.027798175811767578,0.026978015899658203,1378,0.02802443504333496
947,PQC,0.047899723052978516,0.0358119010925293,3138,0.0327458381652832
947,AES,0.03455853462219238,0.028673171997070312,1730,0.028944730758666992
947,No_Encryption,0.0301513671875,0.026186704635620117,1378,0.029070377349853516
948,PQC,0.03983497619628906,0.03478074073791504,3138,0.029844284057617188
948,AES,0.032022953033447266,0.03364849090576172,1730,0.029254674911499023
948,No_Encryption,0.02585005760192871,0.02535223960876465,1378,0.02901911735534668
949,PQC,0.03334665298461914,0.031900882720947266,3138,0.027665138244628906
949,AES,0.03429722785949707,0.030944108963012695,1730,0.02652883529663086
949,No_Encryption,0.026528358459472656,0.025934219360351562,1378,0.027205467224121094
950,PQC,0.03243589401245117,0.0326991081237793,3138,0.02760934829711914
950,AES,0.029610872268676758,0.030175209045410156,1730,0.030755996704101562
950,No_Encryption,0.032250404357910156,0.026770591735839844,1378,0.029052734375
951,PQC,0.036401987075805664,0.036467552185058594,3138,0.030405282974243164
951,AES,0.031095027923583984,0.030940532684326172,1730,0.03065323829650879
951,No_Encryption,0.027225732803344727,0.027877092361450195,1378,0.031803131103515625
952,PQC,0.03480100631713867,0.03343343734741211,3138,0.029939889907836914
952,AES,0.029941797256469727,0.02858114242553711,1730,0.028448820114135742
952,No_Encryption,0.030912160873413086,0.028023481369018555,1378,0.031079530715942383
953,PQC,0.03696560859680176,0.036483049392700195,3138,0.02999711036682129
953,AES,0.03165864944458008,0.030264854431152344,1730,0.029555320739746094
953,No_Encryption,0.029326677322387695,0.025745153427124023,1378,0.03011608123779297
954,PQC,0.03644275665283203,0.03439211845397949,3138,0.031301259994506836
954,AES,0.030843496322631836,0.03180718421936035,1730,0.030465126037597656
954,No_Encryption,0.03318309783935547,0.026513099670410156,1378,0.03000617027282715
955,PQC,0.03962302207946777,0.03720879554748535,3138,0.03092217445373535
955,AES,0.030918121337890625,0.032010555267333984,1730,0.032392263412475586
955,No_Encryption,0.042108774185180664,0.03181028366088867,1378,0.031897783279418945
956,PQC,0.043732404708862305,0.03633999824523926,3138,0.034357309341430664
956,AES,0.033387184143066406,0.030881166458129883,1730,0.030966520309448242
956,No_Encryption,0.03696703910827637,0.029085159301757812,1378,0.03459310531616211
957,PQC,0.039604902267456055,0.03535008430480957,3138,0.029670000076293945
957,AES,0.029959917068481445,0.02968883514404297,1730,0.02986311912536621
957,No_Encryption,0.033364295959472656,0.02711176872253418,1378,0.031647443771362305
958,PQC,0.03845095634460449,0.035829782485961914,3138,0.031954050064086914
958,AES,0.03204059600830078,0.02968621253967285,1730,0.028798580169677734
958,No_Encryption,0.03635883331298828,0.026898860931396484,1378,0.030905723571777344
959,PQC,0.0366818904876709,0.034835100173950195,3138,0.029847145080566406
959,AES,0.028371810913085938,0.02938389778137207,1730,0.028751134872436523
959,No_Encryption,0.03777003288269043,0.026825666427612305,1378,0.030753374099731445
960,PQC,0.0359654426574707,0.03353476524353027,3138,0.02761054039001465
960,AES,0.028977394104003906,0.029397964477539062,1730,0.027437686920166016
960,No_Encryption,0.02794337272644043,0.02635645866394043,1378,0.028590679168701172
961,PQC,0.0368504524230957,0.03654050827026367,3138,0.032884836196899414
961,AES,0.029477834701538086,0.02984023094177246,1730,0.030670166015625
961,No_Encryption,0.031221866607666016,0.027486562728881836,1378,0.03130459785461426
962,PQC,0.03896164894104004,0.03612184524536133,3138,0.028325319290161133
962,AES,0.031693458557128906,0.030062437057495117,1730,0.032053470611572266
962,No_Encryption,0.032721757888793945,0.029331445693969727,1378,0.030430078506469727
963,PQC,0.034945011138916016,0.03180193901062012,3138,0.02904367446899414
963,AES,0.03148937225341797,0.0308072566986084,1730,0.02869892120361328
963,No_Encryption,0.030938386917114258,0.025478124618530273,1378,0.028644800186157227
964,PQC,0.03903508186340332,0.03502464294433594,3138,0.030322551727294922
964,AES,0.030058860778808594,0.030536890029907227,1730,0.03067803382873535
964,No_Encryption,0.03363919258117676,0.02672719955444336,1378,0.033110857009887695
965,PQC,0.03675484657287598,0.035837411880493164,3138,0.030637264251708984
965,AES,0.030721426010131836,0.03428936004638672,1730,0.03156566619873047
965,No_Encryption,0.02977728843688965,0.028487205505371094,1378,0.03039264678955078
966,PQC,0.040471792221069336,0.03536510467529297,3138,0.031057357788085938
966,AES,0.03233957290649414,0.03060007095336914,1730,0.02993321418762207
966,No_Encryption,0.034240007400512695,0.028177499771118164,1378,0.034576416015625
967,PQC,0.04284548759460449,0.04105329513549805,3138,0.0313265323638916
967,AES,0.03941798210144043,0.033933401107788086,1730,0.032514095306396484
967,No_Encryption,0.03246450424194336,0.02897810935974121,1378,0.029815673828125
968,PQC,0.03930473327636719,0.03519868850708008,3138,0.03067302703857422
968,AES,0.033421993255615234,0.03194880485534668,1730,0.032730817794799805
968,No_Encryption,0.03387260437011719,0.028682470321655273,1378,0.03235435485839844
969,PQC,0.036852359771728516,0.03838706016540527,3138,0.03164362907409668
969,AES,0.03474283218383789,0.031321048736572266,1730,0.028805017471313477
969,No_Encryption,0.032791852951049805,0.02607560157775879,1378,0.030506372451782227
970,PQC,0.03480243682861328,0.03542971611022949,3138,0.029373645782470703
970,AES,0.03129720687866211,0.029729366302490234,1730,0.02984619140625
970,No_Encryption,0.0284271240234375,0.02618551254272461,1378,0.03084564208984375
971,PQC,0.0346987247467041,0.0345458984375,3138,0.031775712966918945
971,AES,0.03046393394470215,0.029646635055541992,1730,0.028202056884765625
971,No_Encryption,0.02594733238220215,0.025710344314575195,1378,0.030930280685424805
972,PQC,0.038805246353149414,0.030860424041748047,3138,0.0281369686126709
972,AES,0.031511783599853516,0.02930617332458496,1730,0.030317068099975586
972,No_Encryption,0.027939796447753906,0.026288509368896484,1378,0.028931856155395508
973,PQC,0.03858065605163574,0.03300189971923828,3138,0.029831409454345703
973,AES,0.03066086769104004,0.030725717544555664,1730,0.03308415412902832
973,No_Encryption,0.02734541893005371,0.027456998825073242,1378,0.03121161460876465
974,PQC,0.03447580337524414,0.032840728759765625,3138,0.030085325241088867
974,AES,0.03385281562805176,0.029849767684936523,1730,0.03224444389343262
974,No_Encryption,0.03104233741760254,0.026764392852783203,1378,0.030797958374023438
975,PQC,0.03738975524902344,0.0349576473236084,3138,0.030165910720825195
975,AES,0.029035568237304688,0.030647754669189453,1730,0.030664443969726562
975,No_Encryption,0.028974056243896484,0.0266876220703125,1378,0.028034448623657227
976,PQC,0.03671455383300781,0.0322880744934082,3138,0.027431488037109375
976,AES,0.03235960006713867,0.03131461143493652,1730,0.029435157775878906
976,No_Encryption,0.032225847244262695,0.025691747665405273,1378,0.03036642074584961
977,PQC,0.04294013977050781,0.036074161529541016,3138,0.030266523361206055
977,AES,0.031594038009643555,0.030932903289794922,1730,0.031071901321411133
977,No_Encryption,0.03175091743469238,0.026599407196044922,1378,0.029854536056518555
978,PQC,0.039511680603027344,0.03425192832946777,3138,0.03045177459716797
978,AES,0.03484392166137695,0.03181910514831543,1730,0.029277801513671875
978,No_Encryption,0.02870941162109375,0.0264127254486084,1378,0.031205177307128906
979,PQC,0.03407406806945801,0.03829002380371094,3138,0.037961721420288086
979,AES,0.03561520576477051,0.03538799285888672,1730,0.03367972373962402
979,No_Encryption,0.036360979080200195,0.029078245162963867,1378,0.03294801712036133
980,PQC,0.04282641410827637,0.036572933197021484,3138,0.030398130416870117
980,AES,0.031823158264160156,0.03204226493835449,1730,0.030786991119384766
980,No_Encryption,0.030343294143676758,0.029956340789794922,1378,0.03310847282409668
981,PQC,0.04213094711303711,0.03441882133483887,3138,0.03022456169128418
981,AES,0.032590389251708984,0.0336759090423584,1730,0.03305172920227051
981,No_Encryption,0.028304338455200195,0.027352094650268555,1378,0.034230947494506836
982,PQC,0.03814864158630371,0.035492897033691406,3138,0.028418779373168945
982,AES,0.03804445266723633,0.03049015998840332,1730,0.03030872344970703
982,No_Encryption,0.028104782104492188,0.02806377410888672,1378,0.030895233154296875
983,PQC,0.038109779357910156,0.03615760803222656,3138,0.03177213668823242
983,AES,0.03285717964172363,0.033525705337524414,1730,0.03046393394470215
983,No_Encryption,0.03093886375427246,0.027551889419555664,1378,0.030526161193847656
984,PQC,0.04012012481689453,0.03404688835144043,3138,0.03242206573486328
984,AES,0.030080795288085938,0.02990436553955078,1730,0.031297922134399414
984,No_Encryption,0.033925533294677734,0.025941133499145508,1378,0.031839847564697266
985,PQC,0.03519415855407715,0.03792142868041992,3138,0.027338743209838867
985,AES,0.030708789825439453,0.031246423721313477,1730,0.02952861785888672
985,No_Encryption,0.03211164474487305,0.026195287704467773,1378,0.029822826385498047
986,PQC,0.04001045227050781,0.03541064262390137,3138,0.029600143432617188
986,AES,0.03378105163574219,0.02675938606262207,1730,0.030994176864624023
986,No_Encryption,0.030263900756835938,0.026732683181762695,1378,0.030148744583129883
987,PQC,0.03780078887939453,0.03237724304199219,3138,0.03185153007507324
987,AES,0.03144049644470215,0.03087139129638672,1730,0.029937028884887695
987,No_Encryption,0.03160715103149414,0.02662944793701172,1378,0.029244422912597656
988,PQC,0.03740572929382324,0.034493446350097656,3138,0.02863168716430664
988,AES,0.029868125915527344,0.029000282287597656,1730,0.028214216232299805
988,No_Encryption,0.028157711029052734,0.02680063247680664,1378,0.03164982795715332
989,PQC,0.03638887405395508,0.033545494079589844,3138,0.029677152633666992
989,AES,0.03661346435546875,0.031816959381103516,1730,0.032347679138183594
989,No_Encryption,0.027573108673095703,0.026946544647216797,1378,0.031027793884277344
990,PQC,0.03439140319824219,0.03446078300476074,3138,0.031159162521362305
990,AES,0.03055739402770996,0.03313279151916504,1730,0.030852794647216797
990,No_Encryption,0.028399944305419922,0.026915550231933594,1378,0.035738229751586914
991,PQC,0.04694652557373047,0.035765647888183594,3138,0.03165268898010254
991,AES,0.03370785713195801,0.03261995315551758,1730,0.030852794647216797
991,No_Encryption,0.030655384063720703,0.029145002365112305,1378,0.03128933906555176
992,PQC,0.035948991775512695,0.034809112548828125,3138,0.030124902725219727
992,AES,0.031807899475097656,0.028065919876098633,1730,0.028767108917236328
992,No_Encryption,0.031171798706054688,0.02719402313232422,1378,0.03187918663024902
993,PQC,0.03455853462219238,0.03278303146362305,3138,0.02742171287536621
993,AES,0.03042769432067871,0.02958226203918457,1730,0.028624534606933594
993,No_Encryption,0.0270688533782959,0.02527642250061035,1378,0.02940654754638672
994,PQC,0.03262591361999512,0.03310966491699219,3138,0.029102325439453125
994,AES,0.027683019638061523,0.027390480041503906,1730,0.02607131004333496
994,No_Encryption,0.028896331787109375,0.026490449905395508,1378,0.030867338180541992
995,PQC,0.03412580490112305,0.033467769622802734,3138,0.02895045280456543
995,AES,0.029793739318847656,0.030303478240966797,1730,0.029090166091918945
995,No_Encryption,0.028990507125854492,0.027347564697265625,1378,0.02945733070373535
996,PQC,0.03266191482543945,0.03274846076965332,3138,0.028241872787475586
996,AES,0.028536081314086914,0.028670310974121094,1730,0.026739120483398438
996,No_Encryption,0.03099966049194336,0.026397705078125,1378,0.031496524810791016
997,PQC,0.03838467597961426,0.033475637435913086,3138,0.029048442840576172
997,AES,0.02871084213256836,0.03020477294921875,1730,0.0274202823638916
997,No_Encryption,0.029807090759277344,0.02169346809387207,1378,0.024493694305419922
998,PQC,0.028533935546875,0.024373292922973633,3138,0.021094799041748047
998,AES,0.01983475685119629,0.01969122886657715,1730,0.019293785095214844
998,No_Encryption,0.02173161506652832,0.01736283302307129,1378,0.018730640411376953
999,PQC,0.021793365478515625,0.0206756591796875,3138,0.01872086524963379
999,AES,0.021249771118164062,0.019633054733276367,1730,0.018549680709838867
999,No_Encryption,0.0216062068939209,0.016544818878173828,1378,0.019593000411987305
1000,PQC,0.022075891494750977,0.020044326782226562,3138,0.018413782119750977
1000,AES,0.020432472229003906,0.0186007022857666,1730,0.01874256134033203
1000,No_Encryption,0.017473220825195312,0.015974044799804688,1378,0.018726348876953125
1001,PQC,0.02250194549560547,0.021622657775878906,3138,0.018813371658325195
1001,AES,0.019352197647094727,0.01790165901184082,1730,0.018297195434570312
1001,No_Encryption,0.019623994827270508,0.01652216911315918,1378,0.017294883728027344
1002,PQC,0.024153709411621094,0.019747257232666016,3138,0.016840696334838867
1002,AES,0.019411087036132812,0.01831817626953125,1730,0.019397497177124023
1002,No_Encryption,0.01845860481262207,0.016152381896972656,1378,0.01844954490661621
1003,PQC,0.022708654403686523,0.023663997650146484,3138,0.020689725875854492
1003,AES,0.021776199340820312,0.021068572998046875,1730,0.02125382423400879
1003,No_Encryption,0.020880937576293945,0.02155447006225586,1378,0.025249719619750977
1004,PQC,0.028751134872436523,0.031186819076538086,3138,0.02866387367248535
1004,AES,0.028276681900024414,0.029755592346191406,1730,0.03065204620361328
1004,No_Encryption,0.03323960304260254,0.027271270751953125,1378,0.029644489288330078
1005,PQC,0.035364627838134766,0.03667807579040527,3138,0.03174877166748047
1005,AES,0.03551030158996582,0.030545949935913086,1730,0.02950739860534668
1005,No_Encryption,0.03213334083557129,0.028279781341552734,1378,0.028211355209350586
1006,PQC,0.04078364372253418,0.032755374908447266,3138,0.029494285583496094
1006,AES,0.030237436294555664,0.02973198890686035,1730,0.026328563690185547
1006,No_Encryption,0.026633262634277344,0.024505138397216797,1378,0.02907538414001465
1007,PQC,0.03457999229431152,0.03804826736450195,3138,0.028904199600219727
1007,AES,0.028200864791870117,0.02917313575744629,1730,0.028156280517578125
1007,No_Encryption,0.039977312088012695,0.026381731033325195,1378,0.029987335205078125
1008,PQC,0.036794424057006836,0.0353550910949707,3138,0.028717041015625
1008,AES,0.031136274337768555,0.02934718132019043,1730,0.029266834259033203
1008,No_Encryption,0.029042959213256836,0.02696824073791504,1378,0.03094792366027832
1009,PQC,0.03921031951904297,0.03603625297546387,3138,0.029073476791381836
1009,AES,0.030064105987548828,0.029140472412109375,1730,0.0314021110534668
1009,No_Encryption,0.029894351959228516,0.02772665023803711,1378,0.030550718307495117
1010,PQC,0.03885483741760254,0.037082672119140625,3138,0.03179430961608887
1010,AES,0.03988075256347656,0.03607535362243652,1730,0.03369617462158203
1010,No_Encryption,0.03573751449584961,0.030597448348999023,1378,0.03650546073913574
1011,PQC,0.03988456726074219,0.038116455078125,3138,0.029886484146118164
1011,AES,0.034742116928100586,0.03183794021606445,1730,0.03449249267578125
1011,No_Encryption,0.03359079360961914,0.030768632888793945,1378,0.033944129943847656
1012,PQC,0.04219698905944824,0.043027639389038086,3138,0.033249855041503906
1012,AES,0.03578329086303711,0.035422325134277344,1730,0.033742427825927734
1012,No_Encryption,0.0357668399810791,0.027688264846801758,1378,0.03252410888671875
1013,PQC,0.0366973876953125,0.03602886199951172,3138,0.03019404411315918
1013,AES,0.03007960319519043,0.029865741729736328,1730,0.032582998275756836
1013,No_Encryption,0.030091047286987305,0.03095412254333496,1378,0.03599119186401367
1014,PQC,0.03749394416809082,0.03552865982055664,3138,0.03135251998901367
1014,AES,0.03476285934448242,0.030724048614501953,1730,0.03431820869445801
1014,No_Encryption,0.02977442741394043,0.030104637145996094,1378,0.03189253807067871
1015,PQC,0.04077434539794922,0.03538227081298828,3138,0.03354644775390625
1015,AES,0.03425931930541992,0.031124591827392578,1730,0.03929471969604492
1015,No_Encryption,0.0372159481048584,0.03615856170654297,1378,0.038419485092163086
1016,PQC,0.04692244529724121,0.04881429672241211,3138,0.039327144622802734
1016,AES,0.04314923286437988,0.036780357360839844,1730,0.03395986557006836
1016,No_Encryption,0.03799104690551758,0.033017873764038086,1378,0.03553485870361328
1017,PQC,0.04538393020629883,0.04127979278564453,3138,0.03302359580993652
1017,AES,0.036511898040771484,0.03197669982910156,1730,0.035486459732055664
1017,No_Encryption,0.030081510543823242,0.0289762020111084,1378,0.03175759315490723
1018,PQC,0.038706302642822266,0.034834861755371094,3138,0.031373023986816406
1018,AES,0.034888267517089844,0.03484821319580078,1730,0.03270077705383301
1018,No_Encryption,0.03730273246765137,0.02929091453552246,1378,0.03495073318481445
1019,PQC,0.03880929946899414,0.037117958068847656,3138,0.03280067443847656
1019,AES,0.03237128257751465,0.031548500061035156,1730,0.03030681610107422
1019,No_Encryption,0.03616786003112793,0.028372764587402344,1378,0.031584978103637695
1020,PQC,0.0401616096496582,0.040058135986328125,3138,0.03561234474182129
1020,AES,0.03141283988952637,0.03055262565612793,1730,0.031172752380371094
1020,No_Encryption,0.030092239379882812,0.027378082275390625,1378,0.031873464584350586
1021,PQC,0.04045605659484863,0.0362856388092041,3138,0.03069758415222168
1021,AES,0.034812211990356445,0.034837961196899414,1730,0.03177237510681152
1021,No_Encryption,0.03187155723571777,0.030224084854125977,1378,0.03390622138977051
1022,PQC,0.04014873504638672,0.03465676307678223,3138,0.03183436393737793
1022,AES,0.031943321228027344,0.0324554443359375,1730,0.031219005584716797
1022,No_Encryption,0.03698539733886719,0.028419017791748047,1378,0.030278444290161133
1023,PQC,0.035089969635009766,0.03517866134643555,3138,0.02993178367614746
1023,AES,0.03328418731689453,0.0305631160736084,1730,0.0306396484375
1023,No_Encryption,0.028886079788208008,0.02681446075439453,1378,0.03115248680114746
1024,PQC,0.03401970863342285,0.036386728286743164,3138,0.030049562454223633
1024,AES,0.03316831588745117,0.03476285934448242,1730,0.03342008590698242
1024,No_Encryption,0.02956533432006836,0.02750372886657715,1378,0.033388376235961914
1025,PQC,0.04706621170043945,0.03379392623901367,3138,0.029670238494873047
1025,AES,0.03643298149108887,0.030672311782836914,1730,0.028412342071533203
1025,No_Encryption,0.028917551040649414,0.028261423110961914,1378,0.03133893013000488
1026,PQC,0.040947914123535156,0.036376237869262695,3138,0.02926945686340332
1026,AES,0.03266191482543945,0.03535127639770508,1730,0.03242993354797363
1026,No_Encryption,0.03205513954162598,0.026875734329223633,1378,0.03220725059509277
1027,PQC,0.04274344444274902,0.03676199913024902,3138,0.02984166145324707
1027,AES,0.030814647674560547,0.030898332595825195,1730,0.03061079978942871
1027,No_Encryption,0.04465317726135254,0.03265261650085449,1378,0.03341865539550781
1028,PQC,0.04239511489868164,0.038698434829711914,3138,0.03550004959106445
1028,AES,0.03813982009887695,0.0356297492980957,1730,0.03244590759277344
1028,No_Encryption,0.029175281524658203,0.0286099910736084,1378,0.03286910057067871
1029,PQC,0.03920269012451172,0.03751397132873535,3138,0.030801057815551758
1029,AES,0.04156017303466797,0.031270503997802734,1730,0.029726266860961914
1029,No_Encryption,0.031064271926879883,0.026715755462646484,1378,0.032073974609375
1030,PQC,0.03705573081970215,0.039331912994384766,3138,0.03255629539489746
1030,AES,0.03090524673461914,0.03077220916748047,1730,0.031243562698364258
1030,No_Encryption,0.03878164291381836,0.028717756271362305,1378,0.03504180908203125
1031,PQC,0.04123830795288086,0.0375521183013916,3138,0.03385806083679199
1031,AES,0.033872365951538086,0.030994653701782227,1730,0.032654523849487305
1031,No_Encryption,0.04080939292907715,0.029799461364746094,1378,0.03464770317077637
1032,PQC,0.04223513603210449,0.03539776802062988,3138,0.030303239822387695
1032,AES,0.034780025482177734,0.03362536430358887,1730,0.03174877166748047
1032,No_Encryption,0.03082752227783203,0.02951812744140625,1378,0.03018498420715332
1033,PQC,0.04157304763793945,0.036705732345581055,3138,0.03000473976135254
1033,AES,0.04057765007019043,0.031238317489624023,1730,0.03158235549926758
1033,No_Encryption,0.033209800720214844,0.030953645706176758,1378,0.03312969207763672
1034,PQC,0.04360246658325195,0.03675246238708496,3138,0.03335237503051758
1034,AES,0.036492347717285156,0.03293752670288086,1730,0.029122352600097656
1034,No_Encryption,0.03406977653503418,0.029007911682128906,1378,0.030787229537963867
1035,PQC,0.03826141357421875,0.03674888610839844,3138,0.03182387351989746
1035,AES,0.03523707389831543,0.03195977210998535,1730,0.03079843521118164
1035,No_Encryption,0.031285762786865234,0.03007221221923828,1378,0.031099557876586914
1036,PQC,0.04125046730041504,0.035837650299072266,3138,0.03038334846496582
1036,AES,0.034883975982666016,0.03401041030883789,1730,0.03191947937011719
1036,No_Encryption,0.03146934509277344,0.02862548828125,1378,0.03039097785949707
1037,PQC,0.04265737533569336,0.03685641288757324,3138,0.03168773651123047
1037,AES,0.03268933296203613,0.03043365478515625,1730,0.03422212600708008
1037,No_Encryption,0.03128767013549805,0.0281217098236084,1378,0.03221464157104492
1038,PQC,0.03865957260131836,0.03922581672668457,3138,0.031322479248046875
1038,AES,0.03795146942138672,0.033364295959472656,1730,0.035698890686035156
1038,No_Encryption,0.033869028091430664,0.029776811599731445,1378,0.030126094818115234
1039,PQC,0.04277753829956055,0.038031816482543945,3138,0.03316664695739746
1039,AES,0.033663034439086914,0.03422069549560547,1730,0.030913114547729492
1039,No_Encryption,0.05295276641845703,0.03390216827392578,1378,0.034567832946777344
1040,PQC,0.04330897331237793,0.037509918212890625,3138,0.03326869010925293
1040,AES,0.03902006149291992,0.03385210037231445,1730,0.03545641899108887
1040,No_Encryption,0.034848928451538086,0.030492544174194336,1378,0.03294849395751953
1041,PQC,0.04165029525756836,0.04187488555908203,3138,0.03554177284240723
1041,AES,0.03608894348144531,0.033899545669555664,1730,0.03252220153808594
1041,No_Encryption,0.03821372985839844,0.030037641525268555,1378,0.036135196685791016
1042,PQC,0.04219651222229004,0.03870844841003418,3138,0.03249311447143555
1042,AES,0.0330042839050293,0.03475832939147949,1730,0.03403949737548828
1042,No_Encryption,0.0339047908782959,0.0302431583404541,1378,0.03729391098022461
1043,PQC,0.04278254508972168,0.036211490631103516,3138,0.030419588088989258
1043,AES,0.03360891342163086,0.032996177673339844,1730,0.03052544593811035
1043,No_Encryption,0.02960205078125,0.029262065887451172,1378,0.03290605545043945
1044,PQC,0.03630495071411133,0.03377103805541992,3138,0.0303347110748291
1044,AES,0.030185222625732422,0.032087087631225586,1730,0.03152132034301758
1044,No_Encryption,0.03365349769592285,0.026777029037475586,1378,0.028730154037475586
1045,PQC,0.036040306091308594,0.032491445541381836,3138,0.030938148498535156
1045,AES,0.027399539947509766,0.030019760131835938,1730,0.0298464298248291
1045,No_Encryption,0.03154611587524414,0.027275800704956055,1378,0.029423236846923828
1046,PQC,0.0353999137878418,0.03298044204711914,3138,0.02967691421508789
1046,AES,0.030984163284301758,0.03215456008911133,1730,0.028954744338989258
1046,No_Encryption,0.029932022094726562,0.025836467742919922,1378,0.030224084854125977
1047,PQC,0.03905224800109863,0.03370976448059082,3138,0.03161787986755371
1047,AES,0.03480410575866699,0.03092789649963379,1730,0.030689239501953125
1047,No_Encryption,0.02955341339111328,0.028582096099853516,1378,0.03097057342529297
1048,PQC,0.03967761993408203,0.03508162498474121,3138,0.03140974044799805
1048,AES,0.03175997734069824,0.03320050239562988,1730,0.03139138221740723
1048,No_Encryption,0.03109431266784668,0.025728464126586914,1378,0.029781579971313477
1049,PQC,0.035877227783203125,0.034993886947631836,3138,0.02923870086669922
1049,AES,0.03409552574157715,0.03223705291748047,1730,0.03105306625366211
1049,No_Encryption,0.032530784606933594,0.031209230422973633,1378,0.03616786003112793
1050,PQC,0.040238380432128906,0.04013872146606445,3138,0.03696441650390625
1050,AES,0.048277854919433594,0.03812241554260254,1730,0.036481380462646484
1050,No_Encryption,0.03426790237426758,0.03222036361694336,1378,0.03565835952758789
1051,PQC,0.050452232360839844,0.04093527793884277,3138,0.034667253494262695
1051,AES,0.03704357147216797,0.03624868392944336,1730,0.034166812896728516
1051,No_Encryption,0.030922412872314453,0.028993844985961914,1378,0.03661608695983887
1052,PQC,0.040976524353027344,0.03573203086853027,3138,0.030886173248291016
1052,AES,0.031883955001831055,0.030391693115234375,1730,0.030953645706176758
1052,No_Encryption,0.03507065773010254,0.02847886085510254,1378,0.03014540672302246
1053,PQC,0.035552978515625,0.033659934997558594,3138,0.030901432037353516
1053,AES,0.03274822235107422,0.032386064529418945,1730,0.03232622146606445
1053,No_Encryption,0.03304171562194824,0.028736591339111328,1378,0.0315396785736084
1054,PQC,0.03487801551818848,0.037758588790893555,3138,0.03223156929016113
1054,AES,0.034132957458496094,0.030764341354370117,1730,0.028592348098754883
1054,No_Encryption,0.028888940811157227,0.027821779251098633,1378,0.029378414154052734
1055,PQC,0.035582542419433594,0.033133745193481445,3138,0.02897334098815918
1055,AES,0.03065776824951172,0.028006553649902344,1730,0.029767513275146484
1055,No_Encryption,0.02982926368713379,0.02779555320739746,1378,0.029383420944213867
1056,PQC,0.03421521186828613,0.03512072563171387,3138,0.030298709869384766
1056,AES,0.029833316802978516,0.02981853485107422,1730,0.03208637237548828
1056,No_Encryption,0.026640892028808594,0.027006149291992188,1378,0.03051447868347168
1057,PQC,0.04003405570983887,0.033464670181274414,3138,0.029519081115722656
1057,AES,0.0353090763092041,0.030144214630126953,1730,0.030286312103271484
1057,No_Encryption,0.029682159423828125,0.027548551559448242,1378,0.030484914779663086
1058,PQC,0.03772783279418945,0.03307628631591797,3138,0.029924631118774414
1058,AES,0.031906843185424805,0.0287172794342041,1730,0.028871774673461914
1058,No_Encryption,0.030739307403564453,0.025701522827148438,1378,0.03394293785095215
1059,PQC,0.037317752838134766,0.035334110260009766,3138,0.029755830764770508
1059,AES,0.028790712356567383,0.03138303756713867,1730,0.026882171630859375
1059,No_Encryption,0.028826236724853516,0.027622461318969727,1378,0.02834773063659668
1060,PQC,0.0340266227722168,0.03506660461425781,3138,0.02986288070678711
1060,AES,0.034515380859375,0.02934432029724121,1730,0.03302788734436035
1060,No_Encryption,0.030775785446166992,0.028223037719726562,1378,0.029274940490722656
1061,PQC,0.03544783592224121,0.0327761173248291,3138,0.027835845947265625
1061,AES,0.03655529022216797,0.030382156372070312,1730,0.02985548973083496
1061,No_Encryption,0.03627514839172363,0.027028560638427734,1378,0.030576467514038086
1062,PQC,0.03750443458557129,0.03282523155212402,3138,0.03237462043762207
1062,AES,0.05167508125305176,0.03304100036621094,1730,0.0313258171081543
1062,No_Encryption,0.03802132606506348,0.03057861328125,1378,0.03653860092163086
1063,PQC,0.039808034896850586,0.038155555725097656,3138,0.03354239463806152
1063,AES,0.031546592712402344,0.033684730529785156,1730,0.035329341888427734
1063,No_Encryption,0.037328243255615234,0.02982807159423828,1378,0.034133195877075195
1064,PQC,0.037390947341918945,0.03903460502624512,3138,0.03174114227294922
1064,AES,0.0316469669342041,0.032263755798339844,1730,0.035219669342041016
1064,No_Encryption,0.03022456169128418,0.027378082275390625,1378,0.030490636825561523
1065,PQC,0.04423260688781738,0.04448986053466797,3138,0.03247642517089844
1065,AES,0.03247237205505371,0.03195691108703613,1730,0.03181815147399902
1065,No_Encryption,0.03737068176269531,0.028497934341430664,1378,0.03429460525512695
1066,PQC,0.03625679016113281,0.033789634704589844,3138,0.027988910675048828
1066,AES,0.03110814094543457,0.030473709106445312,1730,0.029247760772705078
1066,No_Encryption,0.033379316329956055,0.026140213012695312,1378,0.03089118003845215
1067,PQC,0.03388810157775879,0.03249645233154297,3138,0.025414466857910156
1067,AES,0.023899316787719727,0.023633480072021484,1730,0.021640777587890625
1067,No_Encryption,0.02205681800842285,0.017795324325561523,1378,0.020502805709838867
1068,PQC,0.024189472198486328,0.02229475975036621,3138,0.019626140594482422
1068,AES,0.018798112869262695,0.01887822151184082,1730,0.018857479095458984
1068,No_Encryption,0.020032882690429688,0.016570329666137695,1378,0.021105289459228516
1069,PQC,0.025153636932373047,0.021192312240600586,3138,0.01820969581604004
1069,AES,0.020027875900268555,0.01898336410522461,1730,0.018610715866088867
1069,No_Encryption,0.0206601619720459,0.016367435455322266,1378,0.01865220069885254
1070,PQC,0.02194356918334961,0.02176380157470703,3138,0.01692819595336914
1070,AES,0.019313812255859375,0.01878213882446289,1730,0.01901865005493164
1070,No_Encryption,0.018364429473876953,0.01757073402404785,1378,0.021187782287597656
1071,PQC,0.03315854072570801,0.023061037063598633,3138,0.018773555755615234
1071,AES,0.01998305320739746,0.01971745491027832,1730,0.020831584930419922
1071,No_Encryption,0.021716833114624023,0.01839280128479004,1378,0.02597951889038086
1072,PQC,0.05044388771057129,0.04310035705566406,3138,0.03649091720581055
1072,AES,0.044663190841674805,0.042035818099975586,1730,0.0363154411315918
1072,No_Encryption,0.03551626205444336,0.03294110298156738,1378,0.03783893585205078
1073,PQC,0.05004382133483887,0.0476374626159668,3138,0.03746438026428223
1073,AES,0.04062175750732422,0.03560495376586914,1730,0.0319209098815918
1073,No_Encryption,0.0361170768737793,0.028377771377563477,1378,0.03487849235534668
1074,PQC,0.036572933197021484,0.037192344665527344,3138,0.03166079521179199
1074,AES,0.03013134002685547,0.03144574165344238,1730,0.03101968765258789
1074,No_Encryption,0.0317378044128418,0.026602745056152344,1378,0.03249406814575195
1075,PQC,0.03527688980102539,0.03260016441345215,3138,0.030561208724975586
1075,AES,0.03827309608459473,0.031513214111328125,1730,0.03125309944152832
1075,No_Encryption,0.02825450897216797,0.028064966201782227,1378,0.03301095962524414
1076,PQC,0.03911542892456055,0.03660178184509277,3138,0.03171658515930176
1076,AES,0.030303955078125,0.02964305877685547,1730,0.02948451042175293
1076,No_Encryption,0.02877497673034668,0.025994300842285156,1378,0.03176999092102051
1077,PQC,0.03965616226196289,0.03279733657836914,3138,0.02874279022216797
1077,AES,0.030781269073486328,0.030139923095703125,1730,0.028534412384033203
1077,No_Encryption,0.03729653358459473,0.026732444763183594,1378,0.029515743255615234
1078,PQC,0.03650236129760742,0.03259634971618652,3138,0.02688741683959961
1078,AES,0.02644515037536621,0.03032207489013672,1730,0.029572010040283203
1078,No_Encryption,0.029510974884033203,0.02868795394897461,1378,0.03022289276123047
1079,PQC,0.06232190132141113,0.04236602783203125,3138,0.03139376640319824
1079,AES,0.03273653984069824,0.03102278709411621,1730,0.02968907356262207
1079,No_Encryption,0.02975940704345703,0.026666641235351562,1378,0.03136444091796875
1080,PQC,0.03665566444396973,0.03730583190917969,3138,0.03173470497131348
1080,AES,0.0288999080657959,0.029227018356323242,1730,0.02770519256591797
1080,No_Encryption,0.027457237243652344,0.025471925735473633,1378,0.0283205509185791
1081,PQC,0.03745698928833008,0.03500771522521973,3138,0.031062602996826172
1081,AES,0.031382083892822266,0.028944015502929688,1730,0.029376506805419922
1081,No_Encryption,0.026236295700073242,0.02720952033996582,1378,0.029597759246826172
1082,PQC,0.03427410125732422,0.03406500816345215,3138,0.029885292053222656
1082,AES,0.030111312866210938,0.02902078628540039,1730,0.029048442840576172
1082,No_Encryption,0.028104066848754883,0.024868249893188477,1378,0.027298688888549805
1083,PQC,0.033068180084228516,0.032989501953125,3138,0.02753281593322754
1083,AES,0.03040313720703125,0.028623342514038086,1730,0.028267621994018555
1083,No_Encryption,0.02910923957824707,0.02605891227722168,1378,0.03096604347229004
1084,PQC,0.03464221954345703,0.03261971473693848,3138,0.028478384017944336
1084,AES,0.038672447204589844,0.029832124710083008,1730,0.028316020965576172
1084,No_Encryption,0.027408361434936523,0.026533842086791992,1378,0.02922511100769043
1085,PQC,0.03729391098022461,0.033599138259887695,3138,0.028445720672607422
1085,AES,0.02891230583190918,0.03150582313537598,1730,0.028906583786010742
1085,No_Encryption,0.026964664459228516,0.02470111846923828,1378,0.02811121940612793
1086,PQC,0.034543514251708984,0.03138422966003418,3138,0.026945829391479492
1086,AES,0.031759023666381836,0.027972698211669922,1730,0.027020692825317383
1086,No_Encryption,0.031426191329956055,0.02444314956665039,1378,0.028287172317504883
1087,PQC,0.03409266471862793,0.03006267547607422,3138,0.026120901107788086
1087,AES,0.027691364288330078,0.027405500411987305,1730,0.026867389678955078
1087,No_Encryption,0.028148174285888672,0.025805234909057617,1378,0.03351736068725586
1088,PQC,0.03460073471069336,0.03373384475708008,3138,0.028299570083618164
1088,AES,0.029377460479736328,0.02896285057067871,1730,0.028418779373168945
1088,No_Encryption,0.02962040901184082,0.026270389556884766,1378,0.031061410903930664
1089,PQC,0.03720426559448242,0.032037973403930664,3138,0.028287410736083984
1089,AES,0.032972097396850586,0.027477741241455078,1730,0.029523849487304688
1089,No_Encryption,0.028350114822387695,0.02804422378540039,1378,0.029871702194213867
1090,PQC,0.033111572265625,0.036412954330444336,3138,0.03506302833557129
1090,AES,0.03946542739868164,0.03356647491455078,1730,0.033308982849121094
1090,No_Encryption,0.03551173210144043,0.0296170711517334,1378,0.03179168701171875
1091,PQC,0.03814387321472168,0.036235809326171875,3138,0.03294658660888672
1091,AES,0.034616947174072266,0.03227710723876953,1730,0.032106637954711914
1091,No_Encryption,0.03521466255187988,0.02876901626586914,1378,0.033597469329833984
1092,PQC,0.04117727279663086,0.04089927673339844,3138,0.03137493133544922
1092,AES,0.033893585205078125,0.031678199768066406,1730,0.031397342681884766
1092,No_Encryption,0.03401589393615723,0.026493549346923828,1378,0.029587507247924805
1093,PQC,0.03900337219238281,0.03399777412414551,3138,0.027791261672973633
1093,AES,0.03090381622314453,0.03058028221130371,1730,0.029215574264526367
1093,No_Encryption,0.034325599670410156,0.02537250518798828,1378,0.03207826614379883
1094,PQC,0.035816192626953125,0.03272747993469238,3138,0.02773427963256836
1094,AES,0.033536672592163086,0.03106236457824707,1730,0.030580997467041016
1094,No_Encryption,0.027679920196533203,0.026134967803955078,1378,0.030799150466918945
1095,PQC,0.034630537033081055,0.036499977111816406,3138,0.032094478607177734
1095,AES,0.03035116195678711,0.030369043350219727,1730,0.033364057540893555
1095,No_Encryption,0.029641151428222656,0.027979373931884766,1378,0.03042006492614746
1096,PQC,0.03366899490356445,0.030130624771118164,3138,0.02888631820678711
1096,AES,0.039496660232543945,0.03055858612060547,1730,0.0285341739654541
1096,No_Encryption,0.02773141860961914,0.027200937271118164,1378,0.030495882034301758
1097,PQC,0.037595272064208984,0.035809993743896484,3138,0.03002190589904785
1097,AES,0.03114771842956543,0.028440237045288086,1730,0.03338456153869629
1097,No_Encryption,0.029779434204101562,0.025937557220458984,1378,0.030248165130615234
1098,PQC,0.04295849800109863,0.0355226993560791,3138,0.03168940544128418
1098,AES,0.0661153793334961,0.04470992088317871,1730,0.045226335525512695
1098,No_Encryption,0.03712034225463867,0.03300356864929199,1378,0.03568434715270996
1099,PQC,0.04402446746826172,0.04158616065979004,3138,0.03396272659301758
1099,AES,0.03814411163330078,0.03508710861206055,1730,0.03917837142944336
1099,No_Encryption,0.04068636894226074,0.032550811767578125,1378,0.037114858627319336
1100,PQC,0.04333662986755371,0.04176044464111328,3138,0.04098153114318848
1100,AES,0.046338796615600586,0.04062151908874512,1730,0.03770256042480469
1100,No_Encryption,0.044777631759643555,0.033400774002075195,1378,0.04250526428222656
1101,PQC,0.04828906059265137,0.0412442684173584,3138,0.033721208572387695
1101,AES,0.034073829650878906,0.0343022346496582,1730,0.03372311592102051
1101,No_Encryption,0.03095078468322754,0.028076887130737305,1378,0.04013800621032715
1102,PQC,0.0505828857421875,0.043848276138305664,3138,0.03389716148376465
1102,AES,0.03655886650085449,0.03359484672546387,1730,0.03480935096740723
1102,No_Encryption,0.032738685607910156,0.02924346923828125,1378,0.03415656089782715
1103,PQC,0.04426264762878418,0.04091143608093262,3138,0.034807443618774414
1103,AES,0.03709840774536133,0.03454279899597168,1730,0.03552389144897461
1103,No_Encryption,0.03830528259277344,0.03138995170593262,1378,0.03391432762145996
1104,PQC,0.04302048683166504,0.038460731506347656,3138,0.034676551818847656
1104,AES,0.03792524337768555,0.03524374961853027,1730,0.040018558502197266
1104,No_Encryption,0.03498029708862305,0.03217005729675293,1378,0.033028602600097656
1105,PQC,0.04470682144165039,0.04385113716125488,3138,0.03738117218017578
1105,AES,0.04033541679382324,0.03679251670837402,1730,0.03947043418884277
1105,No_Encryption,0.040952444076538086,0.03290224075317383,1378,0.03875732421875
1106,PQC,0.043698787689208984,0.04351997375488281,3138,0.03435850143432617
1106,AES,0.05066061019897461,0.03935647010803223,1730,0.03553032875061035
1106,No_Encryption,0.03685402870178223,0.031775712966918945,1378,0.03492879867553711
1107,PQC,0.041832685470581055,0.03968620300292969,3138,0.036168575286865234
1107,AES,0.03391075134277344,0.034447431564331055,1730,0.033339738845825195
1107,No_Encryption,0.029755115509033203,0.028577089309692383,1378,0.031903743743896484
1108,PQC,0.03768730163574219,0.03490185737609863,3138,0.029397010803222656
1108,AES,0.03472447395324707,0.03270864486694336,1730,0.02990436553955078
1108,No_Encryption,0.029387235641479492,0.02717447280883789,1378,0.030135154724121094
1109,PQC,0.03496074676513672,0.033600807189941406,3138,0.03205466270446777
1109,AES,0.03498220443725586,0.031401872634887695,1730,0.030304908752441406
1109,No_Encryption,0.03336048126220703,0.028267383575439453,1378,0.032190561294555664
1110,PQC,0.03875899314880371,0.03702545166015625,3138,0.03150653839111328
1110,AES,0.03655076026916504,0.03244185447692871,1730,0.02863144874572754
1110,No_Encryption,0.02890944480895996,0.0278472900390625,1378,0.03197789192199707
1111,PQC,0.038225650787353516,0.04111433029174805,3138,0.03423929214477539
1111,AES,0.03457951545715332,0.03416776657104492,1730,0.030636310577392578
1111,No_Encryption,0.037940025329589844,0.029412031173706055,1378,0.03406953811645508
1112,PQC,0.0472414493560791,0.03910207748413086,3138,0.031911611557006836
1112,AES,0.03260231018066406,0.0357973575592041,1730,0.03344440460205078
1112,No_Encryption,0.034535884857177734,0.032430171966552734,1378,0.03446841239929199
1113,PQC,0.04373431205749512,0.0477447509765625,3138,0.04003262519836426
1113,AES,0.04892110824584961,0.036966800689697266,1730,0.03512144088745117
1113,No_Encryption,0.04407000541687012,0.03515028953552246,1378,0.04243803024291992
1114,PQC,0.04771089553833008,0.04300212860107422,3138,0.035676002502441406
1114,AES,0.04916024208068848,0.03703713417053223,1730,0.0386962890625
1114,No_Encryption,0.03940391540527344,0.034833431243896484,1378,0.03920602798461914
1115,PQC,0.04435133934020996,0.0408322811126709,3138,0.03348231315612793
1115,AES,0.03954052925109863,0.03489947319030762,1730,0.03433346748352051
1115,No_Encryption,0.0348505973815918,0.03118610382080078,1378,0.03290367126464844
1116,PQC,0.044501304626464844,0.039653778076171875,3138,0.02924966812133789
1116,AES,0.03662705421447754,0.03073430061340332,1730,0.02962470054626465
1116,No_Encryption,0.03424477577209473,0.029491186141967773,1378,0.03406953811645508
1117,PQC,0.042388200759887695,0.036759138107299805,3138,0.03197360038757324
1117,AES,0.03266572952270508,0.03396725654602051,1730,0.033667564392089844
1117,No_Encryption,0.040390729904174805,0.028251171112060547,1378,0.03244972229003906
1118,PQC,0.043692827224731445,0.03866291046142578,3138,0.029821395874023438
1118,AES,0.030890464782714844,0.032625675201416016,1730,0.03147530555725098
1118,No_Encryption,0.034778594970703125,0.02951526641845703,1378,0.033882856369018555
1119,PQC,0.041883230209350586,0.03623819351196289,3138,0.032273054122924805
1119,AES,0.035154104232788086,0.03279471397399902,1730,0.031612396240234375
1119,No_Encryption,0.035284996032714844,0.028443574905395508,1378,0.0321500301361084
1120,PQC,0.04072237014770508,0.03631162643432617,3138,0.031807661056518555
1120,AES,0.03954935073852539,0.033255815505981445,1730,0.03400397300720215
1120,No_Encryption,0.03805088996887207,0.029860973358154297,1378,0.033652305603027344
1121,PQC,0.03988456726074219,0.039440155029296875,3138,0.03235292434692383
1121,AES,0.037036895751953125,0.03403115272521973,1730,0.033753156661987305
1121,No_Encryption,0.03664755821228027,0.030316591262817383,1378,0.03693985939025879
1122,PQC,0.04001450538635254,0.04086112976074219,3138,0.0328977108001709
1122,AES,0.03552818298339844,0.03389477729797363,1730,0.03372526168823242
1122,No_Encryption,0.034674882888793945,0.030451059341430664,1378,0.03341317176818848
1123,PQC,0.04005575180053711,0.03771185874938965,3138,0.03302121162414551
1123,AES,0.03447151184082031,0.03468823432922363,1730,0.03280758857727051
1123,No_Encryption,0.029309749603271484,0.027861833572387695,1378,0.03402519226074219
1124,PQC,0.04144763946533203,0.040521860122680664,3138,0.030136823654174805
1124,AES,0.03719282150268555,0.0368807315826416,1730,0.036298274993896484
1124,No_Encryption,0.034307241439819336,0.03298020362854004,1378,0.03357338905334473
1125,PQC,0.04417753219604492,0.0415191650390625,3138,0.03383040428161621
1125,AES,0.03943157196044922,0.03404378890991211,1730,0.0329747200012207
1125,No_Encryption,0.032521963119506836,0.029407739639282227,1378,0.03195047378540039
1126,PQC,0.04301333427429199,0.040476083755493164,3138,0.030826330184936523
1126,AES,0.03637957572937012,0.03314328193664551,1730,0.031069278717041016
1126,No_Encryption,0.03145432472229004,0.02707386016845703,1378,0.03552436828613281
1127,PQC,0.038185834884643555,0.0392148494720459,3138,0.03329110145568848
1127,AES,0.03573417663574219,0.03456377983093262,1730,0.03498506546020508
1127,No_Encryption,0.035889625549316406,0.03076028823852539,1378,0.03526592254638672
1128,PQC,0.04903101921081543,0.03993725776672363,3138,0.03490614891052246
1128,AES,0.04674887657165527,0.03425192832946777,1730,0.03322553634643555
1128,No_Encryption,0.03664970397949219,0.029677867889404297,1378,0.034888505935668945
1129,PQC,0.04151606559753418,0.043016910552978516,3138,0.035662174224853516
1129,AES,0.03937816619873047,0.03505873680114746,1730,0.0316472053527832
1129,No_Encryption,0.03325390815734863,0.02818012237548828,1378,0.032028913497924805
1130,PQC,0.040483951568603516,0.034409284591674805,3138,0.028263568878173828
1130,AES,0.02989029884338379,0.03392338752746582,1730,0.03077554702758789
1130,No_Encryption,0.0367429256439209,0.031401634216308594,1378,0.033837080001831055
1131,PQC,0.043309926986694336,0.034316301345825195,3138,0.02962803840637207
1131,AES,0.03407692909240723,0.03163456916809082,1730,0.0315091609954834
1131,No_Encryption,0.03087472915649414,0.02810359001159668,1378,0.03251934051513672
1132,PQC,0.03602766990661621,0.03370094299316406,3138,0.03244829177856445
1132,AES,0.0328211784362793,0.029558181762695312,1730,0.030674219131469727
1132,No_Encryption,0.028201580047607422,0.026350736618041992,1378,0.02969217300415039
1133,PQC,0.04117536544799805,0.03323936462402344,3138,0.029401063919067383
1133,AES,0.030524015426635742,0.02999401092529297,1730,0.029610633850097656
1133,No_Encryption,0.02913212776184082,0.027433395385742188,1378,0.0318303108215332
1134,PQC,0.034451961517333984,0.03224039077758789,3138,0.031525611877441406
1134,AES,0.0314784049987793,0.028512001037597656,1730,0.030375957489013672
1134,No_Encryption,0.036725759506225586,0.027994394302368164,1378,0.029299259185791016
1135,PQC,0.044014930725097656,0.03445029258728027,3138,0.029909849166870117
1135,AES,0.030861616134643555,0.031272172927856445,1730,0.02974843978881836
1135,No_Encryption,0.042668819427490234,0.03117680549621582,1378,0.038312673568725586
1136,PQC,0.046889543533325195,0.04040789604187012,3138,0.03380537033081055
1136,AES,0.04105257987976074,0.03565669059753418,1730,0.03394961357116699
1136,No_Encryption,0.03632020950317383,0.0296173095703125,1378,0.033731698989868164
1137,PQC,0.03752565383911133,0.03634977340698242,3138,0.030922651290893555
1137,AES,0.03381752967834473,0.032328128814697266,1730,0.032390594482421875
1137,No_Encryption,0.04165077209472656,0.026050567626953125,1378,0.029381513595581055
1138,PQC,0.03526902198791504,0.03346586227416992,3138,0.0289609432220459
1138,AES,0.029222965240478516,0.030870914459228516,1730,0.03155827522277832
1138,No_Encryption,0.031374454498291016,0.02787923812866211,1378,0.029296398162841797
1139,PQC,0.03436565399169922,0.03598523139953613,3138,0.0292203426361084
1139,AES,0.030492544174194336,0.028326988220214844,1730,0.028937816619873047
1139,No_Encryption,0.028046607971191406,0.02887439727783203,1378,0.03362703323364258
1140,PQC,0.037006378173828125,0.03382754325866699,3138,0.029079675674438477
1140,AES,0.03313565254211426,0.03163433074951172,1730,0.03179597854614258
1140,No_Encryption,0.03535938262939453,0.027895212173461914,1378,0.02873826026916504
1141,PQC,0.03681612014770508,0.03444695472717285,3138,0.032171010971069336
1141,AES,0.032294511795043945,0.0306549072265625,1730,0.03032708168029785
1141,No_Encryption,0.03159165382385254,0.028517723083496094,1378,0.030165910720825195
1142,PQC,0.03877758979797363,0.0366978645324707,3138,0.03308224678039551
1142,AES,0.03112626075744629,0.030915260314941406,1730,0.030330896377563477
1142,No_Encryption,0.029226303100585938,0.025747060775756836,1378,0.031339406967163086
1143,PQC,0.03301572799682617,0.03296160697937012,3138,0.028412818908691406
1143,AES,0.030142545700073242,0.030066967010498047,1730,0.030058622360229492
1143,No_Encryption,0.031676292419433594,0.027512550354003906,1378,0.032121896743774414
1144,PQC,0.034677982330322266,0.03364706039428711,3138,0.02829599380493164
1144,AES,0.03284883499145508,0.029088973999023438,1730,0.03164052963256836
1144,No_Encryption,0.03210616111755371,0.026029109954833984,1378,0.02788829803466797
1145,PQC,0.03424668312072754,0.03458404541015625,3138,0.029262781143188477
1145,AES,0.03420233726501465,0.032997846603393555,1730,0.02937459945678711
1145,No_Encryption,0.03359246253967285,0.027317523956298828,1378,0.03299355506896973
1146,PQC,0.03846406936645508,0.033914804458618164,3138,0.029520750045776367
1146,AES,0.03471875190734863,0.034598588943481445,1730,0.03039860725402832
1146,No_Encryption,0.034899234771728516,0.0293729305267334,1378,0.03761911392211914
1147,PQC,0.05814099311828613,0.0397953987121582,3138,0.03507685661315918
1147,AES,0.039487361907958984,0.038008689880371094,1730,0.03511619567871094
1147,No_Encryption,0.03745532035827637,0.033109426498413086,1378,0.03441572189331055
1148,PQC,0.03855252265930176,0.03807568550109863,3138,0.0322108268737793
1148,AES,0.03900861740112305,0.03179001808166504,1730,0.031231403350830078
1148,No_Encryption,0.030140399932861328,0.028308629989624023,1378,0.031097888946533203
1149,PQC,0.048947811126708984,0.0378110408782959,3138,0.03126263618469238
1149,AES,0.0372011661529541,0.033585309982299805,1730,0.031647443771362305
1149,No_Encryption,0.031770944595336914,0.029261350631713867,1378,0.030669450759887695
1150,PQC,0.041448354721069336,0.04050922393798828,3138,0.029550552368164062
1150,AES,0.034212350845336914,0.033418893814086914,1730,0.03276395797729492
1150,No_Encryption,0.031178951263427734,0.027344703674316406,1378,0.0317225456237793
1151,PQC,0.03778576850891113,0.03654885292053223,3138,0.031100749969482422
1151,AES,0.035027265548706055,0.0326991081237793,1730,0.030851364135742188
1151,No_Encryption,0.03528618812561035,0.028907299041748047,1378,0.03182029724121094
1152,PQC,0.03684401512145996,0.03363037109375,3138,0.0284881591796875
1152,AES,0.03294992446899414,0.03017735481262207,1730,0.029956340789794922
1152,No_Encryption,0.030220746994018555,0.027886629104614258,1378,0.030657052993774414
1153,PQC,0.03405880928039551,0.03142499923706055,3138,0.031694650650024414
1153,AES,0.03235125541687012,0.030618667602539062,1730,0.029020071029663086
1153,No_Encryption,0.03168630599975586,0.025175809860229492,1378,0.02747631072998047
1154,PQC,0.0342557430267334,0.03291654586791992,3138,0.028490066528320312
1154,AES,0.03454303741455078,0.028392314910888672,1730,0.0305633544921875
1154,No_Encryption,0.030025482177734375,0.0263516902923584,1378,0.02838420867919922
1155,PQC,0.03296709060668945,0.03181338310241699,3138,0.027252912521362305
1155,AES,0.028769493103027344,0.028153181076049805,1730,0.026807308197021484
1155,No_Encryption,0.02623581886291504,0.024625301361083984,1378,0.03130531311035156
1156,PQC,0.03683590888977051,0.03415870666503906,3138,0.029436111450195312
1156,AES,0.031539201736450195,0.028417110443115234,1730,0.030279159545898438
1156,No_Encryption,0.02865886688232422,0.02761697769165039,1378,0.03521275520324707
1157,PQC,0.034989356994628906,0.03721427917480469,3138,0.029291391372680664
1157,AES,0.03034663200378418,0.029347896575927734,1730,0.029341697692871094
1157,No_Encryption,0.034207820892333984,0.028431177139282227,1378,0.03162026405334473
1158,PQC,0.034354209899902344,0.031847238540649414,3138,0.030125141143798828
1158,AES,0.030545711517333984,0.030610084533691406,1730,0.03233933448791504
1158,No_Encryption,0.037224769592285156,0.0286102294921875,1378,0.033104896545410156
1159,PQC,0.038286685943603516,0.036154985427856445,3138,0.031186819076538086
1159,AES,0.055937767028808594,0.0389094352722168,1730,0.04024529457092285
1159,No_Encryption,0.04003787040710449,0.0329585075378418,1378,0.03738975524902344
1160,PQC,0.04644441604614258,0.04381227493286133,3138,0.03314781188964844
1160,AES,0.03775477409362793,0.03715062141418457,1730,0.033089637756347656
1160,No_Encryption,0.03713798522949219,0.03277778625488281,1378,0.036400556564331055
1161,PQC,0.04711008071899414,0.044205665588378906,3138,0.03468489646911621
1161,AES,0.0420377254486084,0.03902173042297363,1730,0.03315377235412598
1161,No_Encryption,0.03644585609436035,0.031017541885375977,1378,0.03472304344177246
1162,PQC,0.04929947853088379,0.040132999420166016,3138,0.0348820686340332
1162,AES,0.03445291519165039,0.03217911720275879,1730,0.03130483627319336
1162,No_Encryption,0.03135180473327637,0.027199983596801758,1378,0.03160667419433594
1163,PQC,0.03916025161743164,0.03445625305175781,3138,0.030188322067260742
1163,AES,0.032378435134887695,0.028631210327148438,1730,0.03238511085510254
1163,No_Encryption,0.028410673141479492,0.026296138763427734,1378,0.030054807662963867
1164,PQC,0.03788876533508301,0.036196231842041016,3138,0.03034210205078125
1164,AES,0.03953695297241211,0.03263211250305176,1730,0.03377175331115723
1164,No_Encryption,0.037752389907836914,0.028890609741210938,1378,0.03291487693786621
1165,PQC,0.042980194091796875,0.03789854049682617,3138,0.030893802642822266
1165,AES,0.031216144561767578,0.03136491775512695,1730,0.03054976463317871
1165,No_Encryption,0.03035283088684082,0.029007673263549805,1378,0.030980348587036133
1166,PQC,0.03825497627258301,0.038542985916137695,3138,0.038680315017700195
1166,AES,0.047486305236816406,0.036468505859375,1730,0.03293943405151367
1166,No_Encryption,0.03360438346862793,0.03041696548461914,1378,0.033457040786743164
1167,PQC,0.03795504570007324,0.03646683692932129,3138,0.030684471130371094
1167,AES,0.036133766174316406,0.033251285552978516,1730,0.03206658363342285
1167,No_Encryption,0.03391885757446289,0.02657628059387207,1378,0.032088518142700195
1168,PQC,0.038147687911987305,0.037546396255493164,3138,0.02880549430847168
1168,AES,0.029431819915771484,0.030724763870239258,1730,0.029314517974853516
1168,No_Encryption,0.02935194969177246,0.027858734130859375,1378,0.03052234649658203
1169,PQC,0.03479886054992676,0.03488874435424805,3138,0.02946925163269043
1169,AES,0.03224778175354004,0.029834508895874023,1730,0.029181957244873047
1169,No_Encryption,0.02818894386291504,0.026124238967895508,1378,0.032620906829833984
1170,PQC,0.043243408203125,0.03245663642883301,3138,0.028307199478149414
1170,AES,0.029796600341796875,0.0280306339263916,1730,0.027209758758544922
1170,No_Encryption,0.02963995933532715,0.026150941848754883,1378,0.029123783111572266
1171,PQC,0.039528608322143555,0.033557891845703125,3138,0.028884410858154297
1171,AES,0.03497457504272461,0.0293576717376709,1730,0.029256582260131836
1171,No_Encryption,0.03550529479980469,0.026815176010131836,1378,0.030148744583129883
1172,PQC,0.036055803298950195,0.03466653823852539,3138,0.029340267181396484
1172,AES,0.03203558921813965,0.029314517974853516,1730,0.029833316802978516
1172,No_Encryption,0.037186384201049805,0.027248620986938477,1378,0.0317082405090332
1173,PQC,0.035566091537475586,0.03299069404602051,3138,0.027820587158203125
1173,AES,0.031034231185913086,0.03094649314880371,1730,0.029269695281982422
1173,No_Encryption,0.027466773986816406,0.026000022888183594,1378,0.02867412567138672
1174,PQC,0.03559303283691406,0.03347969055175781,3138,0.03157401084899902
1174,AES,0.03366899490356445,0.030800819396972656,1730,0.02982640266418457
1174,No_Encryption,0.028637170791625977,0.028191089630126953,1378,0.03062295913696289
1175,PQC,0.03632688522338867,0.03165459632873535,3138,0.029033660888671875
1175,AES,0.030934572219848633,0.028378009796142578,1730,0.026961803436279297
1175,No_Encryption,0.025454998016357422,0.026687145233154297,1378,0.028254985809326172
1176,PQC,0.03355097770690918,0.030565738677978516,3138,0.026312828063964844
1176,AES,0.028690099716186523,0.030222654342651367,1730,0.028078794479370117
1176,No_Encryption,0.030127763748168945,0.025494098663330078,1378,0.02963113784790039
1177,PQC,0.03764200210571289,0.032422542572021484,3138,0.02569723129272461
1177,AES,0.026796817779541016,0.02644658088684082,1730,0.028296232223510742
1177,No_Encryption,0.025646209716796875,0.0250546932220459,1378,0.026103496551513672
1178,PQC,0.03195929527282715,0.03374028205871582,3138,0.026480913162231445
1178,AES,0.02701854705810547,0.02783942222595215,1730,0.027747631072998047
1178,No_Encryption,0.02567124366760254,0.02612471580505371,1378,0.02703690528869629
1179,PQC,0.03711700439453125,0.037703514099121094,3138,0.03138566017150879
1179,AES,0.030447006225585938,0.029931306838989258,1730,0.02913832664489746
1179,No_Encryption,0.029883146286010742,0.025521278381347656,1378,0.02955317497253418
1180,PQC,0.03540825843811035,0.0368502140045166,3138,0.02946925163269043
1180,AES,0.02835869789123535,0.026707172393798828,1730,0.02642655372619629
1180,No_Encryption,0.027294397354125977,0.02524089813232422,1378,0.028635501861572266
1181,PQC,0.032594919204711914,0.03131365776062012,3138,0.02769613265991211
1181,AES,0.027148723602294922,0.029282331466674805,1730,0.027347087860107422
1181,No_Encryption,0.029692411422729492,0.025635242462158203,1378,0.02911520004272461
1182,PQC,0.03641366958618164,0.032807350158691406,3138,0.027770519256591797
1182,AES,0.03191065788269043,0.029119491577148438,1730,0.02502918243408203
1182,No_Encryption,0.02792072296142578,0.029203176498413086,1378,0.034180402755737305
1183,PQC,0.03629922866821289,0.03402423858642578,3138,0.02870321273803711
1183,AES,0.027720212936401367,0.028198957443237305,1730,0.02978825569152832
1183,No_Encryption,0.02604222297668457,0.02595067024230957,1378,0.027475833892822266
1184,PQC,0.03397178649902344,0.0315401554107666,3138,0.02632617950439453
1184,AES,0.02994227409362793,0.02701544761657715,1730,0.02700972557067871
1184,No_Encryption,0.02951526641845703,0.025756359100341797,1378,0.02993607521057129
1185,PQC,0.03562760353088379,0.03289055824279785,3138,0.02713751792907715
1185,AES,0.028094768524169922,0.03215813636779785,1730,0.030174970626831055
1185,No_Encryption,0.03461503982543945,0.02509474754333496,1378,0.03024744987487793
1186,PQC,0.03575396537780762,0.03771376609802246,3138,0.029644489288330078
1186,AES,0.03440999984741211,0.03253889083862305,1730,0.03404498100280762
1186,No_Encryption,0.029590368270874023,0.031435489654541016,1378,0.03101634979248047
1187,PQC,0.03853034973144531,0.0376129150390625,3138,0.030890703201293945
1187,AES,0.0357203483581543,0.033468008041381836,1730,0.03143954277038574
1187,No_Encryption,0.03959393501281738,0.030652999877929688,1378,0.03812694549560547
1188,PQC,0.03741192817687988,0.03589034080505371,3138,0.030759811401367188
1188,AES,0.04268503189086914,0.036177635192871094,1730,0.034983158111572266
1188,No_Encryption,0.029480934143066406,0.028211116790771484,1378,0.03166651725769043
1189,PQC,0.03630328178405762,0.03893423080444336,3138,0.03081965446472168
1189,AES,0.03362607955932617,0.03299212455749512,1730,0.03215527534484863
1189,No_Encryption,0.03304648399353027,0.030640363693237305,1378,0.02924060821533203
1190,PQC,0.04206562042236328,0.037390708923339844,3138,0.03139209747314453
1190,AES,0.03846573829650879,0.03369140625,1730,0.03502917289733887
1190,No_Encryption,0.04642939567565918,0.03531217575073242,1378,0.038497209548950195
1191,PQC,0.048658132553100586,0.044155120849609375,3138,0.03647422790527344
1191,AES,0.0365750789642334,0.03499102592468262,1730,0.03299212455749512
1191,No_Encryption,0.03481268882751465,0.028661489486694336,1378,0.03235197067260742
1192,PQC,0.0388188362121582,0.038187265396118164,3138,0.03495001792907715
1192,AES,0.03144669532775879,0.02952289581298828,1730,0.029051780700683594
1192,No_Encryption,0.02895498275756836,0.028528928756713867,1378,0.030648231506347656
1193,PQC,0.0436396598815918,0.0343632698059082,3138,0.03109884262084961
1193,AES,0.030419111251831055,0.02842879295349121,1730,0.03370523452758789
1193,No_Encryption,0.029370546340942383,0.02841472625732422,1378,0.03310561180114746
1194,PQC,0.036585092544555664,0.034818172454833984,3138,0.030936241149902344
1194,AES,0.040639400482177734,0.029588699340820312,1730,0.02914261817932129
1194,No_Encryption,0.030418872833251953,0.02646636962890625,1378,0.028589248657226562
1195,PQC,0.04019808769226074,0.03580784797668457,3138,0.030712604522705078
1195,AES,0.030833721160888672,0.03289341926574707,1730,0.029378414154052734
1195,No_Encryption,0.028919458389282227,0.0262143611907959,1378,0.029338598251342773
1196,PQC,0.04099607467651367,0.032811641693115234,3138,0.03060173988342285
1196,AES,0.02860283851623535,0.028423786163330078,1730,0.027991533279418945
1196,No_Encryption,0.027577877044677734,0.02808523178100586,1378,0.031517744064331055
1197,PQC,0.03705620765686035,0.036214351654052734,3138,0.029048919677734375
1197,AES,0.034387826919555664,0.029587745666503906,1730,0.03069901466369629
1197,No_Encryption,0.03679633140563965,0.027774333953857422,1378,0.028064489364624023
1198,PQC,0.033952951431274414,0.03182673454284668,3138,0.026681184768676758
1198,AES,0.031383514404296875,0.027780532836914062,1730,0.029155731201171875
1198,No_Encryption,0.02893996238708496,0.02514791488647461,1378,0.03161883354187012
1199,PQC,0.03403615951538086,0.03366684913635254,3138,0.027182817459106445
1199,AES,0.03590703010559082,0.034218788146972656,1730,0.03067493438720703
1199,No_Encryption,0.028908729553222656,0.027632951736450195,1378,0.03236722946166992
1200,PQC,0.04721689224243164,0.03669619560241699,3138,0.03377509117126465
1200,AES,0.03270769119262695,0.03299856185913086,1730,0.030681610107421875
1200,No_Encryption,0.029350996017456055,0.028415918350219727,1378,0.03246164321899414
1201,PQC,0.039313316345214844,0.037255048751831055,3138,0.030468463897705078
1201,AES,0.03342080116271973,0.03183555603027344,1730,0.0357358455657959
1201,No_Encryption,0.04009866714477539,0.031536102294921875,1378,0.035895347595214844
1202,PQC,0.045079946517944336,0.03936266899108887,3138,0.030397891998291016
1202,AES,0.030871152877807617,0.0348665714263916,1730,0.030549287796020508
1202,No_Encryption,0.03023529052734375,0.02784419059753418,1378,0.02965855598449707
1203,PQC,0.03773093223571777,0.03531169891357422,3138,0.030593156814575195
1203,AES,0.031227588653564453,0.03188824653625488,1730,0.031954288482666016
1203,No_Encryption,0.0298309326171875,0.027614831924438477,1378,0.03137564659118652
1204,PQC,0.03733253479003906,0.03652501106262207,3138,0.029449462890625
1204,AES,0.032825469970703125,0.033786773681640625,1730,0.030556440353393555
1204,No_Encryption,0.03436470031738281,0.027881383895874023,1378,0.03266096115112305
1205,PQC,0.04069876670837402,0.033234357833862305,3138,0.03188753128051758
1205,AES,0.03602957725524902,0.032399892807006836,1730,0.03312230110168457
1205,No_Encryption,0.029427766799926758,0.027565956115722656,1378,0.03243207931518555
1206,PQC,0.03874564170837402,0.03928518295288086,3138,0.036411285400390625
1206,AES,0.03695201873779297,0.034358978271484375,1730,0.03196382522583008
1206,No_Encryption,0.03267788887023926,0.028048038482666016,1378,0.03241229057312012
1207,PQC,0.042636871337890625,0.03528761863708496,3138,0.03390145301818848
1207,AES,0.032022953033447266,0.03295707702636719,1730,0.030524730682373047
1207,No_Encryption,0.031109094619750977,0.02777695655822754,1378,0.031327009201049805
1208,PQC,0.04135751724243164,0.03701925277709961,3138,0.03299379348754883
1208,AES,0.03147482872009277,0.03361868858337402,1730,0.031922340393066406
1208,No_Encryption,0.03097367286682129,0.029320716857910156,1378,0.030915260314941406
1209,PQC,0.03826451301574707,0.03626585006713867,3138,0.031317949295043945
1209,AES,0.03189897537231445,0.03049325942993164,1730,0.0309598445892334
1209,No_Encryption,0.030575275421142578,0.02730107307434082,1378,0.029700517654418945
1210,PQC,0.0368657112121582,0.03514981269836426,3138,0.03053879737854004
1210,AES,0.029610633850097656,0.030930519104003906,1730,0.028171062469482422
1210,No_Encryption,0.030776500701904297,0.025589942932128906,1378,0.030369281768798828
1211,PQC,0.03435945510864258,0.03330421447753906,3138,0.029057025909423828
1211,AES,0.032537221908569336,0.028090953826904297,1730,0.032148122787475586
1211,No_Encryption,0.028295040130615234,0.026846647262573242,1378,0.031057119369506836
1212,PQC,0.03531837463378906,0.03636932373046875,3138,0.031011581420898438
1212,AES,0.031191349029541016,0.030355453491210938,1730,0.028393030166625977
1212,No_Encryption,0.03423285484313965,0.027280569076538086,1378,0.029059886932373047
1213,PQC,0.03467273712158203,0.03342580795288086,3138,0.03085947036743164
1213,AES,0.031366586685180664,0.029326200485229492,1730,0.02950000762939453
1213,No_Encryption,0.027514219284057617,0.026622533798217773,1378,0.029983997344970703
1214,PQC,0.03622317314147949,0.044524192810058594,3138,0.03479743003845215
1214,AES,0.038923025131225586,0.03488659858703613,1730,0.032189130783081055
1214,No_Encryption,0.03430509567260742,0.030052661895751953,1378,0.03064870834350586
1215,PQC,0.037064313888549805,0.03506827354431152,3138,0.032033681869506836
1215,AES,0.029646873474121094,0.02899909019470215,1730,0.032492876052856445
1215,No_Encryption,0.02888035774230957,0.024857759475708008,1378,0.029626131057739258
1216,PQC,0.04072690010070801,0.035202980041503906,3138,0.030417919158935547
1216,AES,0.031201839447021484,0.03179049491882324,1730,0.030456066131591797
1216,No_Encryption,0.027985572814941406,0.026585102081298828,1378,0.030430078506469727
1217,PQC,0.03417038917541504,0.034363508224487305,3138,0.03152894973754883
1217,AES,0.03493189811706543,0.03254580497741699,1730,0.026978254318237305
1217,No_Encryption,0.031357526779174805,0.02671194076538086,1378,0.0287172794342041
1218,PQC,0.03587055206298828,0.03240084648132324,3138,0.027753353118896484
1218,AES,0.02959918975830078,0.02919936180114746,1730,0.029505252838134766
1218,No_Encryption,0.02850818634033203,0.024576663970947266,1378,0.02869272232055664
1219,PQC,0.035309791564941406,0.03709220886230469,3138,0.02913045883178711
1219,AES,0.0322420597076416,0.030095577239990234,1730,0.02942037582397461
1219,No_Encryption,0.028738737106323242,0.026339292526245117,1378,0.03199052810668945
1220,PQC,0.035452842712402344,0.03496408462524414,3138,0.028806447982788086
1220,AES,0.03067755699157715,0.03172755241394043,1730,0.030794143676757812
1220,No_Encryption,0.027512550354003906,0.026591777801513672,1378,0.030365705490112305
1221,PQC,0.03688979148864746,0.032497406005859375,3138,0.03169441223144531
1221,AES,0.03186488151550293,0.02974557876586914,1730,0.029009342193603516
1221,No_Encryption,0.033333778381347656,0.027360200881958008,1378,0.03072810173034668
1222,PQC,0.03788113594055176,0.036650896072387695,3138,0.03189873695373535
1222,AES,0.04029035568237305,0.03158712387084961,1730,0.029680728912353516
1222,No_Encryption,0.029923439025878906,0.02619767189025879,1378,0.029931068420410156
1223,PQC,0.036714792251586914,0.0326380729675293,3138,0.027542591094970703
1223,AES,0.030871868133544922,0.029299020767211914,1730,0.02892327308654785
1223,No_Encryption,0.032958984375,0.02590203285217285,1378,0.032405853271484375
1224,PQC,0.03413796424865723,0.03190922737121582,3138,0.029340267181396484
1224,AES,0.02836894989013672,0.028866291046142578,1730,0.028580665588378906
1224,No_Encryption,0.02794480323791504,0.025063037872314453,1378,0.02927684783935547
1225,PQC,0.03338909149169922,0.032026052474975586,3138,0.026514291763305664
1225,AES,0.02851271629333496,0.02671647071838379,1730,0.026471376419067383
1225,No_Encryption,0.025440216064453125,0.024932861328125,1378,0.029623985290527344
1226,PQC,0.03519463539123535,0.03254985809326172,3138,0.02875971794128418
1226,AES,0.04155278205871582,0.037108421325683594,1730,0.030319690704345703
1226,No_Encryption,0.029645204544067383,0.026151418685913086,1378,0.03055739402770996
1227,PQC,0.03385615348815918,0.033661603927612305,3138,0.029933452606201172
1227,AES,0.03024005889892578,0.0328974723815918,1730,0.03328847885131836
1227,No_Encryption,0.03518199920654297,0.028145790100097656,1378,0.03023219108581543
1228,PQC,0.03368401527404785,0.0339658260345459,3138,0.02809286117553711
1228,AES,0.029458284378051758,0.029244661331176758,1730,0.03224325180053711
1228,No_Encryption,0.0315241813659668,0.02516627311706543,1378,0.02901625633239746
1229,PQC,0.03243684768676758,0.03123164176940918,3138,0.02727484703063965
1229,AES,0.028850317001342773,0.029309749603271484,1730,0.02920675277709961
1229,No_Encryption,0.027924299240112305,0.025880098342895508,1378,0.0290679931640625
1230,PQC,0.039175987243652344,0.03433680534362793,3138,0.029894113540649414
1230,AES,0.034462690353393555,0.030282020568847656,1730,0.030450105667114258
1230,No_Encryption,0.02712106704711914,0.027189016342163086,1378,0.030370235443115234
1231,PQC,0.03693246841430664,0.03112626075744629,3138,0.028334617614746094
1231,AES,0.03255152702331543,0.02829718589782715,1730,0.03078460693359375
1231,No_Encryption,0.03015279769897461,0.024979352951049805,1378,0.029775142669677734
1232,PQC,0.035416364669799805,0.034333229064941406,3138,0.0297243595123291
1232,AES,0.03904390335083008,0.03132367134094238,1730,0.03326249122619629
1232,No_Encryption,0.031138181686401367,0.026350975036621094,1378,0.029799699783325195
1233,PQC,0.038880109786987305,0.035073280334472656,3138,0.03267931938171387
1233,AES,0.04045867919921875,0.030571699142456055,1730,0.03342938423156738
1233,No_Encryption,0.0332181453704834,0.028040647506713867,1378,0.03630948066711426
1234,PQC,0.03894948959350586,0.0361635684967041,3138,0.030818462371826172
1234,AES,0.03852033615112305,0.033385515213012695,1730,0.03317832946777344
1234,No_Encryption,0.0356297492980957,0.02983236312866211,1378,0.03454756736755371
1235,PQC,0.04331564903259277,0.042378902435302734,3138,0.03419160842895508
1235,AES,0.037172794342041016,0.038483381271362305,1730,0.03671765327453613
1235,No_Encryption,0.03897666931152344,0.03372454643249512,1378,0.03457236289978027
1236,PQC,0.043883323669433594,0.03865647315979004,3138,0.029892444610595703
1236,AES,0.033499956130981445,0.032501935958862305,1730,0.03290224075317383
1236,No_Encryption,0.03551054000854492,0.027322053909301758,1378,0.0314176082611084
1237,PQC,0.04646658897399902,0.03989005088806152,3138,0.032300710678100586
1237,AES,0.03227043151855469,0.03154778480529785,1730,0.029497146606445312
1237,No_Encryption,0.03653120994567871,0.027523279190063477,1378,0.030179977416992188
1238,PQC,0.035745859146118164,0.03205251693725586,3138,0.028553485870361328
1238,AES,0.028859615325927734,0.02937602996826172,1730,0.03046870231628418
1238,No_Encryption,0.026617765426635742,0.02548813819885254,1378,0.028230667114257812
1239,PQC,0.034273624420166016,0.03322887420654297,3138,0.027410268783569336
1239,AES,0.0276486873626709,0.028570890426635742,1730,0.028858661651611328
1239,No_Encryption,0.027523279190063477,0.025643110275268555,1378,0.02869701385498047
1240,PQC,0.03129458427429199,0.032973289489746094,3138,0.02751922607421875
1240,AES,0.026336669921875,0.027127981185913086,1730,0.02737736701965332
1240,No_Encryption,0.030015230178833008,0.025056838989257812,1378,0.027829647064208984
1241,PQC,0.033338308334350586,0.03037571907043457,3138,0.025485992431640625
1241,AES,0.02806234359741211,0.028104782104492188,1730,0.03036952018737793
1241,No_Encryption,0.031331777572631836,0.024926424026489258,1378,0.02738165855407715
1242,PQC,0.03195023536682129,0.031186819076538086,3138,0.026596546173095703
1242,AES,0.03332710266113281,0.02848672866821289,1730,0.02928757667541504
1242,No_Encryption,0.027149438858032227,0.02448892593383789,1378,0.02694416046142578
1243,PQC,0.03674030303955078,0.03027963638305664,3138,0.02806258201599121
1243,AES,0.031679630279541016,0.028015851974487305,1730,0.027155160903930664
1243,No_Encryption,0.03156852722167969,0.024678945541381836,1378,0.02718830108642578
1244,PQC,0.03226017951965332,0.03228306770324707,3138,0.026994705200195312
1244,AES,0.0316622257232666,0.02829575538635254,1730,0.027644872665405273
1244,No_Encryption,0.0281064510345459,0.026580810546875,1378,0.02890181541442871
1245,PQC,0.034401655197143555,0.032834768295288086,3138,0.02910137176513672
1245,AES,0.031165599822998047,0.029523134231567383,1730,0.028822898864746094
1245,No_Encryption,0.03171896934509277,0.0269012451171875,1378,0.030748605728149414
1246,PQC,0.034221649169921875,0.03254199028015137,3138,0.030213356018066406
1246,AES,0.03556108474731445,0.02862095832824707,1730,0.02924633026123047
1246,No_Encryption,0.031213045120239258,0.028472900390625,1378,0.028978824615478516
1247,PQC,0.03448128700256348,0.03297591209411621,3138,0.027608394622802734
1247,AES,0.0303955078125,0.029975175857543945,1730,0.028575658798217773
1247,No_Encryption,0.03385210037231445,0.025493144989013672,1378,0.031052112579345703
1248,PQC,0.0383915901184082,0.03296661376953125,3138,0.02719879150390625
1248,AES,0.029436111450195312,0.02980518341064453,1730,0.0293118953704834
1248,No_Encryption,0.028290748596191406,0.02706599235534668,1378,0.030571699142456055
1249,PQC,0.03843951225280762,0.03526759147644043,3138,0.028212547302246094
1249,AES,0.030745506286621094,0.030466556549072266,1730,0.02874898910522461
1249,No_Encryption,0.030182361602783203,0.026437044143676758,1378,0.03844952583312988
1250,PQC,0.06666302680969238,0.04136991500854492,3138,0.037043094635009766
1250,AES,0.0407259464263916,0.04077410697937012,1730,0.04101228713989258
1250,No_Encryption,0.041336774826049805,0.033910274505615234,1378,0.048395633697509766
1251,PQC,0.05044269561767578,0.054727792739868164,3138,0.04172539710998535
1251,AES,0.05614304542541504,0.049289703369140625,1730,0.04864621162414551
1251,No_Encryption,0.04395174980163574,0.0389859676361084,1378,0.042211055755615234
1252,PQC,0.046781301498413086,0.05619668960571289,3138,0.04366350173950195
1252,AES,0.0528562068939209,0.04899907112121582,1730,0.043674468994140625
1252,No_Encryption,0.05294084548950195,0.04041647911071777,1378,0.05078291893005371
1253,PQC,0.05324530601501465,0.04639005661010742,3138,0.04475235939025879
1253,AES,0.04464912414550781,0.050397396087646484,1730,0.049593210220336914
1253,No_Encryption,0.04668164253234863,0.043951988220214844,1378,0.05463361740112305
1254,PQC,0.05157899856567383,0.05768084526062012,3138,0.05172562599182129
1254,AES,0.05473828315734863,0.053342342376708984,1730,0.057946205139160156
1254,No_Encryption,0.05668926239013672,0.04296565055847168,1378,0.0513157844543457
1255,PQC,0.05928325653076172,0.06514596939086914,3138,0.05483579635620117
1255,AES,0.06069469451904297,0.06413650512695312,1730,0.06584000587463379
1255,No_Encryption,0.07611966133117676,0.06446123123168945,1378,0.08807826042175293
1256,PQC,0.08053922653198242,0.07064986228942871,3138,0.06380677223205566
1256,AES,0.05526280403137207,0.062200307846069336,1730,0.06338357925415039
1256,No_Encryption,0.05080270767211914,0.053803443908691406,1378,0.05158519744873047
1257,PQC,0.0548248291015625,0.054256439208984375,3138,0.048360586166381836
1257,AES,0.0440366268157959,0.058008670806884766,1730,0.04871058464050293
1257,No_Encryption,0.05140995979309082,0.04852604866027832,1378,0.04474163055419922
1258,PQC,0.06242942810058594,0.05229043960571289,3138,0.05013537406921387
1258,AES,0.049612998962402344,0.04694843292236328,1730,0.05713152885437012
1258,No_Encryption,0.04341864585876465,0.05054187774658203,1378,0.05418276786804199
1259,PQC,0.0555117130279541,0.05349397659301758,3138,0.045122623443603516
1259,AES,0.05285763740539551,0.04655790328979492,1730,0.0478968620300293
1259,No_Encryption,0.05297684669494629,0.04576277732849121,1378,0.04858684539794922
1260,PQC,0.05763959884643555,0.0618596076965332,3138,0.05617117881774902
1260,AES,0.04416656494140625,0.04560065269470215,1730,0.04660463333129883
1260,No_Encryption,0.04553556442260742,0.03602719306945801,1378,0.047608137130737305
1261,PQC,0.04622149467468262,0.04730558395385742,3138,0.04225969314575195
1261,AES,0.04252791404724121,0.03784775733947754,1730,0.03896045684814453
1261,No_Encryption,0.04458427429199219,0.03206372261047363,1378,0.0400385856628418
1262,PQC,0.047092437744140625,0.04622912406921387,3138,0.03664588928222656
1262,AES,0.03712344169616699,0.0351567268371582,1730,0.035622358322143555
1262,No_Encryption,0.032381296157836914,0.029245853424072266,1378,0.032195091247558594
1263,PQC,0.041605472564697266,0.03603935241699219,3138,0.02980518341064453
1263,AES,0.034441471099853516,0.03130984306335449,1730,0.0305938720703125
1263,No_Encryption,0.03360414505004883,0.027983903884887695,1378,0.03516721725463867
1264,PQC,0.03601980209350586,0.034703731536865234,3138,0.029107093811035156
1264,AES,0.03052496910095215,0.02845907211303711,1730,0.029761552810668945
1264,No_Encryption,0.030155181884765625,0.025101661682128906,1378,0.027485132217407227
1265,PQC,0.038260698318481445,0.03192710876464844,3138,0.029556989669799805
1265,AES,0.031229734420776367,0.030944347381591797,1730,0.031009674072265625
1265,No_Encryption,0.03341984748840332,0.0276339054107666,1378,0.03191518783569336
1266,PQC,0.03600263595581055,0.0339813232421875,3138,0.0269930362701416
1266,AES,0.033571481704711914,0.030197858810424805,1730,0.029302358627319336
1266,No_Encryption,0.027859926223754883,0.027078628540039062,1378,0.02984476089477539
1267,PQC,0.03279852867126465,0.0341796875,3138,0.030628681182861328
1267,AES,0.029625892639160156,0.029156208038330078,1730,0.028029441833496094
1267,No_Encryption,0.041449546813964844,0.030927658081054688,1378,0.03332090377807617
1268,PQC,0.038902997970581055,0.036597251892089844,3138,0.02798938751220703
1268,AES,0.03380846977233887,0.0322878360748291,1730,0.030282258987426758
1268,No_Encryption,0.03265714645385742,0.026161909103393555,1378,0.029204607009887695
1269,PQC,0.039872169494628906,0.032808780670166016,3138,0.028669118881225586
1269,AES,0.02986598014831543,0.030380964279174805,1730,0.029097318649291992
1269,No_Encryption,0.029120445251464844,0.02773261070251465,1378,0.02841472625732422
1270,PQC,0.03760361671447754,0.03798723220825195,3138,0.03356313705444336
1270,AES,0.0353093147277832,0.03347420692443848,1730,0.031615257263183594
1270,No_Encryption,0.03259873390197754,0.028102874755859375,1378,0.030933141708374023
1271,PQC,0.04024958610534668,0.03592967987060547,3138,0.029338359832763672
1271,AES,0.030089855194091797,0.03065037727355957,1730,0.03185582160949707
1271,No_Encryption,0.029272794723510742,0.025674104690551758,1378,0.02805328369140625
1272,PQC,0.03694272041320801,0.03504061698913574,3138,0.02972865104675293
1272,AES,0.03129911422729492,0.029668569564819336,1730,0.02805805206298828
1272,No_Encryption,0.02890467643737793,0.02681422233581543,1378,0.028158187866210938
1273,PQC,0.03472137451171875,0.033878326416015625,3138,0.028269529342651367
1273,AES,0.029488325119018555,0.028745174407958984,1730,0.030930757522583008
1273,No_Encryption,0.027635574340820312,0.025645017623901367,1378,0.026952266693115234
1274,PQC,0.03840947151184082,0.03636574745178223,3138,0.029915332794189453
1274,AES,0.032715797424316406,0.03295779228210449,1730,0.0332944393157959
1274,No_Encryption,0.03272747993469238,0.027692317962646484,1378,0.03270101547241211
1275,PQC,0.04175519943237305,0.04006028175354004,3138,0.032434940338134766
1275,AES,0.034677743911743164,0.03428936004638672,1730,0.03292679786682129
1275,No_Encryption,0.03079533576965332,0.029223918914794922,1378,0.030939102172851562
1276,PQC,0.04356122016906738,0.03463268280029297,3138,0.030161619186401367
1276,AES,0.03601503372192383,0.033747196197509766,1730,0.030233144760131836
1276,No_Encryption,0.034621477127075195,0.028886795043945312,1378,0.03011918067932129
1277,PQC,0.04221177101135254,0.038095712661743164,3138,0.032212018966674805
1277,AES,0.03806591033935547,0.029930830001831055,1730,0.02968311309814453
1277,No_Encryption,0.030421972274780273,0.027126789093017578,1378,0.03465723991394043
1278,PQC,0.04231429100036621,0.03441119194030762,3138,0.0299222469329834
1278,AES,0.03190732002258301,0.03216862678527832,1730,0.03163766860961914
1278,No_Encryption,0.03466916084289551,0.027231216430664062,1378,0.03035259246826172
1279,PQC,0.036123037338256836,0.036253929138183594,3138,0.029207468032836914
1279,AES,0.031101703643798828,0.030039310455322266,1730,0.029222488403320312
1279,No_Encryption,0.049010276794433594,0.03195643424987793,1378,0.032869815826416016
1280,PQC,0.037976741790771484,0.03723478317260742,3138,0.03033280372619629
1280,AES,0.03623223304748535,0.030027389526367188,1730,0.030797958374023438
1280,No_Encryption,0.030466318130493164,0.0280001163482666,1378,0.03269791603088379
1281,PQC,0.04067873954772949,0.03360486030578613,3138,0.03029465675354004
1281,AES,0.03600716590881348,0.034111738204956055,1730,0.03350710868835449
1281,No_Encryption,0.0303194522857666,0.027089595794677734,1378,0.03138113021850586
1282,PQC,0.04717063903808594,0.03913426399230957,3138,0.0354769229888916
1282,AES,0.03825497627258301,0.03716397285461426,1730,0.038843631744384766
1282,No_Encryption,0.03787064552307129,0.032172203063964844,1378,0.041525840759277344
1283,PQC,0.0438387393951416,0.04122138023376465,3138,0.038257598876953125
1283,AES,0.038356781005859375,0.03386354446411133,1730,0.0352480411529541
1283,No_Encryption,0.036406755447387695,0.030178546905517578,1378,0.03137826919555664
1284,PQC,0.0369420051574707,0.038756370544433594,3138,0.030939817428588867
1284,AES,0.034082651138305664,0.03290581703186035,1730,0.031642913818359375
1284,No_Encryption,0.029642343521118164,0.026101112365722656,1378,0.03314399719238281
1285,PQC,0.0413355827331543,0.0364384651184082,3138,0.030926227569580078
1285,AES,0.0358433723449707,0.031655311584472656,1730,0.03202176094055176
1285,No_Encryption,0.028472900390625,0.0271298885345459,1378,0.03203129768371582
1286,PQC,0.04558897018432617,0.03614616394042969,3138,0.031672000885009766
1286,AES,0.03229999542236328,0.031209945678710938,1730,0.03085780143737793
1286,No_Encryption,0.028263330459594727,0.026980876922607422,1378,0.03064751625061035
1287,PQC,0.03581738471984863,0.034676313400268555,3138,0.03082728385925293
1287,AES,0.035655975341796875,0.0387113094329834,1730,0.042571067810058594
1287,No_Encryption,0.043031930923461914,0.035199642181396484,1378,0.036444902420043945
1288,PQC,0.045928001403808594,0.04269099235534668,3138,0.0344996452331543
1288,AES,0.03490161895751953,0.032175540924072266,1730,0.03173232078552246
1288,No_Encryption,0.030970096588134766,0.029662370681762695,1378,0.0314180850982666
1289,PQC,0.03919219970703125,0.03568840026855469,3138,0.029901981353759766
1289,AES,0.03535151481628418,0.031278371810913086,1730,0.03200030326843262
1289,No_Encryption,0.03178286552429199,0.026784658432006836,1378,0.03005504608154297
1290,PQC,0.03479123115539551,0.035917043685913086,3138,0.031212806701660156
1290,AES,0.031003713607788086,0.03174734115600586,1730,0.029920578002929688
1290,No_Encryption,0.03374910354614258,0.026167869567871094,1378,0.028657197952270508
1291,PQC,0.03509807586669922,0.0338747501373291,3138,0.030473947525024414
1291,AES,0.05552077293395996,0.0323941707611084,1730,0.03133559226989746
1291,No_Encryption,0.033930063247680664,0.029427528381347656,1378,0.034802913665771484
1292,PQC,0.04485821723937988,0.0389556884765625,3138,0.031842947006225586
1292,AES,0.031134605407714844,0.03099966049194336,1730,0.030709266662597656
1292,No_Encryption,0.02944469451904297,0.028187036514282227,1378,0.029541730880737305
1293,PQC,0.040033578872680664,0.034576416015625,3138,0.02949666976928711
1293,AES,0.0321810245513916,0.02933645248413086,1730,0.028822898864746094
1293,No_Encryption,0.03146243095397949,0.02678823471069336,1378,0.03197526931762695
1294,PQC,0.03382754325866699,0.034841060638427734,3138,0.030696630477905273
1294,AES,0.029247045516967773,0.02857232093811035,1730,0.028914928436279297
1294,No_Encryption,0.02828383445739746,0.02584099769592285,1378,0.028765439987182617
1295,PQC,0.03389906883239746,0.03152775764465332,3138,0.025999069213867188
1295,AES,0.027811527252197266,0.027919769287109375,1730,0.027524948120117188
1295,No_Encryption,0.03068375587463379,0.02717423439025879,1378,0.02836465835571289
1296,PQC,0.03192019462585449,0.03466200828552246,3138,0.026639223098754883
1296,AES,0.02681422233581543,0.028972864151000977,1730,0.0255582332611084
1296,No_Encryption,0.02676105499267578,0.02531147003173828,1378,0.030425071716308594
1297,PQC,0.03486490249633789,0.03186225891113281,3138,0.029956817626953125
1297,AES,0.029865026473999023,0.032216787338256836,1730,0.029851436614990234
1297,No_Encryption,0.028064966201782227,0.026752471923828125,1378,0.028419017791748047
1298,PQC,0.03323984146118164,0.03440403938293457,3138,0.02990245819091797
1298,AES,0.036299943923950195,0.02860093116760254,1730,0.027768850326538086
1298,No_Encryption,0.029492616653442383,0.026363372802734375,1378,0.031069040298461914
1299,PQC,0.037598609924316406,0.03332781791687012,3138,0.028345108032226562
1299,AES,0.032855987548828125,0.029569625854492188,1730,0.03170418739318848
1299,No_Encryption,0.030143260955810547,0.025631427764892578,1378,0.030035734176635742
1300,PQC,0.03587651252746582,0.033379554748535156,3138,0.027614831924438477
1300,AES,0.030170679092407227,0.029735326766967773,1730,0.03041219711303711
1300,No_Encryption,0.027391672134399414,0.026760578155517578,1378,0.028598546981811523
1301,PQC,0.03384256362915039,0.03274273872375488,3138,0.029944419860839844
1301,AES,0.029879093170166016,0.028177499771118164,1730,0.029969215393066406
1301,No_Encryption,0.03371787071228027,0.024414777755737305,1378,0.030440092086791992
1302,PQC,0.03191494941711426,0.031975507736206055,3138,0.026206254959106445
1302,AES,0.03566598892211914,0.029140710830688477,1730,0.02796030044555664
1302,No_Encryption,0.02650284767150879,0.024363279342651367,1378,0.02970719337463379
1303,PQC,0.035477399826049805,0.03192782402038574,3138,0.03291940689086914
1303,AES,0.03559088706970215,0.031023263931274414,1730,0.03371691703796387
1303,No_Encryption,0.03297567367553711,0.028273582458496094,1378,0.03047966957092285
1304,PQC,0.04003763198852539,0.03669285774230957,3138,0.03211784362792969
1304,AES,0.030684471130371094,0.029325485229492188,1730,0.03057575225830078
1304,No_Encryption,0.03023838996887207,0.027627229690551758,1378,0.029313087463378906
1305,PQC,0.03953099250793457,0.03557920455932617,3138,0.02970600128173828
1305,AES,0.02854442596435547,0.028702735900878906,1730,0.02871870994567871
1305,No_Encryption,0.028191089630126953,0.025219440460205078,1378,0.030301570892333984
1306,PQC,0.034403324127197266,0.033254384994506836,3138,0.029055356979370117
1306,AES,0.031133174896240234,0.030108928680419922,1730,0.03165864944458008
1306,No_Encryption,0.028002262115478516,0.026296615600585938,1378,0.028376102447509766
1307,PQC,0.033811330795288086,0.032807350158691406,3138,0.028934955596923828
1307,AES,0.027831315994262695,0.02933788299560547,1730,0.028486967086791992
1307,No_Encryption,0.026332855224609375,0.026109933853149414,1378,0.02707529067993164
1308,PQC,0.0343623161315918,0.03335762023925781,3138,0.028435468673706055
1308,AES,0.03482842445373535,0.02960658073425293,1730,0.031308650970458984
1308,No_Encryption,0.03223848342895508,0.024883747100830078,1378,0.029323101043701172
1309,PQC,0.03379225730895996,0.03632712364196777,3138,0.028855085372924805
1309,AES,0.03156280517578125,0.027337312698364258,1730,0.026898860931396484
1309,No_Encryption,0.026585102081298828,0.025008440017700195,1378,0.027875661849975586
1310,PQC,0.0386202335357666,0.03175711631774902,3138,0.029599905014038086
1310,AES,0.028471946716308594,0.0288999080657959,1730,0.031130552291870117
1310,No_Encryption,0.027180194854736328,0.026568174362182617,1378,0.028764009475708008
1311,PQC,0.03449606895446777,0.03462624549865723,3138,0.03021407127380371
1311,AES,0.0314784049987793,0.03219270706176758,1730,0.03173398971557617
1311,No_Encryption,0.030289173126220703,0.028844118118286133,1378,0.03240466117858887
1312,PQC,0.037599802017211914,0.034449100494384766,3138,0.03009796142578125
1312,AES,0.03537440299987793,0.028286218643188477,1730,0.028789043426513672
1312,No_Encryption,0.026987314224243164,0.025969743728637695,1378,0.029189586639404297
1313,PQC,0.03431963920593262,0.03564763069152832,3138,0.02916693687438965
1313,AES,0.030885696411132812,0.0316314697265625,1730,0.02905559539794922
1313,No_Encryption,0.0320897102355957,0.026590347290039062,1378,0.028373241424560547
1314,PQC,0.039356231689453125,0.033867835998535156,3138,0.029653310775756836
1314,AES,0.029324769973754883,0.029680967330932617,1730,0.028779268264770508
1314,No_Encryption,0.034446001052856445,0.03125929832458496,1378,0.037870168685913086
1315,PQC,0.03728938102722168,0.03919172286987305,3138,0.03225851058959961
1315,AES,0.032642364501953125,0.030428409576416016,1730,0.033266544342041016
1315,No_Encryption,0.0325164794921875,0.02648019790649414,1378,0.031053781509399414
1316,PQC,0.04410815238952637,0.036199092864990234,3138,0.029163122177124023
1316,AES,0.037576913833618164,0.030710935592651367,1730,0.028528928756713867
1316,No_Encryption,0.03063344955444336,0.02667069435119629,1378,0.03062272071838379
1317,PQC,0.03704190254211426,0.033746957778930664,3138,0.029754638671875
1317,AES,0.029500961303710938,0.028842687606811523,1730,0.029062271118164062
1317,No_Encryption,0.027769088745117188,0.025828838348388672,1378,0.02819967269897461
1318,PQC,0.033216238021850586,0.035379886627197266,3138,0.029874324798583984
1318,AES,0.02886652946472168,0.02884507179260254,1730,0.028078079223632812
1318,No_Encryption,0.027077913284301758,0.02601027488708496,1378,0.030245304107666016
1319,PQC,0.033591270446777344,0.032027244567871094,3138,0.02854466438293457
1319,AES,0.037189483642578125,0.029901504516601562,1730,0.03264331817626953
1319,No_Encryption,0.027222394943237305,0.02695155143737793,1378,0.028735637664794922
1320,PQC,0.03835916519165039,0.034421443939208984,3138,0.031207799911499023
1320,AES,0.0394594669342041,0.031496286392211914,1730,0.029586315155029297
1320,No_Encryption,0.027793407440185547,0.02572035789489746,1378,0.029504776000976562
1321,PQC,0.03625607490539551,0.0370335578918457,3138,0.031119346618652344
1321,AES,0.0288846492767334,0.02984476089477539,1730,0.026599407196044922
1321,No_Encryption,0.027066946029663086,0.024466753005981445,1378,0.026512861251831055
1322,PQC,0.03565573692321777,0.03417706489562988,3138,0.02780008316040039
1322,AES,0.030994653701782227,0.02872180938720703,1730,0.02870464324951172
1322,No_Encryption,0.026488065719604492,0.02553081512451172,1378,0.027044057846069336
1323,PQC,0.03345346450805664,0.033623456954956055,3138,0.028580188751220703
1323,AES,0.03296399116516113,0.028454065322875977,1730,0.02886819839477539
1323,No_Encryption,0.026737213134765625,0.02642202377319336,1378,0.0291135311126709
1324,PQC,0.04008913040161133,0.03379392623901367,3138,0.028652191162109375
1324,AES,0.030381441116333008,0.02825641632080078,1730,0.02766895294189453
1324,No_Encryption,0.028116703033447266,0.025389671325683594,1378,0.029099464416503906
1325,PQC,0.03448343276977539,0.03205394744873047,3138,0.026157855987548828
1325,AES,0.02707386016845703,0.027962684631347656,1730,0.027396440505981445
1325,No_Encryption,0.026421308517456055,0.024438142776489258,1378,0.029305696487426758
1326,PQC,0.03316545486450195,0.032732248306274414,3138,0.02848505973815918
1326,AES,0.029009580612182617,0.028728723526000977,1730,0.028769254684448242
1326,No_Encryption,0.030927181243896484,0.026241779327392578,1378,0.028959274291992188
1327,PQC,0.03375673294067383,0.03234577178955078,3138,0.029844045639038086
1327,AES,0.029363632202148438,0.0325314998626709,1730,0.03693199157714844
1327,No_Encryption,0.036896705627441406,0.029406309127807617,1378,0.032878875732421875
1328,PQC,0.039304256439208984,0.038017988204956055,3138,0.028998613357543945
1328,AES,0.034662485122680664,0.03014063835144043,1730,0.030721426010131836
1328,No_Encryption,0.02987813949584961,0.02866387367248535,1378,0.029592275619506836
1329,PQC,0.0336759090423584,0.03865671157836914,3138,0.028642654418945312
1329,AES,0.030957937240600586,0.030367136001586914,1730,0.029741287231445312
1329,No_Encryption,0.027452945709228516,0.025788068771362305,1378,0.031082868576049805
1330,PQC,0.03563427925109863,0.032953500747680664,3138,0.029041767120361328
1330,AES,0.030015945434570312,0.030536174774169922,1730,0.02960801124572754
1330,No_Encryption,0.028321027755737305,0.027076244354248047,1378,0.03199267387390137
1331,PQC,0.03431248664855957,0.03624320030212402,3138,0.029030799865722656
1331,AES,0.03171253204345703,0.029587507247924805,1730,0.0279083251953125
1331,No_Encryption,0.027665138244628906,0.026494264602661133,1378,0.02867722511291504
1332,PQC,0.03667426109313965,0.037665367126464844,3138,0.029372692108154297
1332,AES,0.030513525009155273,0.03186774253845215,1730,0.027004241943359375
1332,No_Encryption,0.026885271072387695,0.026598691940307617,1378,0.029276132583618164
1333,PQC,0.0333399772644043,0.0319523811340332,3138,0.02801680564880371
1333,AES,0.029273033142089844,0.029895782470703125,1730,0.029558181762695312
1333,No_Encryption,0.028505802154541016,0.026881694793701172,1378,0.0290529727935791
1334,PQC,0.03873276710510254,0.03563952445983887,3138,0.029331684112548828
1334,AES,0.028078079223632812,0.027077674865722656,1730,0.028761863708496094
1334,No_Encryption,0.034132957458496094,0.026830196380615234,1378,0.03479909896850586
1335,PQC,0.036479949951171875,0.03447246551513672,3138,0.029615402221679688
1335,AES,0.028607845306396484,0.029946088790893555,1730,0.029438257217407227
1335,No_Encryption,0.03094315528869629,0.0245513916015625,1378,0.03119182586669922
1336,PQC,0.038533926010131836,0.03725767135620117,3138,0.030301809310913086
1336,AES,0.03255033493041992,0.028640270233154297,1730,0.026439905166625977
1336,No_Encryption,0.02864551544189453,0.02540111541748047,1378,0.02967238426208496
1337,PQC,0.03553962707519531,0.032327890396118164,3138,0.031011104583740234
1337,AES,0.030982017517089844,0.028465747833251953,1730,0.027588605880737305
1337,No_Encryption,0.02680683135986328,0.02659320831298828,1378,0.02810215950012207
1338,PQC,0.03952312469482422,0.035067081451416016,3138,0.030840396881103516
1338,AES,0.036383867263793945,0.02875828742980957,1730,0.030578136444091797
1338,No_Encryption,0.02991485595703125,0.025013446807861328,1378,0.029890060424804688
1339,PQC,0.03455758094787598,0.03513908386230469,3138,0.03002166748046875
1339,AES,0.032085418701171875,0.03189826011657715,1730,0.03745317459106445
1339,No_Encryption,0.032495737075805664,0.028870582580566406,1378,0.03194928169250488
1340,PQC,0.040497541427612305,0.038576364517211914,3138,0.03152155876159668
1340,AES,0.03324604034423828,0.033182621002197266,1730,0.03427529335021973
1340,No_Encryption,0.02888941764831543,0.026700973510742188,1378,0.03340935707092285
1341,PQC,0.03955984115600586,0.034101009368896484,3138,0.031583309173583984
1341,AES,0.034912109375,0.02938222885131836,1730,0.0282895565032959
1341,No_Encryption,0.030658960342407227,0.024738788604736328,1378,0.029079914093017578
1342,PQC,0.034358978271484375,0.03190493583679199,3138,0.028895854949951172
1342,AES,0.031206607818603516,0.03097367286682129,1730,0.02881789207458496
1342,No_Encryption,0.03020453453063965,0.0257723331451416,1378,0.03067302703857422
1343,PQC,0.03467559814453125,0.03317093849182129,3138,0.027669429779052734
1343,AES,0.03271770477294922,0.03278946876525879,1730,0.03371596336364746
1343,No_Encryption,0.0310819149017334,0.026323795318603516,1378,0.02925419807434082
1344,PQC,0.03517746925354004,0.03397631645202637,3138,0.028598785400390625
1344,AES,0.03328275680541992,0.029892444610595703,1730,0.02803659439086914
1344,No_Encryption,0.034600019454956055,0.027782678604125977,1378,0.03132319450378418
1345,PQC,0.03485989570617676,0.032628536224365234,3138,0.02812361717224121
1345,AES,0.032704830169677734,0.031374454498291016,1730,0.02888965606689453
1345,No_Encryption,0.03464102745056152,0.02646946907043457,1378,0.02839207649230957
1346,PQC,0.03546857833862305,0.033579349517822266,3138,0.02929997444152832
1346,AES,0.03260517120361328,0.035742759704589844,1730,0.034471988677978516
1346,No_Encryption,0.03086256980895996,0.0260012149810791,1378,0.03339195251464844
1347,PQC,0.0403444766998291,0.03364229202270508,3138,0.02973484992980957
1347,AES,0.0324554443359375,0.030683517456054688,1730,0.030515193939208984
1347,No_Encryption,0.02701854705810547,0.02804875373840332,1378,0.03118753433227539
1348,PQC,0.04042553901672363,0.03549814224243164,3138,0.03171658515930176
1348,AES,0.030928373336791992,0.029605388641357422,1730,0.02783489227294922
1348,No_Encryption,0.029956579208374023,0.026032447814941406,1378,0.028979063034057617
1349,PQC,0.0349733829498291,0.03386330604553223,3138,0.029833555221557617
1349,AES,0.035742998123168945,0.031046152114868164,1730,0.0355224609375
1349,No_Encryption,0.031932830810546875,0.026334524154663086,1378,0.029361724853515625
1350,PQC,0.03348684310913086,0.03240656852722168,3138,0.029019594192504883
1350,AES,0.0361170768737793,0.02939748764038086,1730,0.03207993507385254
1350,No_Encryption,0.02908945083618164,0.027261972427368164,1378,0.03407454490661621
1351,PQC,0.054257869720458984,0.04407000541687012,3138,0.03261899948120117
1351,AES,0.03316354751586914,0.032105207443237305,1730,0.02948927879333496
1351,No_Encryption,0.03042769432067871,0.0274965763092041,1378,0.029326915740966797
1352,PQC,0.03570222854614258,0.03204011917114258,3138,0.03070521354675293
1352,AES,0.03083205223083496,0.030539989471435547,1730,0.031310081481933594
1352,No_Encryption,0.029286861419677734,0.029455900192260742,1378,0.031343936920166016
1353,PQC,0.0367894172668457,0.041661739349365234,3138,0.03307676315307617
1353,AES,0.031957387924194336,0.030028820037841797,1730,0.029756784439086914
1353,No_Encryption,0.029832124710083008,0.027461528778076172,1378,0.029659509658813477
1354,PQC,0.03623199462890625,0.032898664474487305,3138,0.029499292373657227
1354,AES,0.03249716758728027,0.030098438262939453,1730,0.02901935577392578
1354,No_Encryption,0.02911376953125,0.02733159065246582,1378,0.0287473201751709
1355,PQC,0.03755331039428711,0.03425407409667969,3138,0.028885841369628906
1355,AES,0.04192018508911133,0.02924799919128418,1730,0.029260873794555664
1355,No_Encryption,0.02765035629272461,0.026347637176513672,1378,0.029832124710083008
1356,PQC,0.03365659713745117,0.03429293632507324,3138,0.0292513370513916
1356,AES,0.034693241119384766,0.028064250946044922,1730,0.030476808547973633
1356,No_Encryption,0.030350446701049805,0.02809739112854004,1378,0.030826330184936523
1357,PQC,0.04206252098083496,0.03661227226257324,3138,0.027904272079467773
1357,AES,0.03520607948303223,0.031142711639404297,1730,0.028486251831054688
1357,No_Encryption,0.04061174392700195,0.0272066593170166,1378,0.029230594635009766
1358,PQC,0.036528825759887695,0.037737369537353516,3138,0.03194999694824219
1358,AES,0.032976388931274414,0.029626846313476562,1730,0.02827763557434082
1358,No_Encryption,0.028180599212646484,0.02643132209777832,1378,0.031221628189086914
1359,PQC,0.034139394760131836,0.034482717514038086,3138,0.030176162719726562
1359,AES,0.03301119804382324,0.029915332794189453,1730,0.028145313262939453
1359,No_Encryption,0.02641916275024414,0.025252103805541992,1378,0.028328657150268555
1360,PQC,0.03530430793762207,0.03218531608581543,3138,0.029047489166259766
1360,AES,0.02866840362548828,0.028794288635253906,1730,0.025707244873046875
1360,No_Encryption,0.030602693557739258,0.025146961212158203,1378,0.028751611709594727
1361,PQC,0.038082122802734375,0.03271031379699707,3138,0.027252197265625
1361,AES,0.028537273406982422,0.028339624404907227,1730,0.02973651885986328
1361,No_Encryption,0.03024458885192871,0.026836156845092773,1378,0.028522014617919922
1362,PQC,0.03701353073120117,0.03268098831176758,3138,0.03082895278930664
1362,AES,0.029601573944091797,0.028882265090942383,1730,0.02823948860168457
1362,No_Encryption,0.030496597290039062,0.0265657901763916,1378,0.03325080871582031
1363,PQC,0.04683804512023926,0.03485393524169922,3138,0.031455278396606445
1363,AES,0.03161430358886719,0.02999401092529297,1730,0.03246355056762695
1363,No_Encryption,0.030580997467041016,0.02962779998779297,1378,0.031464576721191406
1364,PQC,0.03681468963623047,0.03372931480407715,3138,0.031168699264526367
1364,AES,0.030144691467285156,0.028978586196899414,1730,0.028270244598388672
1364,No_Encryption,0.030215978622436523,0.02687525749206543,1378,0.02933955192565918
1365,PQC,0.03813672065734863,0.03224968910217285,3138,0.031056642532348633
1365,AES,0.02885746955871582,0.02742457389831543,1730,0.027486324310302734
1365,No_Encryption,0.026966333389282227,0.026591777801513672,1378,0.026590585708618164
1366,PQC,0.03242826461791992,0.031287431716918945,3138,0.0282900333404541
1366,AES,0.03088092803955078,0.030022382736206055,1730,0.029920339584350586
1366,No_Encryption,0.03103160858154297,0.026091575622558594,1378,0.02847766876220703
1367,PQC,0.038588762283325195,0.03257918357849121,3138,0.028283357620239258
1367,AES,0.02919459342956543,0.029107093811035156,1730,0.02967548370361328
1367,No_Encryption,0.02689385414123535,0.025200605392456055,1378,0.028010845184326172
1368,PQC,0.0374755859375,0.03278017044067383,3138,0.03041386604309082
1368,AES,0.028685331344604492,0.028205156326293945,1730,0.0279843807220459
1368,No_Encryption,0.028702974319458008,0.025729656219482422,1378,0.03208303451538086
1369,PQC,0.04299616813659668,0.03156638145446777,3138,0.031018733978271484
1369,AES,0.029546022415161133,0.030904531478881836,1730,0.02848649024963379
1369,No_Encryption,0.02609395980834961,0.026588916778564453,1378,0.028263568878173828
1370,PQC,0.03310251235961914,0.035857200622558594,3138,0.029964685440063477
1370,AES,0.030102252960205078,0.030356168746948242,1730,0.03101181983947754
1370,No_Encryption,0.02928900718688965,0.0258786678314209,1378,0.027352094650268555
1371,PQC,0.03349757194519043,0.030009031295776367,3138,0.0292971134185791
1371,AES,0.03188753128051758,0.028527021408081055,1730,0.029488563537597656
1371,No_Encryption,0.02571272850036621,0.026337385177612305,1378,0.02675771713256836
1372,PQC,0.03884410858154297,0.03238987922668457,3138,0.027493715286254883
1372,AES,0.028592824935913086,0.02911686897277832,1730,0.029799461364746094
1372,No_Encryption,0.030133724212646484,0.027212858200073242,1378,0.03380846977233887
1373,PQC,0.04011130332946777,0.0362391471862793,3138,0.03282356262207031
1373,AES,0.03779888153076172,0.033573150634765625,1730,0.036385536193847656
1373,No_Encryption,0.033049821853637695,0.029530763626098633,1378,0.03513789176940918
1374,PQC,0.04315948486328125,0.037603139877319336,3138,0.03069782257080078
1374,AES,0.04242134094238281,0.0338287353515625,1730,0.04150199890136719
1374,No_Encryption,0.04767298698425293,0.034890174865722656,1378,0.03666114807128906
1375,PQC,0.04960322380065918,0.04355001449584961,3138,0.03629279136657715
1375,AES,0.03638648986816406,0.03496050834655762,1730,0.035187721252441406
1375,No_Encryption,0.033170223236083984,0.03169679641723633,1378,0.034214019775390625
1376,PQC,0.04151749610900879,0.039511680603027344,3138,0.0313105583190918
1376,AES,0.03837466239929199,0.03303098678588867,1730,0.03149747848510742
1376,No_Encryption,0.03103017807006836,0.030244112014770508,1378,0.03281211853027344
1377,PQC,0.0362548828125,0.03609466552734375,3138,0.03230428695678711
1377,AES,0.03553056716918945,0.034905195236206055,1730,0.03262042999267578
1377,No_Encryption,0.030230283737182617,0.031209230422973633,1378,0.0311734676361084
1378,PQC,0.0479128360748291,0.03380846977233887,3138,0.031072378158569336
1378,AES,0.03814959526062012,0.03368949890136719,1730,0.030690431594848633
1378,No_Encryption,0.030957460403442383,0.029016733169555664,1378,0.03480887413024902
1379,PQC,0.038501739501953125,0.035599708557128906,3138,0.031830549240112305
1379,AES,0.03815650939941406,0.034513235092163086,1730,0.0317232608795166
1379,No_Encryption,0.02993154525756836,0.029519319534301758,1378,0.0321199893951416
1380,PQC,0.037421226501464844,0.033478736877441406,3138,0.03007674217224121
1380,AES,0.03327608108520508,0.03102254867553711,1730,0.029816150665283203
1380,No_Encryption,0.0321657657623291,0.026723861694335938,1378,0.03205370903015137
1381,PQC,0.039467811584472656,0.03939032554626465,3138,0.03158855438232422
1381,AES,0.0345759391784668,0.03404569625854492,1730,0.030135393142700195
1381,No_Encryption,0.033332109451293945,0.028230905532836914,1378,0.03361201286315918
1382,PQC,0.038916826248168945,0.038558006286621094,3138,0.030559539794921875
1382,AES,0.03383994102478027,0.030931711196899414,1730,0.030961990356445312
1382,No_Encryption,0.037630319595336914,0.02875041961669922,1378,0.034043073654174805
1383,PQC,0.03891158103942871,0.03662276268005371,3138,0.03258943557739258
1383,AES,0.029845714569091797,0.029966115951538086,1730,0.029485225677490234
1383,No_Encryption,0.02777576446533203,0.025264263153076172,1378,0.028899669647216797
1384,PQC,0.03393912315368652,0.034067392349243164,3138,0.02889108657836914
1384,AES,0.028368711471557617,0.027832746505737305,1730,0.028815507888793945
1384,No_Encryption,0.03194165229797363,0.033393144607543945,1378,0.03853464126586914
1385,PQC,0.03862810134887695,0.035775184631347656,3138,0.0319972038269043
1385,AES,0.03413581848144531,0.03173398971557617,1730,0.031211137771606445
1385,No_Encryption,0.0313870906829834,0.027304649353027344,1378,0.03280520439147949
1386,PQC,0.03686690330505371,0.03325629234313965,3138,0.029932260513305664
1386,AES,0.033313751220703125,0.03246426582336426,1730,0.03330588340759277
1386,No_Encryption,0.030910730361938477,0.02828049659729004,1378,0.02931833267211914
1387,PQC,0.036106109619140625,0.03207969665527344,3138,0.030960559844970703
1387,AES,0.029876708984375,0.029300212860107422,1730,0.029450654983520508
1387,No_Encryption,0.031670570373535156,0.028815031051635742,1378,0.03156256675720215
1388,PQC,0.036011457443237305,0.034635066986083984,3138,0.030128002166748047
1388,AES,0.03698587417602539,0.02878427505493164,1730,0.02908039093017578
1388,No_Encryption,0.03420138359069824,0.02851414680480957,1378,0.03007030487060547
1389,PQC,0.03643202781677246,0.03399395942687988,3138,0.030369043350219727
1389,AES,0.029628515243530273,0.031615495681762695,1730,0.030893564224243164
1389,No_Encryption,0.0302426815032959,0.027034997940063477,1378,0.03243732452392578
1390,PQC,0.03523826599121094,0.034454345703125,3138,0.03146505355834961
1390,AES,0.03595137596130371,0.03048539161682129,1730,0.029669761657714844
1390,No_Encryption,0.03569841384887695,0.02734684944152832,1378,0.030422449111938477
1391,PQC,0.0369718074798584,0.03280758857727051,3138,0.029355287551879883
1391,AES,0.0326848030090332,0.02925896644592285,1730,0.029789209365844727
1391,No_Encryption,0.03086566925048828,0.027596712112426758,1378,0.030550241470336914
1392,PQC,0.03609943389892578,0.03704714775085449,3138,0.031278371810913086
1392,AES,0.033863067626953125,0.028252840042114258,1730,0.028759002685546875
1392,No_Encryption,0.029607295989990234,0.02673196792602539,1378,0.031296491622924805
1393,PQC,0.0358889102935791,0.03353071212768555,3138,0.027045249938964844
1393,AES,0.02889084815979004,0.031189918518066406,1730,0.029862642288208008
1393,No_Encryption,0.02930474281311035,0.027377605438232422,1378,0.029485464096069336
1394,PQC,0.037703752517700195,0.03369474411010742,3138,0.028632402420043945
1394,AES,0.02917790412902832,0.030252695083618164,1730,0.03203463554382324
1394,No_Encryption,0.02888631820678711,0.026859283447265625,1378,0.028731107711791992
1395,PQC,0.033684492111206055,0.03499770164489746,3138,0.030777454376220703
1395,AES,0.03256034851074219,0.031208515167236328,1730,0.027631044387817383
1395,No_Encryption,0.030486345291137695,0.02660965919494629,1378,0.030197858810424805
1396,PQC,0.042642831802368164,0.03587079048156738,3138,0.029349327087402344
1396,AES,0.03318333625793457,0.031161069869995117,1730,0.02852487564086914
1396,No_Encryption,0.03203082084655762,0.02667713165283203,1378,0.029128551483154297
1397,PQC,0.03991365432739258,0.04140353202819824,3138,0.03182363510131836
1397,AES,0.03568768501281738,0.03231310844421387,1730,0.03226947784423828
1397,No_Encryption,0.03155255317687988,0.02836012840270996,1378,0.03188014030456543
1398,PQC,0.03530097007751465,0.03681349754333496,3138,0.03066563606262207
1398,AES,0.033281564712524414,0.030450820922851562,1730,0.033186912536621094
1398,No_Encryption,0.027796506881713867,0.0285186767578125,1378,0.03125286102294922
1399,PQC,0.0386042594909668,0.03384995460510254,3138,0.030068397521972656
1399,AES,0.03176736831665039,0.029664993286132812,1730,0.03236269950866699
1399,No_Encryption,0.029885530471801758,0.025055408477783203,1378,0.029739856719970703
1400,PQC,0.03598618507385254,0.03371834754943848,3138,0.03135490417480469
1400,AES,0.03451228141784668,0.03039836883544922,1730,0.03088521957397461
1400,No_Encryption,0.0294039249420166,0.028189659118652344,1378,0.031400203704833984
1401,PQC,0.04065990447998047,0.03603172302246094,3138,0.025548696517944336
1401,AES,0.030037641525268555,0.029557466506958008,1730,0.028950214385986328
1401,No_Encryption,0.02954840660095215,0.024717092514038086,1378,0.02760910987854004
1402,PQC,0.032950639724731445,0.031386613845825195,3138,0.026471853256225586
1402,AES,0.028246164321899414,0.027617931365966797,1730,0.026805639266967773
1402,No_Encryption,0.03170609474182129,0.026822328567504883,1378,0.03097224235534668
1403,PQC,0.038372039794921875,0.03477764129638672,3138,0.029759883880615234
1403,AES,0.031032323837280273,0.02994847297668457,1730,0.027550458908081055
1403,No_Encryption,0.02803349494934082,0.029058218002319336,1378,0.03195548057556152
1404,PQC,0.036859989166259766,0.03482699394226074,3138,0.03293776512145996
1404,AES,0.031714439392089844,0.03218483924865723,1730,0.031572580337524414
1404,No_Encryption,0.030262470245361328,0.02892279624938965,1378,0.03320026397705078
1405,PQC,0.05164313316345215,0.036513566970825195,3138,0.035362958908081055
1405,AES,0.03349709510803223,0.034276723861694336,1730,0.03342604637145996
1405,No_Encryption,0.033379554748535156,0.02832317352294922,1378,0.03292202949523926
1406,PQC,0.037876129150390625,0.040067195892333984,3138,0.03264117240905762
1406,AES,0.04230690002441406,0.03226757049560547,1730,0.032941579818725586
1406,No_Encryption,0.037918806076049805,0.028322219848632812,1378,0.030407428741455078
1407,PQC,0.036414384841918945,0.03928327560424805,3138,0.03332972526550293
1407,AES,0.03719043731689453,0.03197431564331055,1730,0.030356168746948242
1407,No_Encryption,0.029439926147460938,0.027092456817626953,1378,0.03158307075500488
1408,PQC,0.03732919692993164,0.03510570526123047,3138,0.029955148696899414
1408,AES,0.0526118278503418,0.034986257553100586,1730,0.03376936912536621
1408,No_Encryption,0.032002925872802734,0.029507875442504883,1378,0.032705068588256836
1409,PQC,0.03600287437438965,0.036305904388427734,3138,0.03399467468261719
1409,AES,0.03331303596496582,0.033434152603149414,1730,0.02989482879638672
1409,No_Encryption,0.029908180236816406,0.02958369255065918,1378,0.033733367919921875
1410,PQC,0.03584790229797363,0.035015106201171875,3138,0.03133749961853027
1410,AES,0.03215503692626953,0.03262782096862793,1730,0.031106233596801758
1410,No_Encryption,0.032560110092163086,0.02777886390686035,1378,0.03239130973815918
1411,PQC,0.03607487678527832,0.032871246337890625,3138,0.031057357788085938
1411,AES,0.030702829360961914,0.03108525276184082,1730,0.0299990177154541
1411,No_Encryption,0.0338132381439209,0.02753281593322754,1378,0.029903650283813477
1412,PQC,0.03640937805175781,0.03336811065673828,3138,0.027985811233520508
1412,AES,0.030618667602539062,0.02962183952331543,1730,0.027704954147338867
1412,No_Encryption,0.027065753936767578,0.025600194931030273,1378,0.029379844665527344
1413,PQC,0.03262782096862793,0.03459310531616211,3138,0.026699304580688477
1413,AES,0.02948927879333496,0.02876567840576172,1730,0.028809309005737305
1413,No_Encryption,0.0292208194732666,0.0266726016998291,1378,0.03281116485595703
1414,PQC,0.03923606872558594,0.03554511070251465,3138,0.030380725860595703
1414,AES,0.03641772270202637,0.03338456153869629,1730,0.03612565994262695
1414,No_Encryption,0.030837059020996094,0.029587268829345703,1378,0.029001474380493164
1415,PQC,0.04038834571838379,0.03965401649475098,3138,0.030942678451538086
1415,AES,0.031832218170166016,0.030938148498535156,1730,0.0295257568359375
1415,No_Encryption,0.03178238868713379,0.027876615524291992,1378,0.032221317291259766
1416,PQC,0.04185843467712402,0.0371856689453125,3138,0.03487968444824219
1416,AES,0.03417181968688965,0.035143375396728516,1730,0.03577113151550293
1416,No_Encryption,0.03580975532531738,0.027840614318847656,1378,0.034696102142333984
1417,PQC,0.03710293769836426,0.03898358345031738,3138,0.032776832580566406
1417,AES,0.03461432456970215,0.035964012145996094,1730,0.03386545181274414
1417,No_Encryption,0.0341489315032959,0.02924370765686035,1378,0.033506155014038086
1418,PQC,0.04147648811340332,0.038269758224487305,3138,0.032784461975097656
1418,AES,0.03355526924133301,0.036051034927368164,1730,0.0322871208190918
1418,No_Encryption,0.0313563346862793,0.02666783332824707,1378,0.030614376068115234
1419,PQC,0.03768730163574219,0.03464961051940918,3138,0.028673648834228516
1419,AES,0.0342252254486084,0.030115604400634766,1730,0.029967546463012695
1419,No_Encryption,0.046001434326171875,0.03211164474487305,1378,0.030607938766479492
1420,PQC,0.038803815841674805,0.03800153732299805,3138,0.03168082237243652
1420,AES,0.03899335861206055,0.03425765037536621,1730,0.03417658805847168
1420,No_Encryption,0.031324148178100586,0.028841018676757812,1378,0.03258156776428223
1421,PQC,0.04443001747131348,0.038880348205566406,3138,0.031961917877197266
1421,AES,0.034397125244140625,0.03429245948791504,1730,0.033759355545043945
1421,No_Encryption,0.03153538703918457,0.029221296310424805,1378,0.03052544593811035
1422,PQC,0.04150676727294922,0.04124331474304199,3138,0.03256535530090332
1422,AES,0.03489804267883301,0.032958030700683594,1730,0.030607223510742188
1422,No_Encryption,0.028443574905395508,0.030098915100097656,1378,0.035245656967163086
1423,PQC,0.03927254676818848,0.038883209228515625,3138,0.03154897689819336
1423,AES,0.032529354095458984,0.031180858612060547,1730,0.03210091590881348
1423,No_Encryption,0.03190803527832031,0.029912710189819336,1378,0.03590035438537598
1424,PQC,0.039681434631347656,0.03527426719665527,3138,0.031019926071166992
1424,AES,0.03737926483154297,0.03164267539978027,1730,0.03217339515686035
1424,No_Encryption,0.03334689140319824,0.029852628707885742,1378,0.0335698127746582
1425,PQC,0.03765606880187988,0.03632807731628418,3138,0.031958818435668945
1425,AES,0.03537344932556152,0.03329133987426758,1730,0.03297781944274902
1425,No_Encryption,0.04977297782897949,0.03249406814575195,1378,0.0348055362701416
1426,PQC,0.0416874885559082,0.03729987144470215,3138,0.03232407569885254
1426,AES,0.040789127349853516,0.03181743621826172,1730,0.03138279914855957
1426,No_Encryption,0.03898334503173828,0.03022599220275879,1378,0.029810190200805664
1427,PQC,0.040239572525024414,0.0376439094543457,3138,0.034125566482543945
1427,AES,0.036837100982666016,0.037251949310302734,1730,0.03240799903869629
1427,No_Encryption,0.03403353691101074,0.03026413917541504,1378,0.033154964447021484
1428,PQC,0.03772687911987305,0.03537440299987793,3138,0.02921319007873535
1428,AES,0.03206968307495117,0.030574560165405273,1730,0.03140544891357422
1428,No_Encryption,0.03198075294494629,0.028943538665771484,1378,0.033802032470703125
1429,PQC,0.04807162284851074,0.03722095489501953,3138,0.03452610969543457
1429,AES,0.037113189697265625,0.03491473197937012,1730,0.03227710723876953
1429,No_Encryption,0.03811001777648926,0.03062605857849121,1378,0.03116774559020996
1430,PQC,0.043227434158325195,0.03593730926513672,3138,0.03253936767578125
1430,AES,0.04229855537414551,0.03650164604187012,1730,0.03613758087158203
1430,No_Encryption,0.034592390060424805,0.03144359588623047,1378,0.033797502517700195
1431,PQC,0.04470062255859375,0.039911746978759766,3138,0.035497188568115234
1431,AES,0.052208900451660156,0.0379023551940918,1730,0.04374432563781738
1431,No_Encryption,0.04050087928771973,0.0348665714263916,1378,0.04140901565551758
1432,PQC,0.04423975944519043,0.04144740104675293,3138,0.03902173042297363
1432,AES,0.03781294822692871,0.0372927188873291,1730,0.036058902740478516
1432,No_Encryption,0.03615236282348633,0.03148818016052246,1378,0.03671908378601074
1433,PQC,0.050850629806518555,0.044548988342285156,3138,0.03343701362609863
1433,AES,0.042075395584106445,0.03478646278381348,1730,0.03202366828918457
1433,No_Encryption,0.030696392059326172,0.03006291389465332,1378,0.034613847732543945
1434,PQC,0.03901410102844238,0.04040861129760742,3138,0.03224301338195801
1434,AES,0.03588700294494629,0.03548169136047363,1730,0.03659772872924805
1434,No_Encryption,0.03565859794616699,0.03156566619873047,1378,0.03261065483093262
1435,PQC,0.043383121490478516,0.03829312324523926,3138,0.032799482345581055
1435,AES,0.032221078872680664,0.0331578254699707,1730,0.032660722732543945
1435,No_Encryption,0.03233742713928223,0.027827978134155273,1378,0.03176426887512207
1436,PQC,0.040470123291015625,0.03340339660644531,3138,0.02765345573425293
1436,AES,0.03072190284729004,0.030462026596069336,1730,0.02984619140625
1436,No_Encryption,0.027407407760620117,0.02794671058654785,1378,0.03211164474487305
1437,PQC,0.03635573387145996,0.03392529487609863,3138,0.032212257385253906
1437,AES,0.03184008598327637,0.029905319213867188,1730,0.03159022331237793
1437,No_Encryption,0.030344486236572266,0.026549577713012695,1378,0.030832529067993164
1438,PQC,0.033770084381103516,0.03619217872619629,3138,0.03037118911743164
1438,AES,0.039977312088012695,0.031137704849243164,1730,0.030010700225830078
1438,No_Encryption,0.03189706802368164,0.026373624801635742,1378,0.032228946685791016
1439,PQC,0.042514801025390625,0.03953099250793457,3138,0.03340029716491699
1439,AES,0.043200016021728516,0.03566765785217285,1730,0.03462672233581543
1439,No_Encryption,0.036127567291259766,0.030157089233398438,1378,0.035198211669921875
1440,PQC,0.037592172622680664,0.03801465034484863,3138,0.03067469596862793
1440,AES,0.03592872619628906,0.030024290084838867,1730,0.03302359580993652
1440,No_Encryption,0.04633784294128418,0.030227184295654297,1378,0.037004947662353516
1441,PQC,0.04526233673095703,0.043007612228393555,3138,0.033945560455322266
1441,AES,0.03841710090637207,0.03907012939453125,1730,0.037780046463012695
1441,No_Encryption,0.03696846961975098,0.034471988677978516,1378,0.03970479965209961
1442,PQC,0.048218727111816406,0.041754722595214844,3138,0.037518978118896484
1442,AES,0.048273324966430664,0.04228949546813965,1730,0.047332048416137695
1442,No_Encryption,0.04002737998962402,0.03948616981506348,1378,0.0399327278137207
1443,PQC,0.041803598403930664,0.04361271858215332,3138,0.03554272651672363
1443,AES,0.037500619888305664,0.04073524475097656,1730,0.035546064376831055
1443,No_Encryption,0.03294801712036133,0.030308008193969727,1378,0.03545236587524414
1444,PQC,0.04490780830383301,0.03935360908508301,3138,0.03330278396606445
1444,AES,0.03635096549987793,0.03272294998168945,1730,0.03382539749145508
1444,No_Encryption,0.03013753890991211,0.02749347686767578,1378,0.0300140380859375
1445,PQC,0.0411372184753418,0.03681063652038574,3138,0.03568911552429199
1445,AES,0.034166812896728516,0.03249096870422363,1730,0.030508995056152344
1445,No_Encryption,0.03207087516784668,0.028708696365356445,1378,0.029652833938598633
1446,PQC,0.034773826599121094,0.034507036209106445,3138,0.030318498611450195
1446,AES,0.030623674392700195,0.029700279235839844,1730,0.03196310997009277
1446,No_Encryption,0.028380155563354492,0.02602982521057129,1378,0.030853986740112305
1447,PQC,0.03637218475341797,0.033206939697265625,3138,0.027784109115600586
1447,AES,0.03225350379943848,0.03014397621154785,1730,0.028710603713989258
1447,No_Encryption,0.027853012084960938,0.0227658748626709,1378,0.026612281799316406
1448,PQC,0.030958890914916992,0.03199362754821777,3138,0.027918338775634766
1448,AES,0.028419971466064453,0.02826070785522461,1730,0.02880096435546875
1448,No_Encryption,0.02925419807434082,0.02560591697692871,1378,0.028718948364257812
1449,PQC,0.03467249870300293,0.0322420597076416,3138,0.027512311935424805
1449,AES,0.029589176177978516,0.028654098510742188,1730,0.026645898818969727
1449,No_Encryption,0.026836872100830078,0.024826765060424805,1378,0.026663780212402344
1450,PQC,0.033376216888427734,0.031529903411865234,3138,0.030009031295776367
1450,AES,0.029601097106933594,0.028137922286987305,1730,0.029201984405517578
1450,No_Encryption,0.027185440063476562,0.02612447738647461,1378,0.02943134307861328
1451,PQC,0.032205820083618164,0.03267669677734375,3138,0.026761770248413086
1451,AES,0.028565168380737305,0.025313138961791992,1730,0.02680516242980957
1451,No_Encryption,0.02895331382751465,0.02566814422607422,1378,0.028025388717651367
1452,PQC,0.03593897819519043,0.03379178047180176,3138,0.027434587478637695
1452,AES,0.03048872947692871,0.028851985931396484,1730,0.029415607452392578
1452,No_Encryption,0.025918960571289062,0.02689337730407715,1378,0.028868436813354492
1453,PQC,0.036255836486816406,0.034295082092285156,3138,0.03164958953857422
1453,AES,0.03181171417236328,0.029534578323364258,1730,0.030119657516479492
1453,No_Encryption,0.027133464813232422,0.025869131088256836,1378,0.0280303955078125
1454,PQC,0.038542747497558594,0.03304314613342285,3138,0.028760671615600586
1454,AES,0.03167581558227539,0.03509521484375,1730,0.03485608100891113
1454,No_Encryption,0.028841018676757812,0.029719114303588867,1378,0.031711578369140625
1455,PQC,0.03945755958557129,0.03777170181274414,3138,0.03554987907409668
1455,AES,0.03799271583557129,0.03535580635070801,1730,0.0339353084564209
1455,No_Encryption,0.03767585754394531,0.029517650604248047,1378,0.03249335289001465
1456,PQC,0.040781497955322266,0.03619647026062012,3138,0.03128457069396973
1456,AES,0.03099513053894043,0.02996349334716797,1730,0.028159379959106445
1456,No_Encryption,0.03229117393493652,0.02773118019104004,1378,0.03229880332946777
1457,PQC,0.03679251670837402,0.031752824783325195,3138,0.028742074966430664
1457,AES,0.0303189754486084,0.02835822105407715,1730,0.02977752685546875
1457,No_Encryption,0.02800154685974121,0.027912616729736328,1378,0.03082728385925293
1458,PQC,0.03508949279785156,0.03513693809509277,3138,0.030082225799560547
1458,AES,0.03273153305053711,0.029607772827148438,1730,0.03099846839904785
1458,No_Encryption,0.027996301651000977,0.02599954605102539,1378,0.02821183204650879
1459,PQC,0.03723621368408203,0.033841609954833984,3138,0.028609037399291992
1459,AES,0.02745962142944336,0.027338504791259766,1730,0.027289152145385742
1459,No_Encryption,0.025774717330932617,0.024096965789794922,1378,0.028718233108520508
1460,PQC,0.03245115280151367,0.03335428237915039,3138,0.030453205108642578
1460,AES,0.029529809951782227,0.029404401779174805,1730,0.02703714370727539
1460,No_Encryption,0.035009145736694336,0.02622842788696289,1378,0.0322113037109375
1461,PQC,0.041469573974609375,0.031630516052246094,3138,0.0286099910736084
1461,AES,0.02874135971069336,0.029267549514770508,1730,0.028480052947998047
1461,No_Encryption,0.026745319366455078,0.025590896606445312,1378,0.02857184410095215
1462,PQC,0.03446602821350098,0.03126692771911621,3138,0.028602123260498047
1462,AES,0.03100132942199707,0.02927398681640625,1730,0.02935004234313965
1462,No_Encryption,0.03169512748718262,0.024738550186157227,1378,0.026567459106445312
1463,PQC,0.03487658500671387,0.03212857246398926,3138,0.03009486198425293
1463,AES,0.029768705368041992,0.029788970947265625,1730,0.0292818546295166
1463,No_Encryption,0.0275113582611084,0.026743650436401367,1378,0.03191018104553223
1464,PQC,0.03401827812194824,0.033406972885131836,3138,0.027347803115844727
1464,AES,0.029097795486450195,0.026635408401489258,1730,0.027022123336791992
1464,No_Encryption,0.02619791030883789,0.02446603775024414,1378,0.0294344425201416
1465,PQC,0.0347745418548584,0.03675436973571777,3138,0.028331279754638672
1465,AES,0.02955937385559082,0.02739882469177246,1730,0.027900218963623047
1465,No_Encryption,0.028949737548828125,0.027742862701416016,1378,0.03012824058532715
1466,PQC,0.036876678466796875,0.032215118408203125,3138,0.028155088424682617
1466,AES,0.028563976287841797,0.028369903564453125,1730,0.028042078018188477
1466,No_Encryption,0.035507917404174805,0.03087925910949707,1378,0.03307032585144043
1467,PQC,0.040741682052612305,0.0386810302734375,3138,0.034647226333618164
1467,AES,0.039278507232666016,0.03727269172668457,1730,0.03278088569641113
1467,No_Encryption,0.032765865325927734,0.029328107833862305,1378,0.0335385799407959
1468,PQC,0.04390668869018555,0.03938889503479004,3138,0.034539222717285156
1468,AES,0.033925771713256836,0.03270888328552246,1730,0.03295493125915527
1468,No_Encryption,0.030228853225708008,0.03004145622253418,1378,0.03058171272277832
1469,PQC,0.04466056823730469,0.039397239685058594,3138,0.03196072578430176
1469,AES,0.034282684326171875,0.03473806381225586,1730,0.035466670989990234
1469,No_Encryption,0.05215573310852051,0.03356790542602539,1378,0.036440134048461914
1470,PQC,0.04592180252075195,0.03697776794433594,3138,0.032747507095336914
1470,AES,0.03403353691101074,0.03556370735168457,1730,0.034856557846069336
1470,No_Encryption,0.034996747970581055,0.0321044921875,1378,0.03721952438354492
1471,PQC,0.04503893852233887,0.039067983627319336,3138,0.03399181365966797
1471,AES,0.03880786895751953,0.03480839729309082,1730,0.037775516510009766
1471,No_Encryption,0.03601217269897461,0.030262231826782227,1378,0.03198075294494629
1472,PQC,0.04288291931152344,0.03555154800415039,3138,0.03233599662780762
1472,AES,0.036675453186035156,0.033438920974731445,1730,0.02977442741394043
1472,No_Encryption,0.02991032600402832,0.026534080505371094,1378,0.02822136878967285
1473,PQC,0.03828287124633789,0.03806710243225098,3138,0.03219795227050781
1473,AES,0.03951239585876465,0.03556537628173828,1730,0.034853458404541016
1473,No_Encryption,0.035025596618652344,0.03159284591674805,1378,0.03415703773498535
1474,PQC,0.03955245018005371,0.03944516181945801,3138,0.03517508506774902
1474,AES,0.03932499885559082,0.036339759826660156,1730,0.0329592227935791
1474,No_Encryption,0.04112839698791504,0.030530691146850586,1378,0.03311800956726074
1475,PQC,0.04928898811340332,0.03533768653869629,3138,0.03200984001159668
1475,AES,0.04386568069458008,0.03227591514587402,1730,0.032602548599243164
1475,No_Encryption,0.03757810592651367,0.02964472770690918,1378,0.03154873847961426
1476,PQC,0.038964033126831055,0.03630852699279785,3138,0.03091144561767578
1476,AES,0.03043222427368164,0.031084537506103516,1730,0.031197309494018555
1476,No_Encryption,0.028588294982910156,0.028061866760253906,1378,0.03338980674743652
1477,PQC,0.03583240509033203,0.037618398666381836,3138,0.03168177604675293
1477,AES,0.030049562454223633,0.02974843978881836,1730,0.03090381622314453
1477,No_Encryption,0.028633594512939453,0.02566075325012207,1378,0.029009103775024414
1478,PQC,0.03540492057800293,0.034471750259399414,3138,0.0331423282623291
1478,AES,0.03555727005004883,0.0367734432220459,1730,0.029435396194458008
1478,No_Encryption,0.030956506729125977,0.030915260314941406,1378,0.03173089027404785
1479,PQC,0.0399165153503418,0.03456997871398926,3138,0.03209209442138672
1479,AES,0.032289981842041016,0.03013324737548828,1730,0.03174614906311035
1479,No_Encryption,0.028229475021362305,0.026918649673461914,1378,0.030800342559814453
1480,PQC,0.03594374656677246,0.037041425704956055,3138,0.03220558166503906
1480,AES,0.030611276626586914,0.028522968292236328,1730,0.030134916305541992
1480,No_Encryption,0.028160810470581055,0.0263521671295166,1378,0.028495311737060547
1481,PQC,0.035637855529785156,0.03470253944396973,3138,0.02906060218811035
1481,AES,0.04786348342895508,0.03074932098388672,1730,0.031166553497314453
1481,No_Encryption,0.0301666259765625,0.02859210968017578,1378,0.0339200496673584
1482,PQC,0.03666353225708008,0.03773808479309082,3138,0.03309130668640137
1482,AES,0.03504633903503418,0.02986621856689453,1730,0.032938480377197266
1482,No_Encryption,0.034331560134887695,0.030011415481567383,1378,0.03485298156738281
1483,PQC,0.040247440338134766,0.03925657272338867,3138,0.030347585678100586
1483,AES,0.03136134147644043,0.03215289115905762,1730,0.03355765342712402
1483,No_Encryption,0.040825843811035156,0.03211808204650879,1378,0.03951859474182129
1484,PQC,0.049321889877319336,0.04491782188415527,3138,0.04547739028930664
1484,AES,0.04098391532897949,0.04425859451293945,1730,0.043569087982177734
1484,No_Encryption,0.04704475402832031,0.038759708404541016,1378,0.046370506286621094
1485,PQC,0.04930877685546875,0.04978466033935547,3138,0.04620003700256348
1485,AES,0.04841017723083496,0.04499173164367676,1730,0.041649818420410156
1485,No_Encryption,0.0592806339263916,0.047059059143066406,1378,0.04703164100646973
1486,PQC,0.07967925071716309,0.0483858585357666,3138,0.050449371337890625
1486,AES,0.04731011390686035,0.05946660041809082,1730,0.06667971611022949
1486,No_Encryption,0.04259991645812988,0.0470576286315918,1378,0.07282495498657227
1487,PQC,0.08047294616699219,0.06937432289123535,3138,0.06893181800842285
1487,AES,0.07206320762634277,0.06176304817199707,1730,0.05327725410461426
1487,No_Encryption,0.043967247009277344,0.046697139739990234,1378,0.07137608528137207
1488,PQC,0.0580141544342041,0.07199382781982422,3138,0.05798768997192383
1488,AES,0.07157182693481445,0.06848025321960449,1730,0.05148911476135254
1488,No_Encryption,0.05393505096435547,0.05486488342285156,1378,0.07591056823730469
1489,PQC,0.06719565391540527,0.07737135887145996,3138,0.06162858009338379
1489,AES,0.07269144058227539,0.07292771339416504,1730,0.06617093086242676
1489,No_Encryption,0.05243492126464844,0.05986642837524414,1378,0.0697777271270752
1490,PQC,0.07236027717590332,0.0764918327331543,3138,0.06566452980041504
1490,AES,0.06623268127441406,0.05738997459411621,1730,0.06227922439575195
1490,No_Encryption,0.055660247802734375,0.04857778549194336,1378,0.07214593887329102
1491,PQC,0.0661618709564209,0.08307743072509766,3138,0.05747532844543457
1491,AES,0.06135725975036621,0.07052397727966309,1730,0.06259703636169434
1491,No_Encryption,0.061507225036621094,0.05837416648864746,1378,0.06818795204162598
1492,PQC,0.07223343849182129,0.08065342903137207,3138,0.05547451972961426
1492,AES,0.06075692176818848,0.0750422477722168,1730,0.07138204574584961
1492,No_Encryption,0.06739449501037598,0.055579185485839844,1378,0.04924178123474121
1493,PQC,0.10481619834899902,0.08345246315002441,3138,0.05390667915344238
1493,AES,0.08150553703308105,0.07254552841186523,1730,0.0621950626373291
1493,No_Encryption,0.06303811073303223,0.05032992362976074,1378,0.07402324676513672
1494,PQC,0.07208967208862305,0.06030750274658203,3138,0.06639647483825684
1494,AES,0.07262158393859863,0.06914043426513672,1730,0.0641324520111084
1494,No_Encryption,0.07612204551696777,0.042218923568725586,1378,0.07026529312133789
1495,PQC,0.0978085994720459,0.11456775665283203,3138,0.05445718765258789
1495,AES,0.05002546310424805,0.06244230270385742,1730,0.055663108825683594
1495,No_Encryption,0.061513423919677734,0.05114340782165527,1378,0.07134795188903809
1496,PQC,0.06127786636352539,0.07035160064697266,3138,0.06468701362609863
1496,AES,0.05380821228027344,0.056351423263549805,1730,0.07706880569458008
1496,No_Encryption,0.058409929275512695,0.04655742645263672,1378,0.07191824913024902
1497,PQC,0.06157279014587402,0.06163644790649414,3138,0.04933881759643555
1497,AES,0.060143470764160156,0.06327700614929199,1730,0.07815051078796387
1497,No_Encryption,0.06514334678649902,0.052384376525878906,1378,0.06519317626953125
1498,PQC,0.06582117080688477,0.0741281509399414,3138,0.07601618766784668
1498,AES,0.05689573287963867,0.06863784790039062,1730,0.08509588241577148
1498,No_Encryption,0.06251716613769531,0.06460094451904297,1378,0.0585784912109375
1499,PQC,0.059480905532836914,0.0750131607055664,3138,0.056890249252319336
1499,AES,0.05319023132324219,0.0617671012878418,1730,0.06366682052612305
1499,No_Encryption,0.054531097412109375,0.06828641891479492,1378,0.0683588981628418
1500,PQC,0.06208014488220215,0.06946969032287598,3138,0.057839155197143555
1500,AES,0.06600642204284668,0.07622027397155762,1730,0.057296037673950195
1500,No_Encryption,0.08555769920349121,0.06036496162414551,1378,0.06091761589050293
1501,PQC,0.06654787063598633,0.09456276893615723,3138,0.07498383522033691
1501,AES,0.06518673896789551,0.056168556213378906,1730,0.07212710380554199
1501,No_Encryption,0.06105327606201172,0.04837608337402344,1378,0.07915186882019043
1502,PQC,0.07234764099121094,0.0709681510925293,3138,0.06117558479309082
1502,AES,0.0730588436126709,0.07527661323547363,1730,0.07340240478515625
1502,No_Encryption,0.052026987075805664,0.051686763763427734,1378,0.07117629051208496
1503,PQC,0.06818175315856934,0.07162952423095703,3138,0.06311941146850586
1503,AES,0.05116987228393555,0.06336736679077148,1730,0.07773280143737793
1503,No_Encryption,0.047930002212524414,0.04682302474975586,1378,0.05557537078857422
1504,PQC,0.09571409225463867,0.06943321228027344,3138,0.0659794807434082
1504,AES,0.06032156944274902,0.06343364715576172,1730,0.062227725982666016
1504,No_Encryption,0.053873300552368164,0.052874088287353516,1378,0.061052799224853516
1505,PQC,0.0773472785949707,0.07231545448303223,3138,0.06564688682556152
1505,AES,0.05149102210998535,0.06445026397705078,1730,0.06681036949157715
1505,No_Encryption,0.0358734130859375,0.06576085090637207,1378,0.058119773864746094
1506,PQC,0.06100010871887207,0.08040046691894531,3138,0.07522964477539062
1506,AES,0.05221724510192871,0.06659507751464844,1730,0.06943678855895996
1506,No_Encryption,0.06135272979736328,0.054558515548706055,1378,0.06778264045715332
1507,PQC,0.07845067977905273,0.07234358787536621,3138,0.06893658638000488
1507,AES,0.05805659294128418,0.05720400810241699,1730,0.06704950332641602
1507,No_Encryption,0.06617593765258789,0.06368303298950195,1378,0.07353949546813965
1508,PQC,0.06229376792907715,0.07289910316467285,3138,0.05766654014587402
1508,AES,0.05970120429992676,0.06242990493774414,1730,0.06958150863647461
1508,No_Encryption,0.050693511962890625,0.06588006019592285,1378,0.07600855827331543
1509,PQC,0.06231522560119629,0.07250356674194336,3138,0.06662654876708984
1509,AES,0.05047321319580078,0.0666189193725586,1730,0.05415153503417969
1509,No_Encryption,0.05481290817260742,0.051615238189697266,1378,0.05967068672180176
1510,PQC,0.06206536293029785,0.07433915138244629,3138,0.07129287719726562
1510,AES,0.06412720680236816,0.0635526180267334,1730,0.06060075759887695
1510,No_Encryption,0.05229067802429199,0.06369423866271973,1378,0.06194877624511719
1511,PQC,0.07798147201538086,0.06934237480163574,3138,0.07111573219299316
1511,AES,0.07281875610351562,0.05318617820739746,1730,0.069427490234375
1511,No_Encryption,0.0595698356628418,0.0576634407043457,1378,0.07622742652893066
1512,PQC,0.0769505500793457,0.07933235168457031,3138,0.06909036636352539
1512,AES,0.06158185005187988,0.06511139869689941,1730,0.05536031723022461
1512,No_Encryption,0.04095315933227539,0.05276131629943848,1378,0.059134483337402344
1513,PQC,0.0502171516418457,0.05667448043823242,3138,0.05499601364135742
1513,AES,0.04726839065551758,0.0491337776184082,1730,0.054021358489990234
1513,No_Encryption,0.044095754623413086,0.049002885818481445,1378,0.04403090476989746
1514,PQC,0.04883909225463867,0.05320477485656738,3138,0.04584932327270508
1514,AES,0.051064491271972656,0.04663872718811035,1730,0.04344606399536133
1514,No_Encryption,0.04105043411254883,0.04124045372009277,1378,0.041475772857666016
1515,PQC,0.05068039894104004,0.04600048065185547,3138,0.03758120536804199
1515,AES,0.04433155059814453,0.04721331596374512,1730,0.04578900337219238
1515,No_Encryption,0.04127979278564453,0.035477399826049805,1378,0.04094386100769043
1516,PQC,0.05309271812438965,0.051384925842285156,3138,0.03875470161437988
1516,AES,0.04346632957458496,0.03911089897155762,1730,0.039516448974609375
1516,No_Encryption,0.041332244873046875,0.032506465911865234,1378,0.03992104530334473
1517,PQC,0.04518008232116699,0.04515242576599121,3138,0.03380298614501953
1517,AES,0.031245946884155273,0.0314333438873291,1730,0.03183794021606445
1517,No_Encryption,0.03123950958251953,0.02758049964904785,1378,0.03565859794616699
1518,PQC,0.04551386833190918,0.038228511810302734,3138,0.030182838439941406
1518,AES,0.033937692642211914,0.0326845645904541,1730,0.030231237411499023
1518,No_Encryption,0.03204011917114258,0.02764439582824707,1378,0.03077101707458496
1519,PQC,0.037319183349609375,0.03524661064147949,3138,0.03148603439331055
1519,AES,0.029285430908203125,0.030853748321533203,1730,0.031021595001220703
1519,No_Encryption,0.03832364082336426,0.02924942970275879,1378,0.03543567657470703
1520,PQC,0.0493772029876709,0.03805255889892578,3138,0.0327000617980957
1520,AES,0.0329136848449707,0.032259225845336914,1730,0.03284311294555664
1520,No_Encryption,0.046727657318115234,0.030098676681518555,1378,0.03191685676574707
1521,PQC,0.04394102096557617,0.04348301887512207,3138,0.033074140548706055
1521,AES,0.04036211967468262,0.0417017936706543,1730,0.04351091384887695
1521,No_Encryption,0.04788994789123535,0.038727521896362305,1378,0.04400634765625
1522,PQC,0.059285879135131836,0.050328969955444336,3138,0.041405439376831055
1522,AES,0.054227352142333984,0.048421382904052734,1730,0.051236629486083984
1522,No_Encryption,0.05170941352844238,0.043488502502441406,1378,0.04883933067321777
1523,PQC,0.05963850021362305,0.06530475616455078,3138,0.055967092514038086
1523,AES,0.07669472694396973,0.0798180103302002,1730,0.06508255004882812
1523,No_Encryption,0.05381608009338379,0.05439591407775879,1378,0.06304311752319336
1524,PQC,0.06675934791564941,0.0636594295501709,3138,0.052168846130371094
1524,AES,0.0709693431854248,0.06204652786254883,1730,0.06818509101867676
1524,No_Encryption,0.0629720687866211,0.051724910736083984,1378,0.06617021560668945
1525,PQC,0.0928502082824707,0.05430912971496582,3138,0.07204651832580566
1525,AES,0.05476880073547363,0.05585432052612305,1730,0.06403946876525879
1525,No_Encryption,0.05924844741821289,0.06537222862243652,1378,0.05805158615112305
1526,PQC,0.051552534103393555,0.06073141098022461,3138,0.05686616897583008
1526,AES,0.06457304954528809,0.07173657417297363,1730,0.06219840049743652
1526,No_Encryption,0.051740407943725586,0.05584716796875,1378,0.053915977478027344
1527,PQC,0.10138344764709473,0.06359171867370605,3138,0.06371831893920898
1527,AES,0.05658841133117676,0.07421994209289551,1730,0.06805062294006348
1527,No_Encryption,0.06928634643554688,0.06578230857849121,1378,0.05535411834716797
1528,PQC,0.07310223579406738,0.06490492820739746,3138,0.0639955997467041
1528,AES,0.06751298904418945,0.07988429069519043,1730,0.06540584564208984
1528,No_Encryption,0.04973888397216797,0.04783201217651367,1378,0.08039116859436035
1529,PQC,0.11327147483825684,0.06827688217163086,3138,0.06265902519226074
1529,AES,0.05699038505554199,0.06908845901489258,1730,0.06231498718261719
1529,No_Encryption,0.1183011531829834,0.04646944999694824,1378,0.07045555114746094
1530,PQC,0.0675039291381836,0.07833147048950195,3138,0.08091878890991211
1530,AES,0.05242037773132324,0.05578732490539551,1730,0.049146175384521484
1530,No_Encryption,0.05237269401550293,0.05502009391784668,1378,0.048291921615600586
1531,PQC,0.10758829116821289,0.0806734561920166,3138,0.0673072338104248
1531,AES,0.05396437644958496,0.07391858100891113,1730,0.07964444160461426
1531,No_Encryption,0.062133073806762695,0.04389762878417969,1378,0.07216787338256836
1532,PQC,0.06164813041687012,0.07303023338317871,3138,0.0643768310546875
1532,AES,0.04733872413635254,0.06647205352783203,1730,0.06065487861633301
1532,No_Encryption,0.06943750381469727,0.06389784812927246,1378,0.07739973068237305
1533,PQC,0.05769681930541992,0.07735633850097656,3138,0.06377887725830078
1533,AES,0.0582430362701416,0.05717611312866211,1730,0.057108163833618164
1533,No_Encryption,0.05856156349182129,0.052506446838378906,1378,0.051217079162597656
1534,PQC,0.06044769287109375,0.058708906173706055,3138,0.04638957977294922
1534,AES,0.05095171928405762,0.05955958366394043,1730,0.06078219413757324
1534,No_Encryption,0.06959819793701172,0.05719280242919922,1378,0.09227252006530762
1535,PQC,0.08147740364074707,0.06155753135681152,3138,0.06317949295043945
1535,AES,0.06945157051086426,0.07768130302429199,1730,0.06478524208068848
1535,No_Encryption,0.057526350021362305,0.05614471435546875,1378,0.06622076034545898
1536,PQC,0.07309222221374512,0.08612751960754395,3138,0.07175898551940918
1536,AES,0.058481454849243164,0.06383490562438965,1730,0.06266307830810547
1536,No_Encryption,0.05184364318847656,0.06372380256652832,1378,0.0701291561126709
1537,PQC,0.06447315216064453,0.07589268684387207,3138,0.06734991073608398
1537,AES,0.05209541320800781,0.0748586654663086,1730,0.06878209114074707
1537,No_Encryption,0.05536055564880371,0.06089448928833008,1378,0.05120110511779785
1538,PQC,0.08830571174621582,0.07915472984313965,3138,0.07897806167602539
1538,AES,0.07232141494750977,0.06874585151672363,1730,0.06646966934204102
1538,No_Encryption,0.055181026458740234,0.06072068214416504,1378,0.08181142807006836
1539,PQC,0.08664584159851074,0.07145929336547852,3138,0.05806303024291992
1539,AES,0.05314183235168457,0.060605525970458984,1730,0.07716798782348633
1539,No_Encryption,0.06620979309082031,0.062444448471069336,1378,0.06789207458496094
1540,PQC,0.0697636604309082,0.08158373832702637,3138,0.0760807991027832
1540,AES,0.057485342025756836,0.08135247230529785,1730,0.06385993957519531
1540,No_Encryption,0.06301307678222656,0.06485342979431152,1378,0.06548333168029785
1541,PQC,0.06537008285522461,0.08018231391906738,3138,0.0641317367553711
1541,AES,0.07464814186096191,0.06335091590881348,1730,0.07452917098999023
1541,No_Encryption,0.0667421817779541,0.05144977569580078,1378,0.07567453384399414
1542,PQC,0.0654749870300293,0.06621789932250977,3138,0.05644989013671875
1542,AES,0.07219481468200684,0.07051372528076172,1730,0.08016324043273926
1542,No_Encryption,0.046350955963134766,0.06478643417358398,1378,0.06640148162841797
1543,PQC,0.07339668273925781,0.07623958587646484,3138,0.07064366340637207
1543,AES,0.05008339881896973,0.038129329681396484,1730,0.06356048583984375
1543,No_Encryption,0.057448387145996094,0.07351374626159668,1378,0.0836343765258789
1544,PQC,0.08143758773803711,0.0879523754119873,3138,0.07491755485534668
1544,AES,0.055876970291137695,0.07660341262817383,1730,0.0720827579498291
1544,No_Encryption,0.07525181770324707,0.06251239776611328,1378,0.0697331428527832
1545,PQC,0.07874894142150879,0.06271004676818848,3138,0.08780050277709961
1545,AES,0.07458662986755371,0.06076192855834961,1730,0.0642857551574707
1545,No_Encryption,0.0695643424987793,0.05606722831726074,1378,0.07721781730651855
1546,PQC,0.07341694831848145,0.0558931827545166,3138,0.07865238189697266
1546,AES,0.05753803253173828,0.05948925018310547,1730,0.061179161071777344
1546,No_Encryption,0.09385275840759277,0.04996657371520996,1378,0.06215095520019531
1547,PQC,0.06590604782104492,0.07094860076904297,3138,0.06491708755493164
1547,AES,0.05353903770446777,0.07956600189208984,1730,0.055361032485961914
1547,No_Encryption,0.05207490921020508,0.06036090850830078,1378,0.09662961959838867
1548,PQC,0.07097506523132324,0.09040069580078125,3138,0.05611014366149902
1548,AES,0.059252023696899414,0.08544754981994629,1730,0.0724954605102539
1548,No_Encryption,0.06448793411254883,0.0509648323059082,1378,0.07937264442443848
1549,PQC,0.06146740913391113,0.07505655288696289,3138,0.06229853630065918
1549,AES,0.05744028091430664,0.07541799545288086,1730,0.05400276184082031
1549,No_Encryption,0.08144903182983398,0.059984445571899414,1378,0.07334280014038086
1550,PQC,0.07712769508361816,0.05808830261230469,3138,0.06363105773925781
1550,AES,0.052343130111694336,0.07399773597717285,1730,0.07657051086425781
1550,No_Encryption,0.05617237091064453,0.05915093421936035,1378,0.07147598266601562
1551,PQC,0.06452441215515137,0.08333182334899902,3138,0.0639495849609375
1551,AES,0.08789992332458496,0.0666348934173584,1730,0.07574272155761719
1551,No_Encryption,0.07701969146728516,0.0664820671081543,1378,0.08429455757141113
1552,PQC,0.07241201400756836,0.07867598533630371,3138,0.0729982852935791
1552,AES,0.06315755844116211,0.09392666816711426,1730,0.06200289726257324
1552,No_Encryption,0.07450366020202637,0.055078983306884766,1378,0.06872105598449707
1553,PQC,0.06728696823120117,0.06993508338928223,3138,0.07389521598815918
1553,AES,0.060543060302734375,0.06529998779296875,1730,0.06458187103271484
1553,No_Encryption,0.07080483436584473,0.07802081108093262,1378,0.06319499015808105
1554,PQC,0.06165623664855957,0.07459592819213867,3138,0.0584256649017334
1554,AES,0.04692792892456055,0.06684446334838867,1730,0.0717308521270752
1554,No_Encryption,0.05240011215209961,0.06615829467773438,1378,0.0713040828704834
1555,PQC,0.09885716438293457,0.059388160705566406,3138,0.061515092849731445
1555,AES,0.09734511375427246,0.06373238563537598,1730,0.06447386741638184
1555,No_Encryption,0.13398313522338867,0.06028580665588379,1378,0.07676434516906738
1556,PQC,0.09057807922363281,0.08163070678710938,3138,0.0514073371887207
1556,AES,0.05448460578918457,0.08281612396240234,1730,0.05087423324584961
1556,No_Encryption,0.06216073036193848,0.058854103088378906,1378,0.05426335334777832
1557,PQC,0.06711363792419434,0.0883798599243164,3138,0.06774020195007324
1557,AES,0.06951427459716797,0.07678508758544922,1730,0.08003735542297363
1557,No_Encryption,0.07375216484069824,0.06081557273864746,1378,0.08088302612304688
1558,PQC,0.0709371566772461,0.06946158409118652,3138,0.0663306713104248
1558,AES,0.06252002716064453,0.0749204158782959,1730,0.06362056732177734
1558,No_Encryption,0.06714105606079102,0.04255986213684082,1378,0.06081533432006836
1559,PQC,0.07834744453430176,0.06353545188903809,3138,0.07652425765991211
1559,AES,0.060799360275268555,0.07991456985473633,1730,0.0636281967163086
1559,No_Encryption,0.0614466667175293,0.06263089179992676,1378,0.06260085105895996
1560,PQC,0.0776968002319336,0.06925559043884277,3138,0.05079150199890137
1560,AES,0.0635383129119873,0.05480337142944336,1730,0.06697964668273926
1560,No_Encryption,0.06341862678527832,0.050493478775024414,1378,0.08090567588806152
1561,PQC,0.0757441520690918,0.05746769905090332,3138,0.05502486228942871
1561,AES,0.0689389705657959,0.0588068962097168,1730,0.06682467460632324
1561,No_Encryption,0.06166481971740723,0.052335262298583984,1378,0.07507181167602539
1562,PQC,0.08088231086730957,0.0765540599822998,3138,0.07436442375183105
1562,AES,0.046308279037475586,0.05507779121398926,1730,0.06099414825439453
1562,No_Encryption,0.09239530563354492,0.053296804428100586,1378,0.07031655311584473
1563,PQC,0.1104285717010498,0.06818318367004395,3138,0.05982255935668945
1563,AES,0.0619206428527832,0.05732154846191406,1730,0.07381415367126465
1563,No_Encryption,0.08262968063354492,0.07090187072753906,1378,0.0664510726928711
1564,PQC,0.06850481033325195,0.07375645637512207,3138,0.07927823066711426
1564,AES,0.08735060691833496,0.08205699920654297,1730,0.0672602653503418
1564,No_Encryption,0.06074929237365723,0.05521893501281738,1378,0.07790923118591309
1565,PQC,0.06783699989318848,0.07094883918762207,3138,0.05921649932861328
1565,AES,0.054958343505859375,0.06259632110595703,1730,0.06327033042907715
1565,No_Encryption,0.06508803367614746,0.06892657279968262,1378,0.08306288719177246
1566,PQC,0.07071137428283691,0.08336400985717773,3138,0.06702828407287598
1566,AES,0.0663597583770752,0.06153583526611328,1730,0.08476805686950684
1566,No_Encryption,0.05136847496032715,0.06178140640258789,1378,0.08221721649169922
1567,PQC,0.07042360305786133,0.07045674324035645,3138,0.06797337532043457
1567,AES,0.08720874786376953,0.062424659729003906,1730,0.07197809219360352
1567,No_Encryption,0.059534549713134766,0.06480717658996582,1378,0.07086038589477539
1568,PQC,0.06114959716796875,0.07157230377197266,3138,0.07289481163024902
1568,AES,0.05948925018310547,0.07566428184509277,1730,0.06470227241516113
1568,No_Encryption,0.05207371711730957,0.06412005424499512,1378,0.06815719604492188
1569,PQC,0.0698089599609375,0.08202242851257324,3138,0.0840308666229248
1569,AES,0.06112098693847656,0.06421351432800293,1730,0.0729515552520752
1569,No_Encryption,0.055694580078125,0.07354593276977539,1378,0.06679368019104004
1570,PQC,0.08739495277404785,0.08994102478027344,3138,0.07274889945983887
1570,AES,0.06978273391723633,0.07799911499023438,1730,0.06294441223144531
1570,No_Encryption,0.05752754211425781,0.08312582969665527,1378,0.07743954658508301
1571,PQC,0.061299800872802734,0.07286238670349121,3138,0.06890463829040527
1571,AES,0.0526580810546875,0.060512542724609375,1730,0.07045340538024902
1571,No_Encryption,0.05071067810058594,0.05878019332885742,1378,0.08021903038024902
1572,PQC,0.07460737228393555,0.07486104965209961,3138,0.06372475624084473
1572,AES,0.05768442153930664,0.08271956443786621,1730,0.06804156303405762
1572,No_Encryption,0.06452417373657227,0.059078216552734375,1378,0.060828208923339844
1573,PQC,0.0655066967010498,0.07133793830871582,3138,0.06741786003112793
1573,AES,0.05709099769592285,0.08196616172790527,1730,0.0686955451965332
1573,No_Encryption,0.05676150321960449,0.059803009033203125,1378,0.07772493362426758
1574,PQC,0.07269763946533203,0.07067084312438965,3138,0.06663894653320312
1574,AES,0.05839705467224121,0.0764474868774414,1730,0.060468196868896484
1574,No_Encryption,0.06255865097045898,0.07440519332885742,1378,0.06677556037902832
1575,PQC,0.08014321327209473,0.08044767379760742,3138,0.05695772171020508
1575,AES,0.06214499473571777,0.06769800186157227,1730,0.09316563606262207
1575,No_Encryption,0.05499911308288574,0.060220956802368164,1378,0.07808756828308105
1576,PQC,0.060236454010009766,0.08495521545410156,3138,0.09174656867980957
1576,AES,0.06444549560546875,0.06520438194274902,1730,0.0677485466003418
1576,No_Encryption,0.056487321853637695,0.06261706352233887,1378,0.07177567481994629
1577,PQC,0.07742905616760254,0.08929252624511719,3138,0.07173895835876465
1577,AES,0.04908037185668945,0.07188749313354492,1730,0.07708334922790527
1577,No_Encryption,0.06076693534851074,0.057454824447631836,1378,0.08274173736572266
1578,PQC,0.06099867820739746,0.08165144920349121,3138,0.08133101463317871
1578,AES,0.06625986099243164,0.0776205062866211,1730,0.06559181213378906
1578,No_Encryption,0.06579923629760742,0.0734872817993164,1378,0.06641983985900879
1579,PQC,0.07590246200561523,0.06991362571716309,3138,0.07203030586242676
1579,AES,0.05203700065612793,0.0648040771484375,1730,0.06690406799316406
1579,No_Encryption,0.05320858955383301,0.07088422775268555,1378,0.08064150810241699
1580,PQC,0.05906176567077637,0.09182596206665039,3138,0.054163217544555664
1580,AES,0.060518503189086914,0.07025766372680664,1730,0.07608151435852051
1580,No_Encryption,0.06137442588806152,0.07040572166442871,1378,0.06857728958129883
1581,PQC,0.06392264366149902,0.06988739967346191,3138,0.06422543525695801
1581,AES,0.05720877647399902,0.05995678901672363,1730,0.06524109840393066
1581,No_Encryption,0.060088396072387695,0.05993771553039551,1378,0.0692436695098877
1582,PQC,0.08807063102722168,0.0873866081237793,3138,0.05522346496582031
1582,AES,0.06745719909667969,0.07149052619934082,1730,0.0642085075378418
1582,No_Encryption,0.04931831359863281,0.056725263595581055,1378,0.07849431037902832
1583,PQC,0.07146620750427246,0.0750269889831543,3138,0.06437873840332031
1583,AES,0.06138205528259277,0.06926727294921875,1730,0.06411218643188477
1583,No_Encryption,0.055970191955566406,0.07035946846008301,1378,0.06989598274230957
1584,PQC,0.0731661319732666,0.07408308982849121,3138,0.06890726089477539
1584,AES,0.04918932914733887,0.06443238258361816,1730,0.05534648895263672
1584,No_Encryption,0.06194663047790527,0.0650029182434082,1378,0.059533119201660156
1585,PQC,0.05683279037475586,0.08100700378417969,3138,0.06924200057983398
1585,AES,0.054013967514038086,0.056607961654663086,1730,0.06854104995727539
1585,No_Encryption,0.06139063835144043,0.054466962814331055,1378,0.06298708915710449
1586,PQC,0.07422971725463867,0.07638812065124512,3138,0.06562662124633789
1586,AES,0.09271049499511719,0.0710744857788086,1730,0.06724262237548828
1586,No_Encryption,0.059735774993896484,0.059212684631347656,1378,0.07067728042602539
1587,PQC,0.06739377975463867,0.07342696189880371,3138,0.06464171409606934
1587,AES,0.054743051528930664,0.053681135177612305,1730,0.07258033752441406
1587,No_Encryption,0.055963754653930664,0.06569981575012207,1378,0.05088448524475098
1588,PQC,0.09201908111572266,0.04803657531738281,3138,0.06705689430236816
1588,AES,0.051645517349243164,0.0710909366607666,1730,0.056984901428222656
1588,No_Encryption,0.06120872497558594,0.0515437126159668,1378,0.06692862510681152
1589,PQC,0.056784629821777344,0.0609283447265625,3138,0.05042290687561035
1589,AES,0.07813453674316406,0.06404376029968262,1730,0.059522151947021484
1589,No_Encryption,0.06649279594421387,0.058469295501708984,1378,0.06725907325744629
1590,PQC,0.06288266181945801,0.06744003295898438,3138,0.060598134994506836
1590,AES,0.057220458984375,0.07053828239440918,1730,0.07020998001098633
1590,No_Encryption,0.05491185188293457,0.053070783615112305,1378,0.061713218688964844
1591,PQC,0.06582975387573242,0.0858767032623291,3138,0.06624937057495117
1591,AES,0.06196713447570801,0.07062005996704102,1730,0.05942893028259277
1591,No_Encryption,0.04674363136291504,0.0695035457611084,1378,0.06841683387756348
1592,PQC,0.06805992126464844,0.06551384925842285,3138,0.059374094009399414
1592,AES,0.0582127571105957,0.06426310539245605,1730,0.05992865562438965
1592,No_Encryption,0.05934476852416992,0.0725855827331543,1378,0.07309556007385254
1593,PQC,0.07268333435058594,0.0664975643157959,3138,0.07715868949890137
1593,AES,0.05885744094848633,0.06807875633239746,1730,0.0775597095489502
1593,No_Encryption,0.06196451187133789,0.05688905715942383,1378,0.07009720802307129
1594,PQC,0.06970906257629395,0.07156014442443848,3138,0.05849027633666992
1594,AES,0.05642962455749512,0.08167290687561035,1730,0.06093597412109375
1594,No_Encryption,0.06511235237121582,0.06673526763916016,1378,0.07124853134155273
1595,PQC,0.06412363052368164,0.08089923858642578,3138,0.07123494148254395
1595,AES,0.07182884216308594,0.07731056213378906,1730,0.07699012756347656
1595,No_Encryption,0.05228090286254883,0.06942939758300781,1378,0.08321738243103027
1596,PQC,0.06884098052978516,0.06938362121582031,3138,0.06860828399658203
1596,AES,0.06691765785217285,0.07611584663391113,1730,0.05971932411193848
1596,No_Encryption,0.06112265586853027,0.06782960891723633,1378,0.06550908088684082
1597,PQC,0.05754804611206055,0.061341047286987305,3138,0.0676724910736084
1597,AES,0.048929452896118164,0.06198573112487793,1730,0.06483197212219238
1597,No_Encryption,0.05509042739868164,0.06186985969543457,1378,0.07634615898132324
1598,PQC,0.058938026428222656,0.07872247695922852,3138,0.05918073654174805
1598,AES,0.07020211219787598,0.07156634330749512,1730,0.06760787963867188
1598,No_Encryption,0.05520033836364746,0.054657936096191406,1378,0.07914495468139648
1599,PQC,0.07388949394226074,0.07212352752685547,3138,0.06251716613769531
1599,AES,0.08260440826416016,0.06366395950317383,1730,0.06740593910217285
1599,No_Encryption,0.059773921966552734,0.07685399055480957,1378,0.07090950012207031
1600,PQC,0.05964231491088867,0.07016563415527344,3138,0.058657169342041016
1600,AES,0.04390907287597656,0.05082225799560547,1730,0.05610156059265137
1600,No_Encryption,0.04664111137390137,0.046061038970947266,1378,0.05466508865356445
1601,PQC,0.05478024482727051,0.061527252197265625,3138,0.053908586502075195
1601,AES,0.05096149444580078,0.054656267166137695,1730,0.051839351654052734
1601,No_Encryption,0.05977892875671387,0.0653531551361084,1378,0.05079841613769531
1602,PQC,0.06272459030151367,0.05745720863342285,3138,0.0563352108001709
1602,AES,0.0497281551361084,0.05560111999511719,1730,0.057915687561035156
1602,No_Encryption,0.0548100471496582,0.05086517333984375,1378,0.05505061149597168
1603,PQC,0.06771111488342285,0.05446648597717285,3138,0.04471588134765625
1603,AES,0.04940056800842285,0.057641029357910156,1730,0.05310225486755371
1603,No_Encryption,0.04310750961303711,0.04747748374938965,1378,0.05659651756286621
1604,PQC,0.058057308197021484,0.052384138107299805,3138,0.04692435264587402
1604,AES,0.047605276107788086,0.056539058685302734,1730,0.04987335205078125
1604,No_Encryption,0.05511665344238281,0.0404667854309082,1378,0.05565309524536133
1605,PQC,0.0503995418548584,0.05528903007507324,3138,0.05005025863647461
1605,AES,0.04840230941772461,0.05158233642578125,1730,0.04432535171508789
1605,No_Encryption,0.04637908935546875,0.03891706466674805,1378,0.04824471473693848
1606,PQC,0.05157923698425293,0.049352407455444336,3138,0.04289078712463379
1606,AES,0.044988393783569336,0.043656110763549805,1730,0.04373574256896973
1606,No_Encryption,0.053742170333862305,0.03851032257080078,1378,0.04592490196228027
1607,PQC,0.04669761657714844,0.04761457443237305,3138,0.04997515678405762
1607,AES,0.04662632942199707,0.044312238693237305,1730,0.04802393913269043
1607,No_Encryption,0.044293880462646484,0.036545753479003906,1378,0.047713518142700195
1608,PQC,0.05113506317138672,0.047693490982055664,3138,0.04389643669128418
1608,AES,0.04472017288208008,0.04473519325256348,1730,0.03847312927246094
1608,No_Encryption,0.04407382011413574,0.03563976287841797,1378,0.039159297943115234
1609,PQC,0.05445575714111328,0.04877138137817383,3138,0.04279160499572754
1609,AES,0.040069580078125,0.0427248477935791,1730,0.03689861297607422
1609,No_Encryption,0.040107011795043945,0.03608202934265137,1378,0.0397183895111084
1610,PQC,0.047133445739746094,0.04794812202453613,3138,0.03997302055358887
1610,AES,0.04830002784729004,0.040407657623291016,1730,0.038857221603393555
1610,No_Encryption,0.038374900817871094,0.035979509353637695,1378,0.043135881423950195
1611,PQC,0.048831939697265625,0.04804825782775879,3138,0.041101932525634766
1611,AES,0.04157757759094238,0.04089188575744629,1730,0.03806924819946289
1611,No_Encryption,0.041501522064208984,0.033147335052490234,1378,0.03664684295654297
1612,PQC,0.04754209518432617,0.04411578178405762,3138,0.03328561782836914
1612,AES,0.0398411750793457,0.035509586334228516,1730,0.03156280517578125
1612,No_Encryption,0.042658090591430664,0.03075408935546875,1378,0.03525710105895996
1613,PQC,0.04825878143310547,0.04401278495788574,3138,0.036948204040527344
1613,AES,0.035334110260009766,0.037845611572265625,1730,0.03552961349487305
1613,No_Encryption,0.04060029983520508,0.030438661575317383,1378,0.03296494483947754
1614,PQC,0.03998994827270508,0.03927755355834961,3138,0.0322418212890625
1614,AES,0.03429746627807617,0.0332489013671875,1730,0.0363621711730957
1614,No_Encryption,0.034424543380737305,0.029803037643432617,1378,0.038027048110961914
1615,PQC,0.043337345123291016,0.04383039474487305,3138,0.03531694412231445
1615,AES,0.043883323669433594,0.03873443603515625,1730,0.03684353828430176
1615,No_Encryption,0.03522324562072754,0.03336834907531738,1378,0.03690958023071289
1616,PQC,0.04240560531616211,0.04299592971801758,3138,0.03974127769470215
1616,AES,0.04334115982055664,0.03917217254638672,1730,0.04104256629943848
1616,No_Encryption,0.03977370262145996,0.032834768295288086,1378,0.03458976745605469
1617,PQC,0.04944801330566406,0.04198193550109863,3138,0.03946208953857422
1617,AES,0.04006838798522949,0.03724813461303711,1730,0.04111218452453613
1617,No_Encryption,0.04969668388366699,0.032486915588378906,1378,0.044074296951293945
1618,PQC,0.052028656005859375,0.04798150062561035,3138,0.03640151023864746
1618,AES,0.0397796630859375,0.04282426834106445,1730,0.04146122932434082
1618,No_Encryption,0.06057620048522949,0.03832221031188965,1378,0.04221057891845703
1619,PQC,0.04678153991699219,0.05026555061340332,3138,0.047567129135131836
1619,AES,0.049198150634765625,0.04273676872253418,1730,0.04442882537841797
1619,No_Encryption,0.043036460876464844,0.03580641746520996,1378,0.04159379005432129
1620,PQC,0.04478001594543457,0.049191951751708984,3138,0.0408787727355957
1620,AES,0.04142260551452637,0.042745351791381836,1730,0.03529763221740723
1620,No_Encryption,0.0370786190032959,0.03835248947143555,1378,0.0426785945892334
1621,PQC,0.04244518280029297,0.04360508918762207,3138,0.038010597229003906
1621,AES,0.04214906692504883,0.03570199012756348,1730,0.03890085220336914
1621,No_Encryption,0.03622770309448242,0.03328275680541992,1378,0.03948044776916504
1622,PQC,0.05272340774536133,0.04612374305725098,3138,0.03852581977844238
1622,AES,0.04607105255126953,0.04221320152282715,1730,0.03908276557922363
1622,No_Encryption,0.0479586124420166,0.035634756088256836,1378,0.04285764694213867
1623,PQC,0.047716617584228516,0.04260540008544922,3138,0.04332327842712402
1623,AES,0.03964042663574219,0.04376816749572754,1730,0.037865638732910156
1623,No_Encryption,0.03458404541015625,0.03233170509338379,1378,0.04078841209411621
1624,PQC,0.046102285385131836,0.04531383514404297,3138,0.0373685359954834
1624,AES,0.03842592239379883,0.03510713577270508,1730,0.035245656967163086
1624,No_Encryption,0.03450751304626465,0.033796072006225586,1378,0.03377175331115723
1625,PQC,0.04514122009277344,0.03983950614929199,3138,0.03659486770629883
1625,AES,0.034366607666015625,0.03242826461791992,1730,0.03499484062194824
1625,No_Encryption,0.03461623191833496,0.029563426971435547,1378,0.03261137008666992
1626,PQC,0.04152655601501465,0.03724503517150879,3138,0.03464698791503906
1626,AES,0.0350949764251709,0.03446650505065918,1730,0.03451108932495117
1626,No_Encryption,0.03681230545043945,0.03127765655517578,1378,0.03502225875854492
1627,PQC,0.03961515426635742,0.03795003890991211,3138,0.03257441520690918
1627,AES,0.04284501075744629,0.0329434871673584,1730,0.03493928909301758
1627,No_Encryption,0.03862571716308594,0.029120683670043945,1378,0.03482961654663086
1628,PQC,0.04441261291503906,0.0375370979309082,3138,0.03151440620422363
1628,AES,0.043576955795288086,0.03265666961669922,1730,0.03452253341674805
1628,No_Encryption,0.0376889705657959,0.031131505966186523,1378,0.03557300567626953
1629,PQC,0.04693603515625,0.040636539459228516,3138,0.03620600700378418
1629,AES,0.04506802558898926,0.04182291030883789,1730,0.03540992736816406
1629,No_Encryption,0.034708261489868164,0.033319711685180664,1378,0.03642153739929199
1630,PQC,0.0668952465057373,0.0499110221862793,3138,0.03978466987609863
1630,AES,0.049559593200683594,0.03426647186279297,1730,0.036962032318115234
1630,No_Encryption,0.04282855987548828,0.03445315361022949,1378,0.039816856384277344
1631,PQC,0.05665326118469238,0.041678667068481445,3138,0.033472299575805664
1631,AES,0.03717184066772461,0.03588104248046875,1730,0.030041217803955078
1631,No_Encryption,0.0395505428314209,0.03194880485534668,1378,0.034055233001708984
1632,PQC,0.04313850402832031,0.03974795341491699,3138,0.034903764724731445
1632,AES,0.04075503349304199,0.03595399856567383,1730,0.03407454490661621
1632,No_Encryption,0.03803277015686035,0.03155374526977539,1378,0.033296823501586914
1633,PQC,0.051439523696899414,0.03759908676147461,3138,0.03258562088012695
1633,AES,0.035562753677368164,0.03193163871765137,1730,0.03186845779418945
1633,No_Encryption,0.028940200805664062,0.027233123779296875,1378,0.03387713432312012
1634,PQC,0.03898477554321289,0.038925886154174805,3138,0.033589839935302734
1634,AES,0.03194904327392578,0.03173255920410156,1730,0.03425168991088867
1634,No_Encryption,0.04103803634643555,0.030856847763061523,1378,0.03316068649291992
1635,PQC,0.04555535316467285,0.044263601303100586,3138,0.035402536392211914
1635,AES,0.03738570213317871,0.03407716751098633,1730,0.03442692756652832
1635,No_Encryption,0.03189229965209961,0.030470609664916992,1378,0.03299450874328613
1636,PQC,0.04165172576904297,0.04160785675048828,3138,0.03355574607849121
1636,AES,0.038738250732421875,0.033666133880615234,1730,0.03420376777648926
1636,No_Encryption,0.03124260902404785,0.028845787048339844,1378,0.03246259689331055
1637,PQC,0.03736567497253418,0.04033255577087402,3138,0.03442263603210449
1637,AES,0.03644847869873047,0.033777475357055664,1730,0.032996416091918945
1637,No_Encryption,0.0364530086517334,0.028395652770996094,1378,0.030521631240844727
1638,PQC,0.03776121139526367,0.0358729362487793,3138,0.03249764442443848
1638,AES,0.03551292419433594,0.0327451229095459,1730,0.033489227294921875
1638,No_Encryption,0.03197932243347168,0.030658721923828125,1378,0.03701210021972656
1639,PQC,0.040245771408081055,0.03536868095397949,3138,0.03329730033874512
1639,AES,0.03297877311706543,0.033241987228393555,1730,0.033957481384277344
1639,No_Encryption,0.031252384185791016,0.028618812561035156,1378,0.03363490104675293
1640,PQC,0.039391517639160156,0.03712201118469238,3138,0.035967111587524414
1640,AES,0.03544354438781738,0.03403878211975098,1730,0.031403303146362305
1640,No_Encryption,0.03565716743469238,0.03054356575012207,1378,0.03205251693725586
1641,PQC,0.03751230239868164,0.04025459289550781,3138,0.030727148056030273
1641,AES,0.03376054763793945,0.03432059288024902,1730,0.03400063514709473
1641,No_Encryption,0.03091883659362793,0.028031349182128906,1378,0.043174028396606445
1642,PQC,0.04651474952697754,0.042679548263549805,3138,0.03141283988952637
1642,AES,0.037871599197387695,0.03753829002380371,1730,0.0364375114440918
1642,No_Encryption,0.042009830474853516,0.030148744583129883,1378,0.03534364700317383
1643,PQC,0.04464435577392578,0.03656268119812012,3138,0.035127878189086914
1643,AES,0.03733038902282715,0.03565788269042969,1730,0.03324580192565918
1643,No_Encryption,0.03629016876220703,0.03165316581726074,1378,0.03493833541870117
1644,PQC,0.04757261276245117,0.03737783432006836,3138,0.03130149841308594
1644,AES,0.03605151176452637,0.03518176078796387,1730,0.033417701721191406
1644,No_Encryption,0.038927555084228516,0.03065633773803711,1378,0.034923553466796875
1645,PQC,0.03783845901489258,0.03691887855529785,3138,0.03329944610595703
1645,AES,0.035465240478515625,0.0321958065032959,1730,0.03347373008728027
1645,No_Encryption,0.03575539588928223,0.02844858169555664,1378,0.033754587173461914
1646,PQC,0.04262089729309082,0.03698849678039551,3138,0.033745527267456055
1646,AES,0.03183126449584961,0.03436398506164551,1730,0.03056645393371582
1646,No_Encryption,0.030783414840698242,0.029514789581298828,1378,0.03157973289489746
1647,PQC,0.04221534729003906,0.03744244575500488,3138,0.0320892333984375
1647,AES,0.03808784484863281,0.03475451469421387,1730,0.03411078453063965
1647,No_Encryption,0.030015230178833008,0.0323026180267334,1378,0.03399038314819336
1648,PQC,0.04148149490356445,0.036438703536987305,3138,0.03231334686279297
1648,AES,0.03855133056640625,0.033651113510131836,1730,0.03313922882080078
1648,No_Encryption,0.02946949005126953,0.02816152572631836,1378,0.0384829044342041
1649,PQC,0.04413771629333496,0.039415836334228516,3138,0.03459596633911133
1649,AES,0.03610825538635254,0.03555417060852051,1730,0.03399157524108887
1649,No_Encryption,0.033762454986572266,0.03007674217224121,1378,0.03377795219421387
1650,PQC,0.039232492446899414,0.0392451286315918,3138,0.03649735450744629
1650,AES,0.03481721878051758,0.038445472717285156,1730,0.0340731143951416
1650,No_Encryption,0.03194284439086914,0.028923988342285156,1378,0.03656339645385742
1651,PQC,0.04483175277709961,0.03801560401916504,3138,0.03084874153137207
1651,AES,0.03302454948425293,0.03309178352355957,1730,0.03150033950805664
1651,No_Encryption,0.030851125717163086,0.029317378997802734,1378,0.03771543502807617
1652,PQC,0.040683746337890625,0.04001474380493164,3138,0.03603649139404297
1652,AES,0.03635716438293457,0.033370018005371094,1730,0.03249382972717285
1652,No_Encryption,0.030590534210205078,0.02819514274597168,1378,0.03745889663696289
1653,PQC,0.05100560188293457,0.04111886024475098,3138,0.0329747200012207
1653,AES,0.036608219146728516,0.033745765686035156,1730,0.030574321746826172
1653,No_Encryption,0.03375983238220215,0.029291629791259766,1378,0.03343820571899414
1654,PQC,0.03893709182739258,0.04317331314086914,3138,0.03821516036987305
1654,AES,0.04174447059631348,0.03581094741821289,1730,0.03847551345825195
1654,No_Encryption,0.03452134132385254,0.032703399658203125,1378,0.036150217056274414
1655,PQC,0.045120954513549805,0.04353666305541992,3138,0.03461289405822754
1655,AES,0.047124624252319336,0.03852248191833496,1730,0.0340878963470459
1655,No_Encryption,0.03803610801696777,0.03025531768798828,1378,0.034250736236572266
1656,PQC,0.045256614685058594,0.041365861892700195,3138,0.035117387771606445
1656,AES,0.033069610595703125,0.03284859657287598,1730,0.03516340255737305
1656,No_Encryption,0.040387630462646484,0.031347036361694336,1378,0.03339409828186035
1657,PQC,0.04335355758666992,0.044181108474731445,3138,0.03799605369567871
1657,AES,0.033852577209472656,0.035454750061035156,1730,0.03363394737243652
1657,No_Encryption,0.037511348724365234,0.03228759765625,1378,0.03386068344116211
1658,PQC,0.04076409339904785,0.03998160362243652,3138,0.03767704963684082
1658,AES,0.03614091873168945,0.032618045806884766,1730,0.0327448844909668
1658,No_Encryption,0.036356210708618164,0.030708789825439453,1378,0.033915042877197266
1659,PQC,0.04022979736328125,0.038002967834472656,3138,0.03359484672546387
1659,AES,0.0389866828918457,0.03147244453430176,1730,0.03077387809753418
1659,No_Encryption,0.03258490562438965,0.029329538345336914,1378,0.03136754035949707
1660,PQC,0.04721832275390625,0.038466453552246094,3138,0.030192136764526367
1660,AES,0.03561973571777344,0.03499794006347656,1730,0.03355741500854492
1660,No_Encryption,0.035105228424072266,0.027701854705810547,1378,0.03402352333068848
1661,PQC,0.04040217399597168,0.040784597396850586,3138,0.03539848327636719
1661,AES,0.038448333740234375,0.03682899475097656,1730,0.03317975997924805
1661,No_Encryption,0.03849363327026367,0.030218839645385742,1378,0.033735036849975586
1662,PQC,0.04416775703430176,0.03873801231384277,3138,0.03464961051940918
1662,AES,0.04021167755126953,0.03345990180969238,1730,0.030659914016723633
1662,No_Encryption,0.031151294708251953,0.03057575225830078,1378,0.03627371788024902
1663,PQC,0.04317426681518555,0.04062080383300781,3138,0.03716707229614258
1663,AES,0.042096853256225586,0.03459930419921875,1730,0.03670454025268555
1663,No_Encryption,0.03129887580871582,0.03063225746154785,1378,0.03158450126647949
1664,PQC,0.0438077449798584,0.03882122039794922,3138,0.03499293327331543
1664,AES,0.03359222412109375,0.03746223449707031,1730,0.033518075942993164
1664,No_Encryption,0.03783607482910156,0.029024124145507812,1378,0.034729957580566406
1665,PQC,0.04002189636230469,0.043272972106933594,3138,0.03213095664978027
1665,AES,0.03496599197387695,0.03365588188171387,1730,0.03377246856689453
1665,No_Encryption,0.060333251953125,0.03744816780090332,1378,0.041681528091430664
1666,PQC,0.048636674880981445,0.04392576217651367,3138,0.036551475524902344
1666,AES,0.03961896896362305,0.04183363914489746,1730,0.0358729362487793
1666,No_Encryption,0.04492020606994629,0.03059530258178711,1378,0.04195833206176758
1667,PQC,0.0430910587310791,0.03884625434875488,3138,0.03313136100769043
1667,AES,0.03482866287231445,0.037653446197509766,1730,0.03562498092651367
1667,No_Encryption,0.033937692642211914,0.029680490493774414,1378,0.03549695014953613
1668,PQC,0.048033952713012695,0.0417780876159668,3138,0.03162217140197754
1668,AES,0.04279446601867676,0.03235888481140137,1730,0.034404754638671875
1668,No_Encryption,0.0356593132019043,0.030394315719604492,1378,0.03656482696533203
1669,PQC,0.0430300235748291,0.04016256332397461,3138,0.03107905387878418
1669,AES,0.04277443885803223,0.032201290130615234,1730,0.03415203094482422
1669,No_Encryption,0.03719472885131836,0.029761791229248047,1378,0.0318303108215332
1670,PQC,0.04738974571228027,0.04301142692565918,3138,0.03512978553771973
1670,AES,0.04026675224304199,0.03336524963378906,1730,0.03357386589050293
1670,No_Encryption,0.04103994369506836,0.030991554260253906,1378,0.033804893493652344
1671,PQC,0.040135860443115234,0.038146018981933594,3138,0.03314495086669922
1671,AES,0.03548312187194824,0.03723549842834473,1730,0.03316903114318848
1671,No_Encryption,0.036458730697631836,0.031485795974731445,1378,0.03357696533203125
1672,PQC,0.0426943302154541,0.0395200252532959,3138,0.03477907180786133
1672,AES,0.03440666198730469,0.03422188758850098,1730,0.032019615173339844
1672,No_Encryption,0.037300825119018555,0.030402183532714844,1378,0.03734445571899414
1673,PQC,0.0419154167175293,0.04094982147216797,3138,0.033638715744018555
1673,AES,0.037079811096191406,0.03618931770324707,1730,0.03227806091308594
1673,No_Encryption,0.03618955612182617,0.029941558837890625,1378,0.03397226333618164
1674,PQC,0.041778564453125,0.0422053337097168,3138,0.03438210487365723
1674,AES,0.03812718391418457,0.03488922119140625,1730,0.03559303283691406
1674,No_Encryption,0.03801894187927246,0.02858281135559082,1378,0.03254079818725586
1675,PQC,0.04044198989868164,0.03586125373840332,3138,0.03234577178955078
1675,AES,0.0364837646484375,0.03267359733581543,1730,0.035260915756225586
1675,No_Encryption,0.035481929779052734,0.03075695037841797,1378,0.03533744812011719
1676,PQC,0.04141378402709961,0.03830099105834961,3138,0.03556394577026367
1676,AES,0.038735389709472656,0.03797626495361328,1730,0.03662872314453125
1676,No_Encryption,0.03638601303100586,0.03255414962768555,1378,0.035712242126464844
1677,PQC,0.04659748077392578,0.036585330963134766,3138,0.03477883338928223
1677,AES,0.03414750099182129,0.037843942642211914,1730,0.044175148010253906
1677,No_Encryption,0.042066335678100586,0.03833270072937012,1378,0.04106473922729492
1678,PQC,0.043250083923339844,0.0422968864440918,3138,0.03824186325073242
1678,AES,0.043365478515625,0.03806281089782715,1730,0.03512835502624512
1678,No_Encryption,0.0397491455078125,0.03268861770629883,1378,0.03925156593322754
1679,PQC,0.04954242706298828,0.04163026809692383,3138,0.03451871871948242
1679,AES,0.03990602493286133,0.03624081611633301,1730,0.034715890884399414
1679,No_Encryption,0.038013458251953125,0.03163719177246094,1378,0.03638410568237305
1680,PQC,0.04354381561279297,0.04278254508972168,3138,0.03537154197692871
1680,AES,0.03835415840148926,0.035980939865112305,1730,0.034764766693115234
1680,No_Encryption,0.03284120559692383,0.030904531478881836,1378,0.034258365631103516
1681,PQC,0.04487276077270508,0.052702903747558594,3138,0.03243112564086914
1681,AES,0.03312325477600098,0.030632734298706055,1730,0.03172111511230469
1681,No_Encryption,0.0354762077331543,0.028528690338134766,1378,0.03301286697387695
1682,PQC,0.03994297981262207,0.04118084907531738,3138,0.032300472259521484
1682,AES,0.03953981399536133,0.0341341495513916,1730,0.0328218936920166
1682,No_Encryption,0.036211252212524414,0.03165435791015625,1378,0.03318977355957031
1683,PQC,0.04275321960449219,0.03722882270812988,3138,0.031672000885009766
1683,AES,0.038465261459350586,0.03513383865356445,1730,0.03890657424926758
1683,No_Encryption,0.03629326820373535,0.03338050842285156,1378,0.033846378326416016
1684,PQC,0.04657459259033203,0.03895401954650879,3138,0.03647494316101074
1684,AES,0.04245138168334961,0.0349886417388916,1730,0.03696298599243164
1684,No_Encryption,0.030146121978759766,0.03126263618469238,1378,0.034287452697753906
1685,PQC,0.047200679779052734,0.039620399475097656,3138,0.03492593765258789
1685,AES,0.036263465881347656,0.03422355651855469,1730,0.034802913665771484
1685,No_Encryption,0.0427708625793457,0.0326075553894043,1378,0.033966064453125
1686,PQC,0.04088258743286133,0.03970670700073242,3138,0.03525352478027344
1686,AES,0.03468585014343262,0.033722877502441406,1730,0.03343510627746582
1686,No_Encryption,0.02962207794189453,0.031725168228149414,1378,0.03513669967651367
1687,PQC,0.041248321533203125,0.039403438568115234,3138,0.035706520080566406
1687,AES,0.037595510482788086,0.03625679016113281,1730,0.03353285789489746
1687,No_Encryption,0.03390812873840332,0.028725385665893555,1378,0.034748077392578125
1688,PQC,0.04126715660095215,0.038060665130615234,3138,0.033005714416503906
1688,AES,0.03706192970275879,0.03423166275024414,1730,0.0340275764465332
1688,No_Encryption,0.03486156463623047,0.03096318244934082,1378,0.03855538368225098
1689,PQC,0.04364752769470215,0.042600393295288086,3138,0.03314566612243652
1689,AES,0.04477524757385254,0.03614068031311035,1730,0.0391535758972168
1689,No_Encryption,0.033743858337402344,0.03339791297912598,1378,0.032697439193725586
1690,PQC,0.03953695297241211,0.038095712661743164,3138,0.0323944091796875
1690,AES,0.042504072189331055,0.035947561264038086,1730,0.03334236145019531
1690,No_Encryption,0.034265995025634766,0.03419947624206543,1378,0.03471112251281738
1691,PQC,0.0398249626159668,0.036879777908325195,3138,0.035643815994262695
1691,AES,0.036118507385253906,0.03355073928833008,1730,0.03320121765136719
1691,No_Encryption,0.03676748275756836,0.029592275619506836,1378,0.03425097465515137
1692,PQC,0.04617643356323242,0.035575151443481445,3138,0.03562307357788086
1692,AES,0.03485679626464844,0.03375720977783203,1730,0.03337502479553223
1692,No_Encryption,0.038605451583862305,0.030694007873535156,1378,0.032806396484375
1693,PQC,0.03821158409118652,0.038736581802368164,3138,0.033127546310424805
1693,AES,0.03393697738647461,0.03703808784484863,1730,0.033136844635009766
1693,No_Encryption,0.03575754165649414,0.029611825942993164,1378,0.03449225425720215
1694,PQC,0.04001045227050781,0.03993535041809082,3138,0.034200429916381836
1694,AES,0.03408670425415039,0.0358736515045166,1730,0.03796267509460449
1694,No_Encryption,0.035181522369384766,0.031000614166259766,1378,0.03344082832336426
1695,PQC,0.04458117485046387,0.039896488189697266,3138,0.032991886138916016
1695,AES,0.031939029693603516,0.03211569786071777,1730,0.0312807559967041
1695,No_Encryption,0.03734993934631348,0.03157186508178711,1378,0.03235816955566406
1696,PQC,0.042559146881103516,0.039125680923461914,3138,0.03841090202331543
1696,AES,0.037709712982177734,0.034548044204711914,1730,0.03424549102783203
1696,No_Encryption,0.03607821464538574,0.03261423110961914,1378,0.036289215087890625
1697,PQC,0.041473388671875,0.04056668281555176,3138,0.030367374420166016
1697,AES,0.03326678276062012,0.03203463554382324,1730,0.034743547439575195
1697,No_Encryption,0.03080129623413086,0.028865814208984375,1378,0.03239893913269043
1698,PQC,0.04323244094848633,0.03546857833862305,3138,0.033498525619506836
1698,AES,0.031699180603027344,0.031854867935180664,1730,0.031228303909301758
1698,No_Encryption,0.031008005142211914,0.02943873405456543,1378,0.0298919677734375
1699,PQC,0.039963722229003906,0.03445601463317871,3138,0.03352928161621094
1699,AES,0.036786556243896484,0.03344011306762695,1730,0.030203819274902344
1699,No_Encryption,0.03403520584106445,0.03023552894592285,1378,0.03263115882873535
1700,PQC,0.0458683967590332,0.0373227596282959,3138,0.032521963119506836
1700,AES,0.04792499542236328,0.040109872817993164,1730,0.04238581657409668
1700,No_Encryption,0.039405107498168945,0.03587174415588379,1378,0.03736996650695801
1701,PQC,0.04658198356628418,0.04344487190246582,3138,0.03608417510986328
1701,AES,0.041441917419433594,0.03406071662902832,1730,0.038030147552490234
1701,No_Encryption,0.033463478088378906,0.03093695640563965,1378,0.03637552261352539
1702,PQC,0.041411399841308594,0.03863406181335449,3138,0.0326693058013916
1702,AES,0.03264808654785156,0.03853893280029297,1730,0.035079240798950195
1702,No_Encryption,0.04032325744628906,0.03249096870422363,1378,0.03870439529418945
1703,PQC,0.040383338928222656,0.03658294677734375,3138,0.0323948860168457
1703,AES,0.046272993087768555,0.03768277168273926,1730,0.0355527400970459
1703,No_Encryption,0.03108525276184082,0.03171896934509277,1378,0.03388357162475586
1704,PQC,0.04489493370056152,0.04126739501953125,3138,0.03801870346069336
1704,AES,0.03801536560058594,0.04228687286376953,1730,0.040490150451660156
1704,No_Encryption,0.0369417667388916,0.03472161293029785,1378,0.03983449935913086
1705,PQC,0.051743268966674805,0.03970766067504883,3138,0.033521175384521484
1705,AES,0.039116621017456055,0.03378725051879883,1730,0.03305220603942871
1705,No_Encryption,0.03891563415527344,0.0355076789855957,1378,0.03284454345703125
1706,PQC,0.04312276840209961,0.0413818359375,3138,0.035166025161743164
1706,AES,0.03924155235290527,0.033411502838134766,1730,0.03274369239807129
1706,No_Encryption,0.03498363494873047,0.03241539001464844,1378,0.043413639068603516
1707,PQC,0.05266571044921875,0.04524087905883789,3138,0.041326284408569336
1707,AES,0.039469003677368164,0.03718924522399902,1730,0.03463625907897949
1707,No_Encryption,0.03734874725341797,0.03293943405151367,1378,0.03816652297973633
1708,PQC,0.04384446144104004,0.043358564376831055,3138,0.03359389305114746
1708,AES,0.036360979080200195,0.03834891319274902,1730,0.035219669342041016
1708,No_Encryption,0.036524295806884766,0.03364300727844238,1378,0.04259681701660156
1709,PQC,0.05036020278930664,0.04387784004211426,3138,0.03996157646179199
1709,AES,0.038785696029663086,0.03413033485412598,1730,0.034540414810180664
1709,No_Encryption,0.03778505325317383,0.0317540168762207,1378,0.040119171142578125
1710,PQC,0.04420757293701172,0.044399261474609375,3138,0.040148258209228516
1710,AES,0.037560462951660156,0.04106903076171875,1730,0.03594064712524414
1710,No_Encryption,0.04160451889038086,0.03087139129638672,1378,0.03803682327270508
1711,PQC,0.04434633255004883,0.04282569885253906,3138,0.03717827796936035
1711,AES,0.04342174530029297,0.03705430030822754,1730,0.03303217887878418
1711,No_Encryption,0.03343319892883301,0.03363323211669922,1378,0.03599905967712402
1712,PQC,0.06464529037475586,0.051873207092285156,3138,0.038895606994628906
1712,AES,0.04028725624084473,0.0368497371673584,1730,0.039283037185668945
1712,No_Encryption,0.044824838638305664,0.033496856689453125,1378,0.03696036338806152
1713,PQC,0.04197072982788086,0.0431513786315918,3138,0.03711700439453125
1713,AES,0.04301905632019043,0.03863954544067383,1730,0.03323769569396973
1713,No_Encryption,0.03530430793762207,0.032846689224243164,1378,0.03766942024230957
1714,PQC,0.04487180709838867,0.04232478141784668,3138,0.03442549705505371
1714,AES,0.03947281837463379,0.03201484680175781,1730,0.03256654739379883
1714,No_Encryption,0.03311038017272949,0.0301058292388916,1378,0.0382692813873291
1715,PQC,0.04008674621582031,0.03983187675476074,3138,0.0347599983215332
1715,AES,0.03711056709289551,0.037123918533325195,1730,0.030513525009155273
1715,No_Encryption,0.03853964805603027,0.02866649627685547,1378,0.03562569618225098
1716,PQC,0.04843950271606445,0.041312217712402344,3138,0.03263449668884277
1716,AES,0.037004947662353516,0.03584122657775879,1730,0.033136606216430664
1716,No_Encryption,0.032578229904174805,0.028445959091186523,1378,0.032627105712890625
1717,PQC,0.03948688507080078,0.03786826133728027,3138,0.03366827964782715
1717,AES,0.034096717834472656,0.03277015686035156,1730,0.029762983322143555
1717,No_Encryption,0.03831958770751953,0.029595613479614258,1378,0.034774065017700195
1718,PQC,0.04168581962585449,0.03627133369445801,3138,0.03550601005554199
1718,AES,0.03750276565551758,0.033476829528808594,1730,0.03501582145690918
1718,No_Encryption,0.03933596611022949,0.030401945114135742,1378,0.031304121017456055
1719,PQC,0.04432797431945801,0.04232430458068848,3138,0.03243064880371094
1719,AES,0.03287529945373535,0.031213760375976562,1730,0.030511140823364258
1719,No_Encryption,0.03264212608337402,0.02852916717529297,1378,0.03307056427001953
1720,PQC,0.03578591346740723,0.0369720458984375,3138,0.031112194061279297
1720,AES,0.033072471618652344,0.03099346160888672,1730,0.03135371208190918
1720,No_Encryption,0.034507036209106445,0.03119492530822754,1378,0.03379344940185547
1721,PQC,0.04564523696899414,0.04053759574890137,3138,0.03261852264404297
1721,AES,0.030728816986083984,0.030689477920532227,1730,0.03230690956115723
1721,No_Encryption,0.03726077079772949,0.031500816345214844,1378,0.03583240509033203
1722,PQC,0.04457998275756836,0.038431644439697266,3138,0.03436470031738281
1722,AES,0.04968404769897461,0.03427481651306152,1730,0.031397104263305664
1722,No_Encryption,0.03101491928100586,0.027327775955200195,1378,0.031008243560791016
1723,PQC,0.04377555847167969,0.04114556312561035,3138,0.030757904052734375
1723,AES,0.03648710250854492,0.035604238510131836,1730,0.03728079795837402
1723,No_Encryption,0.036048173904418945,0.029956340789794922,1378,0.03532886505126953
1724,PQC,0.03895235061645508,0.0405731201171875,3138,0.041083574295043945
1724,AES,0.03680229187011719,0.037679195404052734,1730,0.03631114959716797
1724,No_Encryption,0.04097151756286621,0.031468868255615234,1378,0.03600621223449707
1725,PQC,0.044338226318359375,0.04510664939880371,3138,0.03742241859436035
1725,AES,0.037200927734375,0.03805398941040039,1730,0.0340113639831543
1725,No_Encryption,0.03913307189941406,0.031485795974731445,1378,0.03357052803039551
1726,PQC,0.048684120178222656,0.04008889198303223,3138,0.038399696350097656
1726,AES,0.039481401443481445,0.03888225555419922,1730,0.0326690673828125
1726,No_Encryption,0.03759932518005371,0.030960798263549805,1378,0.037670135498046875
1727,PQC,0.044295310974121094,0.03692269325256348,3138,0.03146529197692871
1727,AES,0.03613924980163574,0.03644847869873047,1730,0.03469729423522949
1727,No_Encryption,0.03873920440673828,0.02916693687438965,1378,0.03187274932861328
1728,PQC,0.04022097587585449,0.03657960891723633,3138,0.033350229263305664
1728,AES,0.03798079490661621,0.03505301475524902,1730,0.03353619575500488
1728,No_Encryption,0.03737902641296387,0.030913591384887695,1378,0.03310751914978027
1729,PQC,0.03943753242492676,0.03700423240661621,3138,0.03309893608093262
1729,AES,0.04126381874084473,0.03375744819641113,1730,0.03863668441772461
1729,No_Encryption,0.03277444839477539,0.030994653701782227,1378,0.033998727798461914
1730,PQC,0.04046344757080078,0.03841876983642578,3138,0.03470921516418457
1730,AES,0.03652548789978027,0.03696131706237793,1730,0.032867431640625
1730,No_Encryption,0.033573150634765625,0.02801513671875,1378,0.03361034393310547
1731,PQC,0.04855799674987793,0.04269075393676758,3138,0.03447866439819336
1731,AES,0.044063568115234375,0.034576416015625,1730,0.03305244445800781
1731,No_Encryption,0.0352175235748291,0.031142234802246094,1378,0.0324091911315918
1732,PQC,0.04264044761657715,0.03748965263366699,3138,0.03348588943481445
1732,AES,0.03290271759033203,0.03529667854309082,1730,0.03254532814025879
1732,No_Encryption,0.03851628303527832,0.033487796783447266,1378,0.03584766387939453
1733,PQC,0.04500246047973633,0.03728199005126953,3138,0.03200840950012207
1733,AES,0.03368353843688965,0.035196542739868164,1730,0.03477048873901367
1733,No_Encryption,0.03395652770996094,0.031229019165039062,1378,0.031157255172729492
1734,PQC,0.04708552360534668,0.03825092315673828,3138,0.03211474418640137
1734,AES,0.0371251106262207,0.03379535675048828,1730,0.03748440742492676
1734,No_Encryption,0.03421282768249512,0.028692245483398438,1378,0.03295135498046875
1735,PQC,0.04353022575378418,0.04249072074890137,3138,0.03246498107910156
1735,AES,0.03466963768005371,0.03550219535827637,1730,0.03365468978881836
1735,No_Encryption,0.03769493103027344,0.03593945503234863,1378,0.03919196128845215
1736,PQC,0.044800758361816406,0.0424342155456543,3138,0.04018425941467285
1736,AES,0.03853583335876465,0.03325390815734863,1730,0.03588104248046875
1736,No_Encryption,0.036267995834350586,0.03493309020996094,1378,0.03999924659729004
1737,PQC,0.05508565902709961,0.04651689529418945,3138,0.03386497497558594
1737,AES,0.0430145263671875,0.031876325607299805,1730,0.03235650062561035
1737,No_Encryption,0.04012441635131836,0.03177833557128906,1378,0.03474783897399902
1738,PQC,0.04501914978027344,0.04334688186645508,3138,0.038413286209106445
1738,AES,0.03504538536071777,0.03360867500305176,1730,0.03229928016662598
1738,No_Encryption,0.04237627983093262,0.030754804611206055,1378,0.0364832878112793
1739,PQC,0.04301810264587402,0.03956127166748047,3138,0.032538652420043945
1739,AES,0.03345036506652832,0.0332493782043457,1730,0.036763906478881836
1739,No_Encryption,0.04124951362609863,0.029431581497192383,1378,0.040368080139160156
1740,PQC,0.045736074447631836,0.04796290397644043,3138,0.03630375862121582
1740,AES,0.036309242248535156,0.03863406181335449,1730,0.0391535758972168
1740,No_Encryption,0.04382205009460449,0.03699541091918945,1378,0.03852963447570801
1741,PQC,0.05257391929626465,0.04964590072631836,3138,0.039296627044677734
1741,AES,0.04051566123962402,0.04001307487487793,1730,0.04592418670654297
1741,No_Encryption,0.04193615913391113,0.040320396423339844,1378,0.04462933540344238
1742,PQC,0.050811767578125,0.04802227020263672,3138,0.03934597969055176
1742,AES,0.045351266860961914,0.03904533386230469,1730,0.037049293518066406
1742,No_Encryption,0.03525686264038086,0.035491943359375,1378,0.04325151443481445
1743,PQC,0.048569679260253906,0.048270463943481445,3138,0.03591585159301758
1743,AES,0.04094648361206055,0.03601360321044922,1730,0.036121368408203125
1743,No_Encryption,0.03604245185852051,0.03461647033691406,1378,0.035613298416137695
1744,PQC,0.049541473388671875,0.03945016860961914,3138,0.03367304801940918
1744,AES,0.04005551338195801,0.03653359413146973,1730,0.035485029220581055
1744,No_Encryption,0.033415794372558594,0.029524564743041992,1378,0.032505035400390625
1745,PQC,0.039515018463134766,0.04090452194213867,3138,0.03298616409301758
1745,AES,0.0350191593170166,0.03271842002868652,1730,0.03264880180358887
1745,No_Encryption,0.03278684616088867,0.028508901596069336,1378,0.0368037223815918
1746,PQC,0.04445981979370117,0.03857779502868652,3138,0.03406023979187012
1746,AES,0.041815996170043945,0.03536581993103027,1730,0.03394770622253418
1746,No_Encryption,0.05882835388183594,0.03712964057922363,1378,0.03775525093078613
1747,PQC,0.04728984832763672,0.04082679748535156,3138,0.03868508338928223
1747,AES,0.04334211349487305,0.035414934158325195,1730,0.03308534622192383
1747,No_Encryption,0.03495049476623535,0.031168699264526367,1378,0.03449654579162598
1748,PQC,0.044085025787353516,0.037900447845458984,3138,0.03429293632507324
1748,AES,0.03347301483154297,0.037470340728759766,1730,0.03256940841674805
1748,No_Encryption,0.03789091110229492,0.03108668327331543,1378,0.03383588790893555
1749,PQC,0.04887652397155762,0.04035830497741699,3138,0.036400556564331055
1749,AES,0.04369473457336426,0.038611650466918945,1730,0.03545379638671875
1749,No_Encryption,0.03670692443847656,0.029559850692749023,1378,0.03452944755554199
1750,PQC,0.04292798042297363,0.0404820442199707,3138,0.03222203254699707
1750,AES,0.03241848945617676,0.0359187126159668,1730,0.03566789627075195
1750,No_Encryption,0.04110097885131836,0.029792308807373047,1378,0.03132939338684082
1751,PQC,0.037598371505737305,0.03540611267089844,3138,0.03611278533935547
1751,AES,0.032911062240600586,0.03762102127075195,1730,0.03182411193847656
1751,No_Encryption,0.035504817962646484,0.03185439109802246,1378,0.03790092468261719
1752,PQC,0.041818857192993164,0.04238104820251465,3138,0.035280704498291016
1752,AES,0.03492116928100586,0.03788042068481445,1730,0.033239126205444336
1752,No_Encryption,0.03432130813598633,0.031205177307128906,1378,0.033283233642578125
1753,PQC,0.04389476776123047,0.04110527038574219,3138,0.03218269348144531
1753,AES,0.038481712341308594,0.03701329231262207,1730,0.03389263153076172
1753,No_Encryption,0.030044078826904297,0.030901193618774414,1378,0.032876014709472656
1754,PQC,0.04573392868041992,0.03849005699157715,3138,0.032822370529174805
1754,AES,0.03749966621398926,0.03168845176696777,1730,0.03521394729614258
1754,No_Encryption,0.038114309310913086,0.03073406219482422,1378,0.03317832946777344
1755,PQC,0.04059243202209473,0.03994107246398926,3138,0.031554460525512695
1755,AES,0.036283016204833984,0.030614852905273438,1730,0.03241682052612305
1755,No_Encryption,0.031022310256958008,0.030230283737182617,1378,0.03278326988220215
1756,PQC,0.04497981071472168,0.03719329833984375,3138,0.033104658126831055
1756,AES,0.03381633758544922,0.03330206871032715,1730,0.030414581298828125
1756,No_Encryption,0.03264164924621582,0.030124902725219727,1378,0.03681635856628418
1757,PQC,0.04332423210144043,0.03832840919494629,3138,0.03857994079589844
1757,AES,0.034646034240722656,0.03389930725097656,1730,0.03572273254394531
1757,No_Encryption,0.03479933738708496,0.03137373924255371,1378,0.0338747501373291
1758,PQC,0.03913116455078125,0.036240339279174805,3138,0.03765726089477539
1758,AES,0.05341696739196777,0.034998416900634766,1730,0.036977291107177734
1758,No_Encryption,0.03498339653015137,0.03472399711608887,1378,0.03732728958129883
1759,PQC,0.046768903732299805,0.044476985931396484,3138,0.033713340759277344
1759,AES,0.0366213321685791,0.037386417388916016,1730,0.03399300575256348
1759,No_Encryption,0.03430366516113281,0.03267979621887207,1378,0.03568625450134277
1760,PQC,0.04303407669067383,0.044739723205566406,3138,0.03421139717102051
1760,AES,0.03916287422180176,0.03479361534118652,1730,0.031853675842285156
1760,No_Encryption,0.031485557556152344,0.03141450881958008,1378,0.03806161880493164
1761,PQC,0.04425501823425293,0.041914939880371094,3138,0.03437948226928711
1761,AES,0.0373232364654541,0.034986019134521484,1730,0.03286480903625488
1761,No_Encryption,0.029712915420532227,0.02757740020751953,1378,0.03441596031188965
1762,PQC,0.04538726806640625,0.03973650932312012,3138,0.03313159942626953
1762,AES,0.03684878349304199,0.03325366973876953,1730,0.030770540237426758
1762,No_Encryption,0.029732227325439453,0.02933478355407715,1378,0.03241682052612305
1763,PQC,0.04514956474304199,0.03704380989074707,3138,0.031905412673950195
1763,AES,0.03578639030456543,0.031958580017089844,1730,0.030425310134887695
1763,No_Encryption,0.03219151496887207,0.03048396110534668,1378,0.036913394927978516
1764,PQC,0.044080495834350586,0.0387570858001709,3138,0.036356210708618164
1764,AES,0.04582381248474121,0.03726768493652344,1730,0.03569316864013672
1764,No_Encryption,0.03753781318664551,0.03544330596923828,1378,0.046919822692871094
1765,PQC,0.047824859619140625,0.04957842826843262,3138,0.04080510139465332
1765,AES,0.041941165924072266,0.03725576400756836,1730,0.04102802276611328
1765,No_Encryption,0.040926456451416016,0.033761024475097656,1378,0.03629255294799805
1766,PQC,0.04790759086608887,0.041756391525268555,3138,0.0360264778137207
1766,AES,0.036293983459472656,0.0420074462890625,1730,0.040389299392700195
1766,No_Encryption,0.03920912742614746,0.03367471694946289,1378,0.03715252876281738
1767,PQC,0.044672489166259766,0.03883028030395508,3138,0.03443789482116699
1767,AES,0.03699183464050293,0.037435054779052734,1730,0.035684823989868164
1767,No_Encryption,0.0362551212310791,0.0336761474609375,1378,0.03476595878601074
1768,PQC,0.04642295837402344,0.04069328308105469,3138,0.03490638732910156
1768,AES,0.03285384178161621,0.035744667053222656,1730,0.03209376335144043
1768,No_Encryption,0.03473830223083496,0.031108856201171875,1378,0.0312039852142334
1769,PQC,0.04168963432312012,0.0439300537109375,3138,0.03425860404968262
1769,AES,0.04492497444152832,0.03332877159118652,1730,0.03810548782348633
1769,No_Encryption,0.041417598724365234,0.029686927795410156,1378,0.03202247619628906
1770,PQC,0.04785609245300293,0.04920482635498047,3138,0.03865504264831543
1770,AES,0.04597163200378418,0.03575253486633301,1730,0.03673362731933594
1770,No_Encryption,0.03453850746154785,0.03541970252990723,1378,0.03854966163635254
1771,PQC,0.04783129692077637,0.043311357498168945,3138,0.040617942810058594
1771,AES,0.039397239685058594,0.038054466247558594,1730,0.0357820987701416
1771,No_Encryption,0.03372359275817871,0.031311988830566406,1378,0.03896284103393555
1772,PQC,0.0472104549407959,0.04352760314941406,3138,0.035262346267700195
1772,AES,0.03542661666870117,0.03879094123840332,1730,0.035973548889160156
1772,No_Encryption,0.034596920013427734,0.030589818954467773,1378,0.036221981048583984
1773,PQC,0.040674686431884766,0.037648677825927734,3138,0.035627126693725586
1773,AES,0.032525062561035156,0.032799720764160156,1730,0.03167867660522461
1773,No_Encryption,0.030466079711914062,0.030467987060546875,1378,0.033290863037109375
1774,PQC,0.04400897026062012,0.04140734672546387,3138,0.03332996368408203
1774,AES,0.03556513786315918,0.035093069076538086,1730,0.03668856620788574
1774,No_Encryption,0.034859418869018555,0.03299450874328613,1378,0.0378878116607666
1775,PQC,0.04388427734375,0.04422259330749512,3138,0.03690195083618164
1775,AES,0.04822540283203125,0.037240028381347656,1730,0.03356003761291504
1775,No_Encryption,0.04072737693786621,0.030707359313964844,1378,0.038240671157836914
1776,PQC,0.048217058181762695,0.039299726486206055,3138,0.03370070457458496
1776,AES,0.043941497802734375,0.032344818115234375,1730,0.03715682029724121
1776,No_Encryption,0.0351870059967041,0.0291748046875,1378,0.030719757080078125
1777,PQC,0.047396183013916016,0.043230533599853516,3138,0.033243656158447266
1777,AES,0.03116893768310547,0.0354769229888916,1730,0.03642702102661133
1777,No_Encryption,0.03757214546203613,0.030121803283691406,1378,0.03216743469238281
1778,PQC,0.04246973991394043,0.03904843330383301,3138,0.035375118255615234
1778,AES,0.03882145881652832,0.036911964416503906,1730,0.03394651412963867
1778,No_Encryption,0.03796100616455078,0.030242204666137695,1378,0.035103797912597656
1779,PQC,0.04201769828796387,0.04091310501098633,3138,0.032686710357666016
1779,AES,0.03470325469970703,0.03637266159057617,1730,0.03291821479797363
1779,No_Encryption,0.03842425346374512,0.03035449981689453,1378,0.03108954429626465
1780,PQC,0.040276527404785156,0.0416719913482666,3138,0.035741567611694336
1780,AES,0.0366973876953125,0.03441143035888672,1730,0.033777713775634766
1780,No_Encryption,0.04106497764587402,0.02869892120361328,1378,0.035103559494018555
1781,PQC,0.04064440727233887,0.0386812686920166,3138,0.03585004806518555
1781,AES,0.03403186798095703,0.033452510833740234,1730,0.03559708595275879
1781,No_Encryption,0.03671860694885254,0.028728246688842773,1378,0.03410458564758301
1782,PQC,0.04389166831970215,0.04039192199707031,3138,0.040784358978271484
1782,AES,0.04754638671875,0.0351567268371582,1730,0.03539586067199707
1782,No_Encryption,0.04230690002441406,0.032227516174316406,1378,0.04277634620666504
1783,PQC,0.05466008186340332,0.041357994079589844,3138,0.03609466552734375
1783,AES,0.03905797004699707,0.041448116302490234,1730,0.03424954414367676
1783,No_Encryption,0.042116403579711914,0.034560441970825195,1378,0.03758811950683594
1784,PQC,0.04325366020202637,0.04519391059875488,3138,0.03840947151184082
1784,AES,0.03863263130187988,0.03705906867980957,1730,0.03721284866333008
1784,No_Encryption,0.04156613349914551,0.031041622161865234,1378,0.033383846282958984
1785,PQC,0.04480385780334473,0.04261422157287598,3138,0.03841209411621094
1785,AES,0.03652381896972656,0.03653216361999512,1730,0.03550076484680176
1785,No_Encryption,0.038533687591552734,0.03166031837463379,1378,0.03448677062988281
1786,PQC,0.04160714149475098,0.04194808006286621,3138,0.03629875183105469
1786,AES,0.0387883186340332,0.03959345817565918,1730,0.03508710861206055
1786,No_Encryption,0.03461313247680664,0.03171682357788086,1378,0.034772634506225586
1787,PQC,0.0486600399017334,0.039502859115600586,3138,0.036539554595947266
1787,AES,0.03581595420837402,0.034725189208984375,1730,0.03516745567321777
1787,No_Encryption,0.04098105430603027,0.03116011619567871,1378,0.03438305854797363
1788,PQC,0.04987335205078125,0.047183990478515625,3138,0.03477597236633301
1788,AES,0.040796756744384766,0.03838157653808594,1730,0.03761911392211914
1788,No_Encryption,0.04352569580078125,0.030794620513916016,1378,0.03786587715148926
1789,PQC,0.05258750915527344,0.044736385345458984,3138,0.03384256362915039
1789,AES,0.040814876556396484,0.03587222099304199,1730,0.03432607650756836
1789,No_Encryption,0.03643655776977539,0.033130645751953125,1378,0.034671783447265625
1790,PQC,0.04319262504577637,0.04174327850341797,3138,0.03552365303039551
1790,AES,0.03540325164794922,0.03303980827331543,1730,0.0367274284362793
1790,No_Encryption,0.041440486907958984,0.02967071533203125,1378,0.03408050537109375
1791,PQC,0.04091954231262207,0.038315534591674805,3138,0.03781771659851074
1791,AES,0.03948068618774414,0.034507036209106445,1730,0.033333539962768555
1791,No_Encryption,0.031356096267700195,0.028310298919677734,1378,0.036093950271606445
1792,PQC,0.04752659797668457,0.0443875789642334,3138,0.03584456443786621
1792,AES,0.039788246154785156,0.0377497673034668,1730,0.037264108657836914
1792,No_Encryption,0.03699922561645508,0.03557443618774414,1378,0.03569936752319336
1793,PQC,0.04429817199707031,0.04289579391479492,3138,0.035240888595581055
1793,AES,0.05135679244995117,0.04152321815490723,1730,0.04118227958679199
1793,No_Encryption,0.056336164474487305,0.03929615020751953,1378,0.0422062873840332
1794,PQC,0.05373120307922363,0.04784440994262695,3138,0.04056715965270996
1794,AES,0.05865931510925293,0.03606867790222168,1730,0.03647875785827637
1794,No_Encryption,0.036731719970703125,0.037143707275390625,1378,0.04563474655151367
1795,PQC,0.04340171813964844,0.04402637481689453,3138,0.03953146934509277
1795,AES,0.04659533500671387,0.03923392295837402,1730,0.03789258003234863
1795,No_Encryption,0.04236149787902832,0.03548264503479004,1378,0.0399322509765625
1796,PQC,0.04425406455993652,0.04160141944885254,3138,0.03552865982055664
1796,AES,0.038184404373168945,0.04027962684631348,1730,0.03821730613708496
1796,No_Encryption,0.03649115562438965,0.03291201591491699,1378,0.03638911247253418
1797,PQC,0.048226118087768555,0.039803266525268555,3138,0.0368657112121582
1797,AES,0.04045534133911133,0.035631418228149414,1730,0.034943580627441406
1797,No_Encryption,0.04306674003601074,0.031149864196777344,1378,0.03581428527832031
1798,PQC,0.052587270736694336,0.04684782028198242,3138,0.03479146957397461
1798,AES,0.04274439811706543,0.040058135986328125,1730,0.03870368003845215
1798,No_Encryption,0.03427767753601074,0.0331876277923584,1378,0.038068532943725586
1799,PQC,0.04350137710571289,0.04143810272216797,3138,0.034319400787353516
1799,AES,0.04209709167480469,0.03675198554992676,1730,0.0348200798034668
1799,No_Encryption,0.03517723083496094,0.030958175659179688,1378,0.035990238189697266
1800,PQC,0.04378199577331543,0.04336953163146973,3138,0.03835606575012207
1800,AES,0.03498482704162598,0.03502678871154785,1730,0.03388237953186035
1800,No_Encryption,0.039679527282714844,0.03203940391540527,1378,0.03248715400695801
1801,PQC,0.039073944091796875,0.03876757621765137,3138,0.03433680534362793
1801,AES,0.04039597511291504,0.0363924503326416,1730,0.0322115421295166
1801,No_Encryption,0.036621809005737305,0.029759883880615234,1378,0.03516221046447754
1802,PQC,0.040099143981933594,0.03648638725280762,3138,0.03394794464111328
1802,AES,0.03521108627319336,0.034058332443237305,1730,0.03323698043823242
1802,No_Encryption,0.034780263900756836,0.03028273582458496,1378,0.03343820571899414
1803,PQC,0.04601883888244629,0.04267144203186035,3138,0.036824703216552734
1803,AES,0.038488149642944336,0.03770780563354492,1730,0.0354461669921875
1803,No_Encryption,0.03683018684387207,0.03209805488586426,1378,0.03564763069152832
1804,PQC,0.04289841651916504,0.03947091102600098,3138,0.03482246398925781
1804,AES,0.03934907913208008,0.029974937438964844,1730,0.03320908546447754
1804,No_Encryption,0.03040623664855957,0.02715754508972168,1378,0.03841567039489746
1805,PQC,0.04824376106262207,0.04371833801269531,3138,0.03752899169921875
1805,AES,0.04406142234802246,0.03708791732788086,1730,0.039194583892822266
1805,No_Encryption,0.03432631492614746,0.036225080490112305,1378,0.03780984878540039
1806,PQC,0.04403495788574219,0.04248666763305664,3138,0.034915924072265625
1806,AES,0.042929887771606445,0.03527688980102539,1730,0.03412365913391113
1806,No_Encryption,0.03676772117614746,0.033855438232421875,1378,0.036693572998046875
1807,PQC,0.04412364959716797,0.040845632553100586,3138,0.032209157943725586
1807,AES,0.03685164451599121,0.036437273025512695,1730,0.036487579345703125
1807,No_Encryption,0.03242826461791992,0.032829999923706055,1378,0.03596901893615723
1808,PQC,0.04251694679260254,0.04823613166809082,3138,0.03593254089355469
1808,AES,0.04357743263244629,0.03848075866699219,1730,0.034539222717285156
1808,No_Encryption,0.03335118293762207,0.03268122673034668,1378,0.036141157150268555
1809,PQC,0.04140353202819824,0.0397188663482666,3138,0.03223848342895508
1809,AES,0.03331184387207031,0.03428006172180176,1730,0.034429073333740234
1809,No_Encryption,0.041258811950683594,0.030237674713134766,1378,0.03654623031616211
1810,PQC,0.047064781188964844,0.03946828842163086,3138,0.03454732894897461
1810,AES,0.034600019454956055,0.03789997100830078,1730,0.03502011299133301
1810,No_Encryption,0.0389401912689209,0.030508041381835938,1378,0.03780245780944824
1811,PQC,0.04265737533569336,0.04156017303466797,3138,0.03614616394042969
1811,AES,0.03698325157165527,0.03486466407775879,1730,0.03253912925720215
1811,No_Encryption,0.03758668899536133,0.030672311782836914,1378,0.03352165222167969
1812,PQC,0.04131722450256348,0.03777313232421875,3138,0.0333561897277832
1812,AES,0.03491044044494629,0.03407859802246094,1730,0.033121585845947266
1812,No_Encryption,0.03434133529663086,0.030658960342407227,1378,0.03256082534790039
1813,PQC,0.0377047061920166,0.04202723503112793,3138,0.03214693069458008
1813,AES,0.03577780723571777,0.03325343132019043,1730,0.03294491767883301
1813,No_Encryption,0.03411436080932617,0.030381441116333008,1378,0.03619885444641113
1814,PQC,0.049114227294921875,0.04229903221130371,3138,0.03500843048095703
1814,AES,0.040361881256103516,0.03619074821472168,1730,0.03336954116821289
1814,No_Encryption,0.03715968132019043,0.030305862426757812,1378,0.03285551071166992
1815,PQC,0.038753509521484375,0.03920245170593262,3138,0.037668466567993164
1815,AES,0.03574252128601074,0.032943010330200195,1730,0.03291606903076172
1815,No_Encryption,0.03591775894165039,0.03211832046508789,1378,0.03475165367126465
1816,PQC,0.05305051803588867,0.03762102127075195,3138,0.03588747978210449
1816,AES,0.03774094581604004,0.03584003448486328,1730,0.03595161437988281
1816,No_Encryption,0.04019284248352051,0.036839962005615234,1378,0.03655052185058594
1817,PQC,0.05079531669616699,0.04266476631164551,3138,0.03748130798339844
1817,AES,0.03817868232727051,0.04082798957824707,1730,0.03544473648071289
1817,No_Encryption,0.03830218315124512,0.03249359130859375,1378,0.03763270378112793
1818,PQC,0.051277875900268555,0.039586782455444336,3138,0.03823995590209961
1818,AES,0.040854692459106445,0.0354771614074707,1730,0.03388404846191406
1818,No_Encryption,0.0438690185546875,0.030922651290893555,1378,0.033373117446899414
1819,PQC,0.04152655601501465,0.03973650932312012,3138,0.03489112854003906
1819,AES,0.04642438888549805,0.035338401794433594,1730,0.038904666900634766
1819,No_Encryption,0.03571510314941406,0.030353307723999023,1378,0.03416919708251953
1820,PQC,0.0533289909362793,0.040543317794799805,3138,0.03322339057922363
1820,AES,0.037622690200805664,0.03514456748962402,1730,0.03496527671813965
1820,No_Encryption,0.03639864921569824,0.029811620712280273,1378,0.0347285270690918
1821,PQC,0.04958748817443848,0.04421567916870117,3138,0.036624908447265625
1821,AES,0.03797483444213867,0.03883051872253418,1730,0.03592395782470703
1821,No_Encryption,0.03655385971069336,0.031177997589111328,1378,0.03721475601196289
1822,PQC,0.04602384567260742,0.04093146324157715,3138,0.037856101989746094
1822,AES,0.040390729904174805,0.0347135066986084,1730,0.03408074378967285
1822,No_Encryption,0.03831052780151367,0.034212350845336914,1378,0.03788042068481445
1823,PQC,0.052535295486450195,0.04160308837890625,3138,0.0368647575378418
1823,AES,0.04843282699584961,0.04170036315917969,1730,0.03760576248168945
1823,No_Encryption,0.04561924934387207,0.04178023338317871,1378,0.045148372650146484
1824,PQC,0.05833292007446289,0.05053973197937012,3138,0.04477119445800781
1824,AES,0.045639753341674805,0.04158973693847656,1730,0.04323387145996094
1824,No_Encryption,0.050200462341308594,0.04132533073425293,1378,0.04962635040283203
1825,PQC,0.06134748458862305,0.04948782920837402,3138,0.04455685615539551
1825,AES,0.042836666107177734,0.04732179641723633,1730,0.04474163055419922
1825,No_Encryption,0.0435945987701416,0.03835725784301758,1378,0.04302859306335449
1826,PQC,0.052076101303100586,0.047568559646606445,3138,0.04761242866516113
1826,AES,0.04822874069213867,0.04499983787536621,1730,0.0473942756652832
1826,No_Encryption,0.04211735725402832,0.04139876365661621,1378,0.04112052917480469
1827,PQC,0.04872751235961914,0.04473447799682617,3138,0.04206061363220215
1827,AES,0.04963421821594238,0.047414541244506836,1730,0.04624223709106445
1827,No_Encryption,0.04743003845214844,0.043396711349487305,1378,0.041468143463134766
1828,PQC,0.05879664421081543,0.04503655433654785,3138,0.04162478446960449
1828,AES,0.04166579246520996,0.041101932525634766,1730,0.04117155075073242
1828,No_Encryption,0.03960013389587402,0.035790443420410156,1378,0.03825879096984863
1829,PQC,0.0470123291015625,0.0441892147064209,3138,0.03507208824157715
1829,AES,0.04056382179260254,0.03824901580810547,1730,0.03703451156616211
1829,No_Encryption,0.035297393798828125,0.03357839584350586,1378,0.03995561599731445
1830,PQC,0.0467684268951416,0.041684865951538086,3138,0.03728675842285156
1830,AES,0.03896498680114746,0.036852359771728516,1730,0.034096479415893555
1830,No_Encryption,0.043855905532836914,0.03298330307006836,1378,0.03454923629760742
1831,PQC,0.03870749473571777,0.03609466552734375,3138,0.03424191474914551
1831,AES,0.037353515625,0.035944461822509766,1730,0.030919313430786133
1831,No_Encryption,0.030814647674560547,0.029239177703857422,1378,0.03249812126159668
1832,PQC,0.03876924514770508,0.03682565689086914,3138,0.032834768295288086
1832,AES,0.03198385238647461,0.03102254867553711,1730,0.03425908088684082
1832,No_Encryption,0.03387618064880371,0.02890920639038086,1378,0.03353166580200195
1833,PQC,0.03850722312927246,0.036081552505493164,3138,0.02983260154724121
1833,AES,0.036971330642700195,0.03268766403198242,1730,0.036016225814819336
1833,No_Encryption,0.035553693771362305,0.029021024703979492,1378,0.03135848045349121
1834,PQC,0.042140960693359375,0.04145693778991699,3138,0.03341197967529297
1834,AES,0.036244869232177734,0.033121585845947266,1730,0.034795284271240234
1834,No_Encryption,0.032758474349975586,0.02866816520690918,1378,0.03022599220275879
1835,PQC,0.038320064544677734,0.03722262382507324,3138,0.03078436851501465
1835,AES,0.03440356254577637,0.03258323669433594,1730,0.03270602226257324
1835,No_Encryption,0.036139726638793945,0.02946615219116211,1378,0.03146529197692871
1836,PQC,0.03580594062805176,0.03629279136657715,3138,0.031452178955078125
1836,AES,0.034662723541259766,0.0330960750579834,1730,0.03181934356689453
1836,No_Encryption,0.041873931884765625,0.02716231346130371,1378,0.03252553939819336
1837,PQC,0.03767991065979004,0.0367429256439209,3138,0.030057907104492188
1837,AES,0.037374019622802734,0.0326390266418457,1730,0.03227806091308594
1837,No_Encryption,0.03343963623046875,0.028919696807861328,1378,0.03199148178100586
1838,PQC,0.04033780097961426,0.04062366485595703,3138,0.03138852119445801
1838,AES,0.034029483795166016,0.033582448959350586,1730,0.03161358833312988
1838,No_Encryption,0.02985405921936035,0.029523134231567383,1378,0.03137683868408203
1839,PQC,0.037981271743774414,0.0334935188293457,3138,0.03138136863708496
1839,AES,0.031464338302612305,0.03132939338684082,1730,0.03523516654968262
1839,No_Encryption,0.04734635353088379,0.035909175872802734,1378,0.03815293312072754
1840,PQC,0.045777082443237305,0.04399609565734863,3138,0.03607797622680664
1840,AES,0.05102062225341797,0.03426241874694824,1730,0.03878283500671387
1840,No_Encryption,0.04237651824951172,0.03278684616088867,1378,0.034369468688964844
1841,PQC,0.0450749397277832,0.041918039321899414,3138,0.03190946578979492
1841,AES,0.04670071601867676,0.03382277488708496,1730,0.03383040428161621
1841,No_Encryption,0.039315223693847656,0.03144645690917969,1378,0.03592395782470703
1842,PQC,0.04236602783203125,0.038364410400390625,3138,0.03299880027770996
1842,AES,0.034055233001708984,0.03422403335571289,1730,0.03510546684265137
1842,No_Encryption,0.037934064865112305,0.031607627868652344,1378,0.03680109977722168
1843,PQC,0.04186201095581055,0.04407906532287598,3138,0.03475522994995117
1843,AES,0.03967142105102539,0.03550148010253906,1730,0.03120875358581543
1843,No_Encryption,0.0364987850189209,0.03053569793701172,1378,0.033533573150634766
1844,PQC,0.038135528564453125,0.03560829162597656,3138,0.032799720764160156
1844,AES,0.03185701370239258,0.03088688850402832,1730,0.03156733512878418
1844,No_Encryption,0.03636455535888672,0.030385971069335938,1378,0.032239675521850586
1845,PQC,0.0426487922668457,0.03480696678161621,3138,0.030942678451538086
1845,AES,0.0372159481048584,0.032488107681274414,1730,0.030753135681152344
1845,No_Encryption,0.04331374168395996,0.03016185760498047,1378,0.030403852462768555
1846,PQC,0.0400698184967041,0.03953742980957031,3138,0.030570268630981445
1846,AES,0.03397727012634277,0.03388166427612305,1730,0.031136035919189453
1846,No_Encryption,0.0326695442199707,0.028869152069091797,1378,0.03016972541809082
1847,PQC,0.04133248329162598,0.03685164451599121,3138,0.033724308013916016
1847,AES,0.0361788272857666,0.03349018096923828,1730,0.03216290473937988
1847,No_Encryption,0.03327322006225586,0.03189873695373535,1378,0.03524589538574219
1848,PQC,0.04273676872253418,0.038124799728393555,3138,0.03343987464904785
1848,AES,0.04035329818725586,0.03257155418395996,1730,0.0346221923828125
1848,No_Encryption,0.032068729400634766,0.029199600219726562,1378,0.02975606918334961
1849,PQC,0.038329362869262695,0.03574371337890625,3138,0.032250404357910156
1849,AES,0.04015851020812988,0.03405618667602539,1730,0.03435039520263672
1849,No_Encryption,0.031091928482055664,0.027771711349487305,1378,0.03157687187194824
1850,PQC,0.037368059158325195,0.03455710411071777,3138,0.03100275993347168
1850,AES,0.03245186805725098,0.03231239318847656,1730,0.029869794845581055
1850,No_Encryption,0.03782486915588379,0.028951406478881836,1378,0.033834218978881836
1851,PQC,0.043099164962768555,0.035637617111206055,3138,0.03200554847717285
1851,AES,0.03255891799926758,0.030842304229736328,1730,0.03379058837890625
1851,No_Encryption,0.030292510986328125,0.028049468994140625,1378,0.03292489051818848
1852,PQC,0.06421566009521484,0.04192304611206055,3138,0.03637576103210449
1852,AES,0.03943824768066406,0.03588533401489258,1730,0.033609628677368164
1852,No_Encryption,0.03602123260498047,0.032052040100097656,1378,0.036908864974975586
1853,PQC,0.04204583168029785,0.039273977279663086,3138,0.03140878677368164
1853,AES,0.04082083702087402,0.033738136291503906,1730,0.035468339920043945
1853,No_Encryption,0.033252716064453125,0.03092813491821289,1378,0.03308439254760742
1854,PQC,0.046277761459350586,0.0386052131652832,3138,0.034703969955444336
1854,AES,0.03975987434387207,0.03509378433227539,1730,0.03519487380981445
1854,No_Encryption,0.03690218925476074,0.02876591682434082,1378,0.03206348419189453
1855,PQC,0.04249930381774902,0.03758835792541504,3138,0.03427910804748535
1855,AES,0.037386178970336914,0.03211522102355957,1730,0.030834436416625977
1855,No_Encryption,0.03206181526184082,0.030861377716064453,1378,0.03600049018859863
1856,PQC,0.039180755615234375,0.038915157318115234,3138,0.030485868453979492
1856,AES,0.03637218475341797,0.031839609146118164,1730,0.031659603118896484
1856,No_Encryption,0.034517765045166016,0.02880120277404785,1378,0.03705263137817383
1857,PQC,0.04046630859375,0.03985238075256348,3138,0.03406977653503418
1857,AES,0.0342562198638916,0.031844139099121094,1730,0.03269195556640625
1857,No_Encryption,0.03395366668701172,0.030564069747924805,1378,0.03291440010070801
1858,PQC,0.04561924934387207,0.039745330810546875,3138,0.03137469291687012
1858,AES,0.033048391342163086,0.03211832046508789,1730,0.034587860107421875
1858,No_Encryption,0.04071187973022461,0.02990412712097168,1378,0.03642630577087402
1859,PQC,0.03891777992248535,0.0376133918762207,3138,0.030325651168823242
1859,AES,0.03429722785949707,0.0329594612121582,1730,0.03369140625
1859,No_Encryption,0.03390192985534668,0.030311107635498047,1378,0.0333254337310791
1860,PQC,0.04076743125915527,0.03716468811035156,3138,0.03244757652282715
1860,AES,0.037104129791259766,0.031250953674316406,1730,0.031513214111328125
1860,No_Encryption,0.032892465591430664,0.030416488647460938,1378,0.030968904495239258
1861,PQC,0.04071235656738281,0.03773760795593262,3138,0.03138446807861328
1861,AES,0.034639835357666016,0.03177523612976074,1730,0.03461432456970215
1861,No_Encryption,0.031471967697143555,0.028232574462890625,1378,0.031885385513305664
1862,PQC,0.04383516311645508,0.0400090217590332,3138,0.03246617317199707
1862,AES,0.03084731101989746,0.03293561935424805,1730,0.030460119247436523
1862,No_Encryption,0.02924203872680664,0.028348684310913086,1378,0.03194785118103027
1863,PQC,0.039122581481933594,0.0369260311126709,3138,0.03284573554992676
1863,AES,0.033231258392333984,0.03376340866088867,1730,0.029804229736328125
1863,No_Encryption,0.04981088638305664,0.03270411491394043,1378,0.04438972473144531
1864,PQC,0.050156354904174805,0.042873382568359375,3138,0.03487253189086914
1864,AES,0.03997945785522461,0.0394597053527832,1730,0.03405904769897461
1864,No_Encryption,0.03834056854248047,0.029817819595336914,1378,0.03288984298706055
1865,PQC,0.039418697357177734,0.03847217559814453,3138,0.031131744384765625
1865,AES,0.03500628471374512,0.03417682647705078,1730,0.031636714935302734
1865,No_Encryption,0.03406715393066406,0.029404163360595703,1378,0.03375053405761719
1866,PQC,0.04408431053161621,0.0386958122253418,3138,0.0354158878326416
1866,AES,0.03739523887634277,0.03451704978942871,1730,0.034162044525146484
1866,No_Encryption,0.030841350555419922,0.029178619384765625,1378,0.029745101928710938
1867,PQC,0.043213605880737305,0.03496074676513672,3138,0.031179428100585938
1867,AES,0.03809189796447754,0.033029794692993164,1730,0.03334164619445801
1867,No_Encryption,0.03700876235961914,0.03003692626953125,1378,0.03401541709899902
1868,PQC,0.04605746269226074,0.034776926040649414,3138,0.03032374382019043
1868,AES,0.03204846382141113,0.03274726867675781,1730,0.030961275100708008
1868,No_Encryption,0.032042741775512695,0.02771782875061035,1378,0.03159141540527344
1869,PQC,0.0427098274230957,0.040329694747924805,3138,0.03319954872131348
1869,AES,0.0343477725982666,0.035652875900268555,1730,0.03224515914916992
1869,No_Encryption,0.03534746170043945,0.0289459228515625,1378,0.034011125564575195
1870,PQC,0.03998613357543945,0.03824925422668457,3138,0.031560420989990234
1870,AES,0.03337740898132324,0.032509803771972656,1730,0.030347585678100586
1870,No_Encryption,0.03681206703186035,0.029664278030395508,1378,0.033563852310180664
1871,PQC,0.037473440170288086,0.03892064094543457,3138,0.03139925003051758
1871,AES,0.034551382064819336,0.030846595764160156,1730,0.03202223777770996
1871,No_Encryption,0.03295016288757324,0.028519153594970703,1378,0.03061366081237793
1872,PQC,0.039778947830200195,0.0395045280456543,3138,0.033657073974609375
1872,AES,0.0379335880279541,0.033019065856933594,1730,0.03149747848510742
1872,No_Encryption,0.03296375274658203,0.028188467025756836,1378,0.03253483772277832
1873,PQC,0.036512136459350586,0.036905765533447266,3138,0.030080795288085938
1873,AES,0.0329587459564209,0.029709577560424805,1730,0.03305864334106445
1873,No_Encryption,0.03197741508483887,0.028752565383911133,1378,0.03412914276123047
1874,PQC,0.043738365173339844,0.038704872131347656,3138,0.03145003318786621
1874,AES,0.036070823669433594,0.0335850715637207,1730,0.032469749450683594
1874,No_Encryption,0.03418135643005371,0.032897233963012695,1378,0.03739476203918457
1875,PQC,0.04291582107543945,0.04088139533996582,3138,0.032867431640625
1875,AES,0.03808093070983887,0.03547191619873047,1730,0.03594255447387695
1875,No_Encryption,0.03360724449157715,0.030637025833129883,1378,0.03304743766784668
1876,PQC,0.04257655143737793,0.03881669044494629,3138,0.030481576919555664
1876,AES,0.03429007530212402,0.033411264419555664,1730,0.03215980529785156
1876,No_Encryption,0.040024518966674805,0.03717398643493652,1378,0.035454750061035156
1877,PQC,0.04310464859008789,0.04106330871582031,3138,0.03628873825073242
1877,AES,0.03435206413269043,0.03394269943237305,1730,0.0355072021484375
1877,No_Encryption,0.03512239456176758,0.030315637588500977,1378,0.036234140396118164
1878,PQC,0.04619574546813965,0.044095754623413086,3138,0.034502267837524414
1878,AES,0.03567814826965332,0.03249526023864746,1730,0.03240156173706055
1878,No_Encryption,0.04325270652770996,0.03168034553527832,1378,0.03385734558105469
1879,PQC,0.03798055648803711,0.0366666316986084,3138,0.031169891357421875
1879,AES,0.03569436073303223,0.03517460823059082,1730,0.0336155891418457
1879,No_Encryption,0.03456544876098633,0.026955127716064453,1378,0.03222393989562988
1880,PQC,0.040319204330444336,0.035065412521362305,3138,0.03136134147644043
1880,AES,0.03490138053894043,0.033155202865600586,1730,0.03468942642211914
1880,No_Encryption,0.03156685829162598,0.028195619583129883,1378,0.031625986099243164
1881,PQC,0.04530787467956543,0.03704404830932617,3138,0.03145337104797363
1881,AES,0.036585092544555664,0.03210854530334473,1730,0.03201866149902344
1881,No_Encryption,0.03036665916442871,0.030070781707763672,1378,0.03632760047912598
1882,PQC,0.04090690612792969,0.03934025764465332,3138,0.03236222267150879
1882,AES,0.034613609313964844,0.033887386322021484,1730,0.03039073944091797
1882,No_Encryption,0.03429055213928223,0.027902841567993164,1378,0.03433489799499512
1883,PQC,0.042180538177490234,0.0415647029876709,3138,0.03567695617675781
1883,AES,0.0370938777923584,0.03628373146057129,1730,0.034287214279174805
1883,No_Encryption,0.03748965263366699,0.028670549392700195,1378,0.035527706146240234
1884,PQC,0.04668450355529785,0.040270328521728516,3138,0.03371715545654297
1884,AES,0.03598952293395996,0.03221774101257324,1730,0.030544519424438477
1884,No_Encryption,0.032831668853759766,0.029593944549560547,1378,0.03341221809387207
1885,PQC,0.04051017761230469,0.03736615180969238,3138,0.030395030975341797
1885,AES,0.03489184379577637,0.034654855728149414,1730,0.03607583045959473
1885,No_Encryption,0.029029130935668945,0.02822709083557129,1378,0.03193950653076172
1886,PQC,0.045829057693481445,0.038986921310424805,3138,0.032357215881347656
1886,AES,0.03377962112426758,0.03264951705932617,1730,0.033556461334228516
1886,No_Encryption,0.03615903854370117,0.030205965042114258,1378,0.033232927322387695
1887,PQC,0.040949344635009766,0.03767681121826172,3138,0.03280901908874512
1887,AES,0.04936027526855469,0.03596210479736328,1730,0.03152632713317871
1887,No_Encryption,0.031205177307128906,0.02799844741821289,1378,0.031110048294067383
1888,PQC,0.038916826248168945,0.03655719757080078,3138,0.03430819511413574
1888,AES,0.034680843353271484,0.03527426719665527,1730,0.03229093551635742
1888,No_Encryption,0.030284881591796875,0.02704167366027832,1378,0.037372589111328125
1889,PQC,0.05496335029602051,0.04275822639465332,3138,0.03779888153076172
1889,AES,0.03483271598815918,0.03372621536254883,1730,0.0330047607421875
1889,No_Encryption,0.045087337493896484,0.029267549514770508,1378,0.03407120704650879
1890,PQC,0.03964567184448242,0.04017496109008789,3138,0.03202414512634277
1890,AES,0.040834903717041016,0.033625125885009766,1730,0.031888723373413086
1890,No_Encryption,0.03648948669433594,0.028941869735717773,1378,0.031461238861083984
1891,PQC,0.0420529842376709,0.03923988342285156,3138,0.03294777870178223
1891,AES,0.032685041427612305,0.03241086006164551,1730,0.03358054161071777
1891,No_Encryption,0.03235745429992676,0.030292510986328125,1378,0.030829191207885742
1892,PQC,0.03970670700073242,0.03658461570739746,3138,0.03197145462036133
1892,AES,0.03416633605957031,0.033172607421875,1730,0.031256675720214844
1892,No_Encryption,0.032679080963134766,0.028319597244262695,1378,0.033632516860961914
1893,PQC,0.037503719329833984,0.03620624542236328,3138,0.03148484230041504
1893,AES,0.03370022773742676,0.03566336631774902,1730,0.03318905830383301
1893,No_Encryption,0.035192251205444336,0.03001570701599121,1378,0.035093069076538086
1894,PQC,0.04126572608947754,0.036389827728271484,3138,0.03201699256896973
1894,AES,0.03191065788269043,0.03366684913635254,1730,0.03178739547729492
1894,No_Encryption,0.030457258224487305,0.02779221534729004,1378,0.030638694763183594
1895,PQC,0.03891611099243164,0.03840899467468262,3138,0.03587841987609863
1895,AES,0.0327908992767334,0.030560731887817383,1730,0.03067946434020996
1895,No_Encryption,0.0386197566986084,0.0278775691986084,1378,0.033592939376831055
1896,PQC,0.045325517654418945,0.03700709342956543,3138,0.035199642181396484
1896,AES,0.03434157371520996,0.03530120849609375,1730,0.03158092498779297
1896,No_Encryption,0.039818525314331055,0.031054258346557617,1378,0.034566402435302734
1897,PQC,0.04972267150878906,0.03748178482055664,3138,0.0338129997253418
1897,AES,0.036814212799072266,0.033507347106933594,1730,0.03476881980895996
1897,No_Encryption,0.033586978912353516,0.030617237091064453,1378,0.03423142433166504
1898,PQC,0.04106545448303223,0.04110240936279297,3138,0.03261923789978027
1898,AES,0.03621697425842285,0.034914255142211914,1730,0.03323936462402344
1898,No_Encryption,0.037505388259887695,0.0312809944152832,1378,0.03485274314880371
1899,PQC,0.040644168853759766,0.041089534759521484,3138,0.03533291816711426
1899,AES,0.03556084632873535,0.03388547897338867,1730,0.03567171096801758
1899,No_Encryption,0.035515546798706055,0.03037261962890625,1378,0.036057233810424805
1900,PQC,0.04011988639831543,0.0398406982421875,3138,0.03145599365234375
1900,AES,0.03522920608520508,0.0337069034576416,1730,0.0327305793762207
1900,No_Encryption,0.037698984146118164,0.029991626739501953,1378,0.03847980499267578
1901,PQC,0.04065203666687012,0.040526628494262695,3138,0.030464649200439453
1901,AES,0.058470726013183594,0.04057049751281738,1730,0.03792929649353027
1901,No_Encryption,0.03590202331542969,0.03547048568725586,1378,0.0373537540435791
1902,PQC,0.052039146423339844,0.04442882537841797,3138,0.03737783432006836
1902,AES,0.04146575927734375,0.03486299514770508,1730,0.03575730323791504
1902,No_Encryption,0.03661370277404785,0.03238987922668457,1378,0.03921961784362793
1903,PQC,0.049700260162353516,0.04136157035827637,3138,0.03581809997558594
1903,AES,0.035611629486083984,0.03419899940490723,1730,0.03391242027282715
1903,No_Encryption,0.03526711463928223,0.03059220314025879,1378,0.0342259407043457
1904,PQC,0.04506826400756836,0.03959298133850098,3138,0.035268545150756836
1904,AES,0.03879809379577637,0.036211490631103516,1730,0.03429365158081055
1904,No_Encryption,0.03285622596740723,0.031267642974853516,1378,0.03668069839477539
1905,PQC,0.05128335952758789,0.05235099792480469,3138,0.04513907432556152
1905,AES,0.04511308670043945,0.04562783241271973,1730,0.04634690284729004
1905,No_Encryption,0.050743818283081055,0.04157900810241699,1378,0.04899120330810547
1906,PQC,0.045760154724121094,0.04755997657775879,3138,0.042284250259399414
1906,AES,0.04361414909362793,0.0417943000793457,1730,0.0451815128326416
1906,No_Encryption,0.04088473320007324,0.035892486572265625,1378,0.042456865310668945
1907,PQC,0.04862666130065918,0.044512271881103516,3138,0.040884971618652344
1907,AES,0.04233241081237793,0.04359936714172363,1730,0.042962074279785156
1907,No_Encryption,0.045003652572631836,0.03866934776306152,1378,0.036771297454833984
1908,PQC,0.04869437217712402,0.04945015907287598,3138,0.03860592842102051
1908,AES,0.04152417182922363,0.03816533088684082,1730,0.03997039794921875
1908,No_Encryption,0.03818559646606445,0.0326385498046875,1378,0.037470102310180664
1909,PQC,0.04592108726501465,0.04878354072570801,3138,0.034981489181518555
1909,AES,0.03662467002868652,0.035889387130737305,1730,0.033211469650268555
1909,No_Encryption,0.03231024742126465,0.0303194522857666,1378,0.03542518615722656
1910,PQC,0.04402470588684082,0.03901338577270508,3138,0.03298664093017578
1910,AES,0.03525900840759277,0.035429954528808594,1730,0.03411054611206055
1910,No_Encryption,0.0407712459564209,0.030575037002563477,1378,0.040462493896484375
1911,PQC,0.05237722396850586,0.03923678398132324,3138,0.0391848087310791
1911,AES,0.03609323501586914,0.03654146194458008,1730,0.03595399856567383
1911,No_Encryption,0.039507150650024414,0.032727956771850586,1378,0.03389382362365723
1912,PQC,0.045493364334106445,0.04095911979675293,3138,0.03296399116516113
1912,AES,0.03873467445373535,0.03424692153930664,1730,0.032157182693481445
1912,No_Encryption,0.034490108489990234,0.02930140495300293,1378,0.03446030616760254
1913,PQC,0.042471885681152344,0.046231746673583984,3138,0.03860187530517578
1913,AES,0.04003429412841797,0.03949785232543945,1730,0.03750300407409668
1913,No_Encryption,0.035295724868774414,0.032961130142211914,1378,0.03693890571594238
1914,PQC,0.04609274864196777,0.04316997528076172,3138,0.03486800193786621
1914,AES,0.03581428527832031,0.036513328552246094,1730,0.033704280853271484
1914,No_Encryption,0.04098916053771973,0.0339970588684082,1378,0.034813880920410156
1915,PQC,0.04194927215576172,0.04102015495300293,3138,0.03489518165588379
1915,AES,0.03792095184326172,0.036542654037475586,1730,0.03586220741271973
1915,No_Encryption,0.03316450119018555,0.030464887619018555,1378,0.03423142433166504
1916,PQC,0.05191946029663086,0.03973698616027832,3138,0.03399991989135742
1916,AES,0.0342254638671875,0.03313922882080078,1730,0.032243967056274414
1916,No_Encryption,0.03605222702026367,0.027893543243408203,1378,0.029552459716796875
1917,PQC,0.0444483757019043,0.040964365005493164,3138,0.035620927810668945
1917,AES,0.0375063419342041,0.035785675048828125,1730,0.03325629234313965
1917,No_Encryption,0.038643836975097656,0.030508756637573242,1378,0.03255510330200195
1918,PQC,0.04555034637451172,0.03835487365722656,3138,0.03263139724731445
1918,AES,0.033560991287231445,0.035291194915771484,1730,0.03400707244873047
1918,No_Encryption,0.031275272369384766,0.027991294860839844,1378,0.0350339412689209
1919,PQC,0.04701542854309082,0.0391082763671875,3138,0.03259754180908203
1919,AES,0.036185503005981445,0.034418344497680664,1730,0.033611297607421875
1919,No_Encryption,0.0341029167175293,0.028360366821289062,1378,0.03455162048339844
1920,PQC,0.04408907890319824,0.03867006301879883,3138,0.03440427780151367
1920,AES,0.03473925590515137,0.033782243728637695,1730,0.035568952560424805
1920,No_Encryption,0.03460049629211426,0.03301262855529785,1378,0.033513784408569336
1921,PQC,0.04201650619506836,0.03797340393066406,3138,0.035286664962768555
1921,AES,0.03595280647277832,0.0365908145904541,1730,0.032543182373046875
1921,No_Encryption,0.039360761642456055,0.03137540817260742,1378,0.03589630126953125
1922,PQC,0.04014277458190918,0.04208254814147949,3138,0.03271079063415527
1922,AES,0.03514671325683594,0.03162026405334473,1730,0.03305673599243164
1922,No_Encryption,0.04583382606506348,0.028684139251708984,1378,0.03415846824645996
1923,PQC,0.040178775787353516,0.04000973701477051,3138,0.033927202224731445
1923,AES,0.035433053970336914,0.034809112548828125,1730,0.03305554389953613
1923,No_Encryption,0.03609204292297363,0.030860185623168945,1378,0.03307366371154785
1924,PQC,0.04539942741394043,0.04213666915893555,3138,0.03306007385253906
1924,AES,0.039071083068847656,0.035105228424072266,1730,0.03403520584106445
1924,No_Encryption,0.037148237228393555,0.03070211410522461,1378,0.04063081741333008
1925,PQC,0.048874616622924805,0.044531822204589844,3138,0.035692453384399414
1925,AES,0.03756284713745117,0.03676438331604004,1730,0.036034584045410156
1925,No_Encryption,0.03385734558105469,0.039721012115478516,1378,0.042803287506103516
1926,PQC,0.04848814010620117,0.04779362678527832,3138,0.04116940498352051
1926,AES,0.04746580123901367,0.03952145576477051,1730,0.036992788314819336
1926,No_Encryption,0.0395655632019043,0.03540182113647461,1378,0.038179636001586914
1927,PQC,0.05101156234741211,0.04057502746582031,3138,0.03805851936340332
1927,AES,0.03922152519226074,0.040174007415771484,1730,0.034607648849487305
1927,No_Encryption,0.04518556594848633,0.033533573150634766,1378,0.03489875793457031
1928,PQC,0.04324817657470703,0.04031944274902344,3138,0.03304696083068848
1928,AES,0.03699302673339844,0.03509068489074707,1730,0.031729936599731445
1928,No_Encryption,0.039231061935424805,0.030864715576171875,1378,0.032320261001586914
1929,PQC,0.058034420013427734,0.0421299934387207,3138,0.03715991973876953
1929,AES,0.04290580749511719,0.03708958625793457,1730,0.03559613227844238
1929,No_Encryption,0.04043698310852051,0.031679630279541016,1378,0.0336148738861084
1930,PQC,0.04324173927307129,0.03962111473083496,3138,0.034430503845214844
1930,AES,0.0364377498626709,0.034288883209228516,1730,0.03591036796569824
1930,No_Encryption,0.03826475143432617,0.03264021873474121,1378,0.036897897720336914
1931,PQC,0.04321122169494629,0.04110097885131836,3138,0.03520560264587402
1931,AES,0.03577685356140137,0.034740447998046875,1730,0.03491783142089844
1931,No_Encryption,0.03739118576049805,0.02994704246520996,1378,0.03785228729248047
1932,PQC,0.052277565002441406,0.0392155647277832,3138,0.03361201286315918
1932,AES,0.043253183364868164,0.035814762115478516,1730,0.03634905815124512
1932,No_Encryption,0.041886329650878906,0.031943559646606445,1378,0.03310680389404297
1933,PQC,0.04234004020690918,0.0407106876373291,3138,0.032763004302978516
1933,AES,0.04115033149719238,0.03590583801269531,1730,0.03767681121826172
1933,No_Encryption,0.035614013671875,0.03041219711303711,1378,0.03782224655151367
1934,PQC,0.04485774040222168,0.03833603858947754,3138,0.03582406044006348
1934,AES,0.036002159118652344,0.03451704978942871,1730,0.034388065338134766
1934,No_Encryption,0.04644966125488281,0.03166556358337402,1378,0.03478646278381348
1935,PQC,0.044416189193725586,0.039385080337524414,3138,0.0346066951751709
1935,AES,0.04295754432678223,0.0350947380065918,1730,0.03867340087890625
1935,No_Encryption,0.057042837142944336,0.03774261474609375,1378,0.045763492584228516
1936,PQC,0.04790759086608887,0.04590439796447754,3138,0.03896284103393555
1936,AES,0.041094303131103516,0.04097604751586914,1730,0.04315972328186035
1936,No_Encryption,0.04074811935424805,0.03434634208679199,1378,0.038015127182006836
1937,PQC,0.05472922325134277,0.04659700393676758,3138,0.03801679611206055
1937,AES,0.0409092903137207,0.03806424140930176,1730,0.03814125061035156
1937,No_Encryption,0.039396047592163086,0.03576779365539551,1378,0.039132118225097656
1938,PQC,0.04798460006713867,0.04318499565124512,3138,0.037413597106933594
1938,AES,0.044341325759887695,0.037555694580078125,1730,0.03782510757446289
1938,No_Encryption,0.048940181732177734,0.033074140548706055,1378,0.03899717330932617
1939,PQC,0.04323720932006836,0.04068708419799805,3138,0.037915945053100586
1939,AES,0.035759687423706055,0.03960061073303223,1730,0.03402209281921387
1939,No_Encryption,0.03761100769042969,0.031998634338378906,1378,0.03598928451538086
1940,PQC,0.0562901496887207,0.04025530815124512,3138,0.030898094177246094
1940,AES,0.04294991493225098,0.037194252014160156,1730,0.034238338470458984
1940,No_Encryption,0.03589296340942383,0.032210588455200195,1378,0.0345304012298584
1941,PQC,0.041890621185302734,0.04172015190124512,3138,0.03686332702636719
1941,AES,0.03899788856506348,0.03806781768798828,1730,0.03566908836364746
1941,No_Encryption,0.0337681770324707,0.03269839286804199,1378,0.03574323654174805
1942,PQC,0.04372406005859375,0.04093146324157715,3138,0.034193992614746094
1942,AES,0.03673243522644043,0.03688216209411621,1730,0.03820395469665527
1942,No_Encryption,0.047893524169921875,0.03320956230163574,1378,0.03786277770996094
1943,PQC,0.04713320732116699,0.04326581954956055,3138,0.03496956825256348
1943,AES,0.03455328941345215,0.03762531280517578,1730,0.03609466552734375
1943,No_Encryption,0.0381622314453125,0.030721426010131836,1378,0.03566932678222656
1944,PQC,0.04505038261413574,0.04172015190124512,3138,0.034635066986083984
1944,AES,0.03953194618225098,0.03603863716125488,1730,0.036612749099731445
1944,No_Encryption,0.041169166564941406,0.03282666206359863,1378,0.037255287170410156
1945,PQC,0.04578900337219238,0.03853607177734375,3138,0.032512664794921875
1945,AES,0.03331112861633301,0.03335070610046387,1730,0.034464359283447266
1945,No_Encryption,0.034819841384887695,0.030832290649414062,1378,0.034986257553100586
1946,PQC,0.043355703353881836,0.037962913513183594,3138,0.03150796890258789
1946,AES,0.041373491287231445,0.03430366516113281,1730,0.03795456886291504
1946,No_Encryption,0.042902231216430664,0.03350043296813965,1378,0.03902578353881836
1947,PQC,0.055739402770996094,0.04606461524963379,3138,0.03832244873046875
1947,AES,0.04863119125366211,0.03716278076171875,1730,0.03616595268249512
1947,No_Encryption,0.0403897762298584,0.0323333740234375,1378,0.03692984580993652
1948,PQC,0.0510103702545166,0.039835453033447266,3138,0.03412795066833496
1948,AES,0.043060302734375,0.037691354751586914,1730,0.03743386268615723
1948,No_Encryption,0.03707456588745117,0.033109188079833984,1378,0.03301072120666504
1949,PQC,0.04111003875732422,0.03927302360534668,3138,0.03418707847595215
1949,AES,0.03887462615966797,0.032802581787109375,1730,0.033307790756225586
1949,No_Encryption,0.04077434539794922,0.031017065048217773,1378,0.03424382209777832
1950,PQC,0.04530191421508789,0.0418856143951416,3138,0.034340858459472656
1950,AES,0.0356290340423584,0.03263258934020996,1730,0.03164529800415039
1950,No_Encryption,0.03881978988647461,0.028133869171142578,1378,0.03358817100524902
1951,PQC,0.04433751106262207,0.037676095962524414,3138,0.03353381156921387
1951,AES,0.03491520881652832,0.03236985206604004,1730,0.03150653839111328
1951,No_Encryption,0.034628868103027344,0.029694080352783203,1378,0.032178640365600586
1952,PQC,0.03753185272216797,0.03561902046203613,3138,0.03295612335205078
1952,AES,0.0352170467376709,0.03509831428527832,1730,0.0331723690032959
1952,No_Encryption,0.030530691146850586,0.028946399688720703,1378,0.0345463752746582
1953,PQC,0.045835256576538086,0.03787875175476074,3138,0.030737638473510742
1953,AES,0.03280377388000488,0.03127312660217285,1730,0.03378868103027344
1953,No_Encryption,0.03505229949951172,0.03125,1378,0.03183722496032715
1954,PQC,0.043530941009521484,0.03782916069030762,3138,0.03488636016845703
1954,AES,0.03407168388366699,0.03166770935058594,1730,0.03524637222290039
1954,No_Encryption,0.03516197204589844,0.029411792755126953,1378,0.03515791893005371
1955,PQC,0.04055023193359375,0.04122447967529297,3138,0.03327012062072754
1955,AES,0.035468339920043945,0.03303098678588867,1730,0.03339672088623047
1955,No_Encryption,0.036128997802734375,0.028709888458251953,1378,0.03505206108093262
1956,PQC,0.04148221015930176,0.03918862342834473,3138,0.03022456169128418
1956,AES,0.03276324272155762,0.03170466423034668,1730,0.031592369079589844
1956,No_Encryption,0.04073596000671387,0.030791282653808594,1378,0.03319048881530762
1957,PQC,0.04073381423950195,0.04337739944458008,3138,0.035286903381347656
1957,AES,0.042740583419799805,0.03725099563598633,1730,0.03806042671203613
1957,No_Encryption,0.039232730865478516,0.034664154052734375,1378,0.0434718132019043
1958,PQC,0.04387950897216797,0.04099631309509277,3138,0.03403019905090332
1958,AES,0.03609275817871094,0.0385127067565918,1730,0.0375218391418457
1958,No_Encryption,0.03814578056335449,0.03270983695983887,1378,0.03880429267883301
1959,PQC,0.048912763595581055,0.04552578926086426,3138,0.03882002830505371
1959,AES,0.04579591751098633,0.040830135345458984,1730,0.036937713623046875
1959,No_Encryption,0.04448962211608887,0.0320134162902832,1378,0.04319500923156738
1960,PQC,0.06475424766540527,0.04595470428466797,3138,0.03911948204040527
1960,AES,0.047048330307006836,0.04304313659667969,1730,0.043287038803100586
1960,No_Encryption,0.04764533042907715,0.0395512580871582,1378,0.04198336601257324
1961,PQC,0.05551791191101074,0.04965043067932129,3138,0.04358267784118652
1961,AES,0.0519258975982666,0.04808640480041504,1730,0.040040016174316406
1961,No_Encryption,0.05033421516418457,0.0420384407043457,1378,0.05003190040588379
1962,PQC,0.05191159248352051,0.04841470718383789,3138,0.042908430099487305
1962,AES,0.04690909385681152,0.039453744888305664,1730,0.04405641555786133
1962,No_Encryption,0.03932785987854004,0.03744816780090332,1378,0.0415647029876709
1963,PQC,0.05157208442687988,0.04806399345397949,3138,0.040570974349975586
1963,AES,0.041326284408569336,0.0402374267578125,1730,0.03975558280944824
1963,No_Encryption,0.047208547592163086,0.034525156021118164,1378,0.03829479217529297
1964,PQC,0.04671072959899902,0.043607473373413086,3138,0.039011240005493164
1964,AES,0.03946995735168457,0.040869951248168945,1730,0.03855156898498535
1964,No_Encryption,0.03537154197692871,0.03314375877380371,1378,0.038468122482299805
1965,PQC,0.044951677322387695,0.04161357879638672,3138,0.03764033317565918
1965,AES,0.03872561454772949,0.037735939025878906,1730,0.03647565841674805
1965,No_Encryption,0.03702521324157715,0.03457450866699219,1378,0.040258169174194336
1966,PQC,0.045267343521118164,0.041762590408325195,3138,0.035584449768066406
1966,AES,0.036461591720581055,0.03898429870605469,1730,0.037308692932128906
1966,No_Encryption,0.036492347717285156,0.03270316123962402,1378,0.03531622886657715
1967,PQC,0.05001950263977051,0.04250669479370117,3138,0.03472137451171875
1967,AES,0.03440546989440918,0.03370022773742676,1730,0.03423023223876953
1967,No_Encryption,0.03328132629394531,0.030113697052001953,1378,0.03487849235534668
1968,PQC,0.042407989501953125,0.03699231147766113,3138,0.03271937370300293
1968,AES,0.03856539726257324,0.0338590145111084,1730,0.03333568572998047
1968,No_Encryption,0.03412151336669922,0.029958724975585938,1378,0.0345151424407959
1969,PQC,0.04216909408569336,0.04226493835449219,3138,0.03344988822937012
1969,AES,0.032738685607910156,0.03164529800415039,1730,0.029790878295898438
1969,No_Encryption,0.03610038757324219,0.029767751693725586,1378,0.033460140228271484
1970,PQC,0.050302743911743164,0.03806924819946289,3138,0.0359036922454834
1970,AES,0.04416513442993164,0.03853654861450195,1730,0.03804302215576172
1970,No_Encryption,0.03805255889892578,0.0330042839050293,1378,0.03607463836669922
1971,PQC,0.06839323043823242,0.04682779312133789,3138,0.037764549255371094
1971,AES,0.040842294692993164,0.03685712814331055,1730,0.03726363182067871
1971,No_Encryption,0.04262232780456543,0.03316473960876465,1378,0.03726315498352051
1972,PQC,0.04477047920227051,0.04239654541015625,3138,0.034722089767456055
1972,AES,0.03723645210266113,0.03666877746582031,1730,0.03374600410461426
1972,No_Encryption,0.032781362533569336,0.03165388107299805,1378,0.03490447998046875
1973,PQC,0.05193758010864258,0.03922748565673828,3138,0.03476738929748535
1973,AES,0.03442668914794922,0.03212380409240723,1730,0.03568768501281738
1973,No_Encryption,0.032987117767333984,0.02906346321105957,1378,0.03511762619018555
1974,PQC,0.04022860527038574,0.039286136627197266,3138,0.03341341018676758
1974,AES,0.042401790618896484,0.03558993339538574,1730,0.03537392616271973
1974,No_Encryption,0.039780616760253906,0.029287338256835938,1378,0.033338069915771484
1975,PQC,0.04434370994567871,0.04032182693481445,3138,0.0360560417175293
1975,AES,0.037659406661987305,0.03563070297241211,1730,0.03571748733520508
1975,No_Encryption,0.03795123100280762,0.029182910919189453,1378,0.03206348419189453
1976,PQC,0.0490412712097168,0.041225433349609375,3138,0.03435039520263672
1976,AES,0.0357666015625,0.035814523696899414,1730,0.03449821472167969
1976,No_Encryption,0.03397941589355469,0.031129121780395508,1378,0.03477978706359863
1977,PQC,0.04143404960632324,0.04499959945678711,3138,0.03377032279968262
1977,AES,0.036896467208862305,0.03706669807434082,1730,0.040467023849487305
1977,No_Encryption,0.036966800689697266,0.03162980079650879,1378,0.03846430778503418
1978,PQC,0.05080008506774902,0.04270219802856445,3138,0.03451657295227051
1978,AES,0.03873014450073242,0.035973310470581055,1730,0.031310319900512695
1978,No_Encryption,0.03709244728088379,0.03263092041015625,1378,0.039717674255371094
1979,PQC,0.0452876091003418,0.03908514976501465,3138,0.030634403228759766
1979,AES,0.034926414489746094,0.033650875091552734,1730,0.03366494178771973
1979,No_Encryption,0.04076838493347168,0.03044414520263672,1378,0.035732269287109375
1980,PQC,0.040663957595825195,0.03846383094787598,3138,0.03418922424316406
1980,AES,0.03550243377685547,0.03301429748535156,1730,0.030866384506225586
1980,No_Encryption,0.032538414001464844,0.028181076049804688,1378,0.03343510627746582
1981,PQC,0.040807247161865234,0.03994417190551758,3138,0.03249096870422363
1981,AES,0.03580904006958008,0.03320026397705078,1730,0.0346071720123291
1981,No_Encryption,0.037491798400878906,0.029407024383544922,1378,0.03606557846069336
1982,PQC,0.0409693717956543,0.03904986381530762,3138,0.03285932540893555
1982,AES,0.039073944091796875,0.03370499610900879,1730,0.03490877151489258
1982,No_Encryption,0.03614354133605957,0.030511140823364258,1378,0.034379005432128906
1983,PQC,0.04363107681274414,0.03979182243347168,3138,0.035271406173706055
1983,AES,0.03657817840576172,0.03373408317565918,1730,0.03694581985473633
1983,No_Encryption,0.03747248649597168,0.03375649452209473,1378,0.04420757293701172
1984,PQC,0.052977561950683594,0.0452876091003418,3138,0.04158926010131836
1984,AES,0.042314767837524414,0.03964948654174805,1730,0.04134654998779297
1984,No_Encryption,0.03434634208679199,0.03424525260925293,1378,0.03547358512878418
1985,PQC,0.048520803451538086,0.04246234893798828,3138,0.03721117973327637
1985,AES,0.038745880126953125,0.038048744201660156,1730,0.03677845001220703
1985,No_Encryption,0.03946971893310547,0.03383493423461914,1378,0.036922454833984375
1986,PQC,0.04300045967102051,0.040395498275756836,3138,0.03555488586425781
1986,AES,0.03808474540710449,0.036795616149902344,1730,0.033887386322021484
1986,No_Encryption,0.035523414611816406,0.03251004219055176,1378,0.03603935241699219
1987,PQC,0.044821739196777344,0.0411677360534668,3138,0.03482365608215332
1987,AES,0.04241943359375,0.035958051681518555,1730,0.03394818305969238
1987,No_Encryption,0.03235125541687012,0.032288551330566406,1378,0.037224531173706055
1988,PQC,0.04203033447265625,0.03934597969055176,3138,0.03413844108581543
1988,AES,0.036571502685546875,0.04018902778625488,1730,0.036139488220214844
1988,No_Encryption,0.03865671157836914,0.03224468231201172,1378,0.04006385803222656
1989,PQC,0.04486727714538574,0.038381099700927734,3138,0.0335087776184082
1989,AES,0.04162096977233887,0.037497758865356445,1730,0.035021066665649414
1989,No_Encryption,0.03618049621582031,0.029141664505004883,1378,0.03496718406677246
1990,PQC,0.04037070274353027,0.03923344612121582,3138,0.03320193290710449
1990,AES,0.03911995887756348,0.03871798515319824,1730,0.033670902252197266
1990,No_Encryption,0.03261995315551758,0.029348134994506836,1378,0.033753395080566406
1991,PQC,0.054683685302734375,0.04438638687133789,3138,0.0344843864440918
1991,AES,0.038984060287475586,0.035553693771362305,1730,0.038116455078125
1991,No_Encryption,0.03687930107116699,0.03350710868835449,1378,0.03786444664001465
1992,PQC,0.0427398681640625,0.038884878158569336,3138,0.031154394149780273
1992,AES,0.03655052185058594,0.03527641296386719,1730,0.035982608795166016
1992,No_Encryption,0.03859257698059082,0.03093123435974121,1378,0.0332491397857666
1993,PQC,0.03966093063354492,0.0401761531829834,3138,0.03415369987487793
1993,AES,0.035512447357177734,0.03794288635253906,1730,0.03281068801879883
1993,No_Encryption,0.039133310317993164,0.03164267539978027,1378,0.0336756706237793
1994,PQC,0.04240608215332031,0.037966012954711914,3138,0.034700870513916016
1994,AES,0.03626704216003418,0.03361868858337402,1730,0.03557324409484863
1994,No_Encryption,0.0433812141418457,0.030435562133789062,1378,0.03551769256591797
1995,PQC,0.05939292907714844,0.0481562614440918,3138,0.0378270149230957
1995,AES,0.042809486389160156,0.03776144981384277,1730,0.04033493995666504
1995,No_Encryption,0.04445147514343262,0.03407621383666992,1378,0.04061460494995117
1996,PQC,0.04651308059692383,0.04106426239013672,3138,0.036820411682128906
1996,AES,0.03966188430786133,0.04065203666687012,1730,0.040975093841552734
1996,No_Encryption,0.04302334785461426,0.03394794464111328,1378,0.043294429779052734
1997,PQC,0.04600381851196289,0.04658389091491699,3138,0.039539337158203125
1997,AES,0.040871381759643555,0.040055274963378906,1730,0.03535962104797363
1997,No_Encryption,0.0437169075012207,0.034342050552368164,1378,0.03367018699645996
1998,PQC,0.04472780227661133,0.04339456558227539,3138,0.0351712703704834
1998,AES,0.04501795768737793,0.036817073822021484,1730,0.038518428802490234
1998,No_Encryption,0.04056692123413086,0.03464198112487793,1378,0.03666186332702637
1999,PQC,0.04258108139038086,0.04268169403076172,3138,0.03478527069091797
1999,AES,0.03978729248046875,0.03580784797668457,1730,0.03596949577331543
1999,No_Encryption,0.0325469970703125,0.03251838684082031,1378,0.033415794372558594
2000,PQC,0.04238319396972656,0.03918957710266113,3138,0.033624887466430664
2000,AES,0.03569316864013672,0.03456735610961914,1730,0.03546595573425293
2000,No_Encryption,0.03643393516540527,0.03105473518371582,1378,0.035247802734375
2001,PQC,0.04516410827636719,0.043558597564697266,3138,0.0321042537689209
2001,AES,0.043129920959472656,0.035852670669555664,1730,0.03811788558959961
2001,No_Encryption,0.03508901596069336,0.03318190574645996,1378,0.037199974060058594
2002,PQC,0.045311689376831055,0.04202985763549805,3138,0.034294843673706055
2002,AES,0.0425722599029541,0.03898739814758301,1730,0.03664660453796387
2002,No_Encryption,0.03374433517456055,0.0298464298248291,1378,0.03451085090637207
2003,PQC,0.044818878173828125,0.046399593353271484,3138,0.035149574279785156
2003,AES,0.03486800193786621,0.03593754768371582,1730,0.036305904388427734
2003,No_Encryption,0.03735923767089844,0.029920578002929688,1378,0.0328373908996582
2004,PQC,0.0435795783996582,0.03780984878540039,3138,0.03454732894897461
2004,AES,0.035550832748413086,0.0336613655090332,1730,0.03724098205566406
2004,No_Encryption,0.030660152435302734,0.03292655944824219,1378,0.035175323486328125
2005,PQC,0.04381585121154785,0.0426943302154541,3138,0.035533905029296875
2005,AES,0.03656363487243652,0.0347743034362793,1730,0.03350067138671875
2005,No_Encryption,0.03243422508239746,0.03128457069396973,1378,0.034087419509887695
2006,PQC,0.041025638580322266,0.03771686553955078,3138,0.03292441368103027
2006,AES,0.03701066970825195,0.036390066146850586,1730,0.03597879409790039
2006,No_Encryption,0.03413558006286621,0.03244137763977051,1378,0.0349123477935791
2007,PQC,0.0455164909362793,0.04021644592285156,3138,0.03149867057800293
2007,AES,0.03660774230957031,0.03720259666442871,1730,0.038669586181640625
2007,No_Encryption,0.0448000431060791,0.03480792045593262,1378,0.036524057388305664
2008,PQC,0.05265331268310547,0.041202545166015625,3138,0.03671431541442871
2008,AES,0.046782493591308594,0.03599095344543457,1730,0.0362246036529541
2008,No_Encryption,0.03874373435974121,0.03512310981750488,1378,0.038306236267089844
2009,PQC,0.04878950119018555,0.04317665100097656,3138,0.037325382232666016
2009,AES,0.042086124420166016,0.03653287887573242,1730,0.04115772247314453
2009,No_Encryption,0.03591609001159668,0.0321192741394043,1378,0.04059100151062012
2010,PQC,0.04425930976867676,0.0416719913482666,3138,0.03638792037963867
2010,AES,0.042490243911743164,0.03464031219482422,1730,0.03824973106384277
2010,No_Encryption,0.038399457931518555,0.03200793266296387,1378,0.04012131690979004
2011,PQC,0.043875932693481445,0.040831804275512695,3138,0.03537559509277344
2011,AES,0.04225516319274902,0.036728858947753906,1730,0.036916255950927734
2011,No_Encryption,0.042276620864868164,0.03540468215942383,1378,0.04041695594787598
2012,PQC,0.052062034606933594,0.04443240165710449,3138,0.03819584846496582
2012,AES,0.03911161422729492,0.03731274604797363,1730,0.04051804542541504
2012,No_Encryption,0.035671234130859375,0.031301021575927734,1378,0.0381162166595459
2013,PQC,0.0448153018951416,0.04499244689941406,3138,0.03408479690551758
2013,AES,0.04129195213317871,0.03860735893249512,1730,0.03663301467895508
2013,No_Encryption,0.041397809982299805,0.03457021713256836,1378,0.03867673873901367
2014,PQC,0.05327105522155762,0.042214393615722656,3138,0.040444135665893555
2014,AES,0.040848731994628906,0.0387578010559082,1730,0.037423133850097656
2014,No_Encryption,0.03487801551818848,0.03456473350524902,1378,0.03775620460510254
2015,PQC,0.05916428565979004,0.04355931282043457,3138,0.03700423240661621
2015,AES,0.041013240814208984,0.03898215293884277,1730,0.039906978607177734
2015,No_Encryption,0.03529644012451172,0.03180360794067383,1378,0.03745627403259277
2016,PQC,0.04500102996826172,0.03950977325439453,3138,0.03368663787841797
2016,AES,0.03858208656311035,0.03589057922363281,1730,0.032912492752075195
2016,No_Encryption,0.03777956962585449,0.0319979190826416,1378,0.03589797019958496
2017,PQC,0.04338479042053223,0.04152870178222656,3138,0.03266310691833496
2017,AES,0.041460275650024414,0.03972291946411133,1730,0.03686714172363281
2017,No_Encryption,0.03762531280517578,0.031915903091430664,1378,0.03803443908691406
2018,PQC,0.04316997528076172,0.04841780662536621,3138,0.045496225357055664
2018,AES,0.04201626777648926,0.042923927307128906,1730,0.036782264709472656
2018,No_Encryption,0.037323713302612305,0.034326791763305664,1378,0.03966832160949707
2019,PQC,0.05450844764709473,0.04591202735900879,3138,0.03914046287536621
2019,AES,0.04367566108703613,0.040770769119262695,1730,0.03676724433898926
2019,No_Encryption,0.037867069244384766,0.03438615798950195,1378,0.03790903091430664
2020,PQC,0.05031228065490723,0.04224205017089844,3138,0.039587974548339844
2020,AES,0.03999137878417969,0.03949260711669922,1730,0.0340876579284668
2020,No_Encryption,0.04015851020812988,0.03473663330078125,1378,0.03495144844055176
2021,PQC,0.0439455509185791,0.04311823844909668,3138,0.03669905662536621
2021,AES,0.04630088806152344,0.03633451461791992,1730,0.03340864181518555
2021,No_Encryption,0.03830313682556152,0.03427696228027344,1378,0.03907299041748047
2022,PQC,0.048542022705078125,0.041875362396240234,3138,0.03714394569396973
2022,AES,0.044712066650390625,0.04805755615234375,1730,0.04151010513305664
2022,No_Encryption,0.03440284729003906,0.04093599319458008,1378,0.04365086555480957
2023,PQC,0.05805540084838867,0.04860353469848633,3138,0.04469728469848633
2023,AES,0.050179481506347656,0.05502510070800781,1730,0.0517725944519043
2023,No_Encryption,0.03987908363342285,0.0385894775390625,1378,0.04435253143310547
2024,PQC,0.05705523490905762,0.04955124855041504,3138,0.05086779594421387
2024,AES,0.04398679733276367,0.04469609260559082,1730,0.052668094635009766
2024,No_Encryption,0.04231834411621094,0.044920921325683594,1378,0.044762611389160156
2025,PQC,0.053759098052978516,0.06357932090759277,3138,0.04493260383605957
2025,AES,0.04549860954284668,0.05174994468688965,1730,0.041314125061035156
2025,No_Encryption,0.0406951904296875,0.03912472724914551,1378,0.0446925163269043
2026,PQC,0.050791025161743164,0.05443429946899414,3138,0.04244065284729004
2026,AES,0.04728531837463379,0.04351210594177246,1730,0.04993581771850586
2026,No_Encryption,0.047940969467163086,0.04202723503112793,1378,0.047014713287353516
2027,PQC,0.04543900489807129,0.05697488784790039,3138,0.04279041290283203
2027,AES,0.046863555908203125,0.04928946495056152,1730,0.050881385803222656
2027,No_Encryption,0.049813032150268555,0.04432058334350586,1378,0.04271078109741211
2028,PQC,0.053507089614868164,0.050391197204589844,3138,0.05156993865966797
2028,AES,0.05371236801147461,0.04591798782348633,1730,0.047942399978637695
2028,No_Encryption,0.040191650390625,0.03631401062011719,1378,0.04535555839538574
2029,PQC,0.05080008506774902,0.051888227462768555,3138,0.04419732093811035
2029,AES,0.051859378814697266,0.04833340644836426,1730,0.04666471481323242
2029,No_Encryption,0.042519569396972656,0.038931846618652344,1378,0.049272775650024414
2030,PQC,0.052629947662353516,0.05064034461975098,3138,0.045472145080566406
2030,AES,0.040015459060668945,0.04266977310180664,1730,0.044167518615722656
2030,No_Encryption,0.0468134880065918,0.04315924644470215,1378,0.041407108306884766
2031,PQC,0.04884147644042969,0.046022891998291016,3138,0.04197096824645996
2031,AES,0.04673409461975098,0.042138099670410156,1730,0.0414888858795166
2031,No_Encryption,0.037842512130737305,0.037969350814819336,1378,0.04258465766906738
2032,PQC,0.05527186393737793,0.04560089111328125,3138,0.041150808334350586
2032,AES,0.044791460037231445,0.04025626182556152,1730,0.037935733795166016
2032,No_Encryption,0.040555477142333984,0.03693056106567383,1378,0.04566454887390137
2033,PQC,0.04499673843383789,0.050173282623291016,3138,0.036881208419799805
2033,AES,0.03862333297729492,0.039354801177978516,1730,0.03925609588623047
2033,No_Encryption,0.04577803611755371,0.0336606502532959,1378,0.03827381134033203
2034,PQC,0.053095340728759766,0.04362988471984863,3138,0.03329038619995117
2034,AES,0.045290470123291016,0.03856635093688965,1730,0.03675508499145508
2034,No_Encryption,0.04895734786987305,0.030825376510620117,1378,0.0344233512878418
2035,PQC,0.04024910926818848,0.03851723670959473,3138,0.032590389251708984
2035,AES,0.03269505500793457,0.03301215171813965,1730,0.031296730041503906
2035,No_Encryption,0.031116962432861328,0.027425050735473633,1378,0.032944440841674805
2036,PQC,0.04508399963378906,0.03991127014160156,3138,0.030641555786132812
2036,AES,0.030626296997070312,0.031781673431396484,1730,0.028682231903076172
2036,No_Encryption,0.03227972984313965,0.027276039123535156,1378,0.030498027801513672
2037,PQC,0.033782958984375,0.03656768798828125,3138,0.029468774795532227
2037,AES,0.02783203125,0.02686786651611328,1730,0.029492855072021484
2037,No_Encryption,0.028003692626953125,0.027252197265625,1378,0.028606176376342773
2038,PQC,0.035768747329711914,0.03500103950500488,3138,0.02843475341796875
2038,AES,0.0294952392578125,0.029151201248168945,1730,0.027257680892944336
2038,No_Encryption,0.0272676944732666,0.025934934616088867,1378,0.02919602394104004
2039,PQC,0.035790443420410156,0.03352856636047363,3138,0.030992984771728516
2039,AES,0.03964638710021973,0.04004526138305664,1730,0.036394357681274414
2039,No_Encryption,0.032578468322753906,0.028270959854125977,1378,0.031096458435058594
2040,PQC,0.03605294227600098,0.0352020263671875,3138,0.031093835830688477
2040,AES,0.030985593795776367,0.0319516658782959,1730,0.030865192413330078
2040,No_Encryption,0.03429985046386719,0.028340578079223633,1378,0.03325796127319336
2041,PQC,0.035578250885009766,0.0331423282623291,3138,0.02895331382751465
2041,AES,0.030436992645263672,0.029069185256958008,1730,0.030970335006713867
2041,No_Encryption,0.03983116149902344,0.03166508674621582,1378,0.037780046463012695
2042,PQC,0.04919886589050293,0.04129481315612793,3138,0.037308692932128906
2042,AES,0.041701555252075195,0.03662419319152832,1730,0.034394025802612305
2042,No_Encryption,0.03442788124084473,0.030507564544677734,1378,0.03424811363220215
2043,PQC,0.03707718849182129,0.03731822967529297,3138,0.035755157470703125
2043,AES,0.030035972595214844,0.03209114074707031,1730,0.03335165977478027
2043,No_Encryption,0.036817312240600586,0.028026103973388672,1378,0.03042459487915039
2044,PQC,0.037925004959106445,0.04145479202270508,3138,0.03029322624206543
2044,AES,0.02968311309814453,0.03127431869506836,1730,0.03016948699951172
2044,No_Encryption,0.027647972106933594,0.025730133056640625,1378,0.03014683723449707
2045,PQC,0.03711247444152832,0.03564000129699707,3138,0.032276153564453125
2045,AES,0.03623390197753906,0.03380703926086426,1730,0.03246450424194336
2045,No_Encryption,0.03389692306518555,0.025532245635986328,1378,0.02947211265563965
2046,PQC,0.038173675537109375,0.033890724182128906,3138,0.028015851974487305
2046,AES,0.031317949295043945,0.032486677169799805,1730,0.029883623123168945
2046,No_Encryption,0.029166221618652344,0.02720355987548828,1378,0.031256675720214844
2047,PQC,0.03905606269836426,0.03568243980407715,3138,0.029360294342041016
2047,AES,0.03421497344970703,0.03200411796569824,1730,0.03169822692871094
2047,No_Encryption,0.02688908576965332,0.027817726135253906,1378,0.03175473213195801
2048,PQC,0.0378718376159668,0.033220767974853516,3138,0.02942061424255371
2048,AES,0.03312277793884277,0.028482437133789062,1730,0.02996516227722168
2048,No_Encryption,0.04260516166687012,0.02722787857055664,1378,0.028684616088867188
2049,PQC,0.03492403030395508,0.03330707550048828,3138,0.028157949447631836
2049,AES,0.03832101821899414,0.03091716766357422,1730,0.02755594253540039
2049,No_Encryption,0.0269927978515625,0.025744199752807617,1378,0.02860093116760254
2050,PQC,0.04167056083679199,0.03554224967956543,3138,0.030434608459472656
2050,AES,0.030776023864746094,0.029961347579956055,1730,0.028258085250854492
2050,No_Encryption,0.02946186065673828,0.02708125114440918,1378,0.030536413192749023
2051,PQC,0.039913177490234375,0.03356790542602539,3138,0.0303037166595459
2051,AES,0.028898239135742188,0.028627872467041016,1730,0.029315948486328125
2051,No_Encryption,0.031995534896850586,0.026662588119506836,1378,0.03154277801513672
2052,PQC,0.03618884086608887,0.032375335693359375,3138,0.028517723083496094
2052,AES,0.038572072982788086,0.03908252716064453,1730,0.03417658805847168
2052,No_Encryption,0.03117203712463379,0.030483007431030273,1378,0.035065412521362305
2053,PQC,0.037259578704833984,0.03736162185668945,3138,0.03236675262451172
2053,AES,0.0321345329284668,0.031516313552856445,1730,0.030126571655273438
2053,No_Encryption,0.03285813331604004,0.02734541893005371,1378,0.03168487548828125
2054,PQC,0.04694414138793945,0.03617286682128906,3138,0.03148961067199707
2054,AES,0.029745101928710938,0.02858448028564453,1730,0.029656171798706055
2054,No_Encryption,0.028349637985229492,0.02831888198852539,1378,0.03033161163330078
2055,PQC,0.036278724670410156,0.03769826889038086,3138,0.03111886978149414
2055,AES,0.031914710998535156,0.029621601104736328,1730,0.0314943790435791
2055,No_Encryption,0.029765844345092773,0.026880979537963867,1378,0.030781269073486328
2056,PQC,0.04127097129821777,0.033167362213134766,3138,0.0291903018951416
2056,AES,0.030971288681030273,0.028990983963012695,1730,0.03129291534423828
2056,No_Encryption,0.028577566146850586,0.025644540786743164,1378,0.03148245811462402
2057,PQC,0.03747725486755371,0.0330805778503418,3138,0.02804732322692871
2057,AES,0.03246641159057617,0.031119823455810547,1730,0.028248071670532227
2057,No_Encryption,0.02998065948486328,0.025714635848999023,1378,0.030305862426757812
2058,PQC,0.034888267517089844,0.035608530044555664,3138,0.028312206268310547
2058,AES,0.031885385513305664,0.030518054962158203,1730,0.028944969177246094
2058,No_Encryption,0.029786348342895508,0.02610635757446289,1378,0.02846384048461914
2059,PQC,0.04407024383544922,0.03371715545654297,3138,0.029924869537353516
2059,AES,0.034055233001708984,0.032895803451538086,1730,0.02977609634399414
2059,No_Encryption,0.030763864517211914,0.027481794357299805,1378,0.031023502349853516
2060,PQC,0.03643345832824707,0.03246259689331055,3138,0.029688119888305664
2060,AES,0.03047633171081543,0.03008437156677246,1730,0.029170751571655273
2060,No_Encryption,0.02860426902770996,0.027637720108032227,1378,0.029366254806518555
2061,PQC,0.034986019134521484,0.033545732498168945,3138,0.029376506805419922
2061,AES,0.04094076156616211,0.030198335647583008,1730,0.03258109092712402
2061,No_Encryption,0.030508041381835938,0.027048826217651367,1378,0.02931952476501465
2062,PQC,0.034407854080200195,0.03552389144897461,3138,0.029975414276123047
2062,AES,0.030480384826660156,0.031024694442749023,1730,0.028784513473510742
2062,No_Encryption,0.036427974700927734,0.02721405029296875,1378,0.03154921531677246
2063,PQC,0.0357203483581543,0.03875017166137695,3138,0.03397083282470703
2063,AES,0.03669309616088867,0.02953791618347168,1730,0.03028273582458496
2063,No_Encryption,0.027455568313598633,0.025661945343017578,1378,0.030170202255249023
2064,PQC,0.03936457633972168,0.032312870025634766,3138,0.030229568481445312
2064,AES,0.03338265419006348,0.028861045837402344,1730,0.027909040451049805
2064,No_Encryption,0.03471994400024414,0.027743101119995117,1378,0.02955341339111328
2065,PQC,0.04587197303771973,0.0424649715423584,3138,0.032670021057128906
2065,AES,0.03266501426696777,0.033304452896118164,1730,0.03159213066101074
2065,No_Encryption,0.032774925231933594,0.02977156639099121,1378,0.03779888153076172
2066,PQC,0.03780412673950195,0.03669166564941406,3138,0.030993223190307617
2066,AES,0.042041778564453125,0.03083348274230957,1730,0.033529043197631836
2066,No_Encryption,0.03314352035522461,0.03096318244934082,1378,0.03678393363952637
2067,PQC,0.044078826904296875,0.0424349308013916,3138,0.0379791259765625
2067,AES,0.03881716728210449,0.03769993782043457,1730,0.04063248634338379
2067,No_Encryption,0.040177345275878906,0.033715009689331055,1378,0.03457355499267578
2068,PQC,0.04464578628540039,0.04034924507141113,3138,0.0347445011138916
2068,AES,0.03583788871765137,0.03231501579284668,1730,0.03638911247253418
2068,No_Encryption,0.030790328979492188,0.0315549373626709,1378,0.034002065658569336
2069,PQC,0.04220223426818848,0.03794384002685547,3138,0.030761241912841797
2069,AES,0.03251981735229492,0.033377647399902344,1730,0.03260946273803711
2069,No_Encryption,0.02889394760131836,0.0284271240234375,1378,0.030450105667114258
2070,PQC,0.034851789474487305,0.036492347717285156,3138,0.029590368270874023
2070,AES,0.02914142608642578,0.029349327087402344,1730,0.029921293258666992
2070,No_Encryption,0.03054952621459961,0.02603888511657715,1378,0.030327796936035156
2071,PQC,0.03538823127746582,0.033288002014160156,3138,0.028343677520751953
2071,AES,0.03288578987121582,0.03129839897155762,1730,0.030827045440673828
2071,No_Encryption,0.02899456024169922,0.027390718460083008,1378,0.030181169509887695
2072,PQC,0.03684830665588379,0.03591299057006836,3138,0.03116893768310547
2072,AES,0.03414273262023926,0.028894424438476562,1730,0.029994726181030273
2072,No_Encryption,0.029431819915771484,0.02639174461364746,1378,0.028891324996948242
2073,PQC,0.03685879707336426,0.033277273178100586,3138,0.029445648193359375
2073,AES,0.031095027923583984,0.03079676628112793,1730,0.030651330947875977
2073,No_Encryption,0.03037858009338379,0.026434898376464844,1378,0.03274345397949219
2074,PQC,0.04085993766784668,0.036017656326293945,3138,0.028002023696899414
2074,AES,0.030940532684326172,0.029829978942871094,1730,0.02976393699645996
2074,No_Encryption,0.03011035919189453,0.02740764617919922,1378,0.03303837776184082
2075,PQC,0.03675985336303711,0.03681325912475586,3138,0.03165006637573242
2075,AES,0.032296180725097656,0.030194997787475586,1730,0.030669212341308594
2075,No_Encryption,0.028818130493164062,0.0314178466796875,1378,0.030447721481323242
2076,PQC,0.04064798355102539,0.03355264663696289,3138,0.027655601501464844
2076,AES,0.030152082443237305,0.029703140258789062,1730,0.03056478500366211
2076,No_Encryption,0.03588438034057617,0.026756763458251953,1378,0.029811382293701172
2077,PQC,0.03566575050354004,0.03145432472229004,3138,0.027428150177001953
2077,AES,0.028955698013305664,0.03148508071899414,1730,0.030029296875
2077,No_Encryption,0.03612637519836426,0.028095245361328125,1378,0.030582666397094727
2078,PQC,0.03633260726928711,0.03458738327026367,3138,0.02939772605895996
2078,AES,0.04850292205810547,0.03709983825683594,1730,0.03317379951477051
2078,No_Encryption,0.03201031684875488,0.028528213500976562,1378,0.03270840644836426
2079,PQC,0.040192365646362305,0.03915715217590332,3138,0.03449368476867676
2079,AES,0.0333409309387207,0.03002452850341797,1730,0.03198885917663574
2079,No_Encryption,0.029790878295898438,0.02868032455444336,1378,0.03241372108459473
2080,PQC,0.0403590202331543,0.03608393669128418,3138,0.03156399726867676
2080,AES,0.04203009605407715,0.030557870864868164,1730,0.02896595001220703
2080,No_Encryption,0.03473949432373047,0.026502370834350586,1378,0.031094789505004883
2081,PQC,0.04012656211853027,0.03331923484802246,3138,0.03122878074645996
2081,AES,0.029659271240234375,0.030776262283325195,1730,0.02966618537902832
2081,No_Encryption,0.03717970848083496,0.0262908935546875,1378,0.030530452728271484
2082,PQC,0.036376237869262695,0.03233003616333008,3138,0.02937936782836914
2082,AES,0.0316007137298584,0.029454469680786133,1730,0.0302581787109375
2082,No_Encryption,0.03287148475646973,0.02759552001953125,1378,0.03158283233642578
2083,PQC,0.04442596435546875,0.039096832275390625,3138,0.030531883239746094
2083,AES,0.028878211975097656,0.030788183212280273,1730,0.029309749603271484
2083,No_Encryption,0.03229856491088867,0.02553868293762207,1378,0.02843761444091797
2084,PQC,0.03992199897766113,0.03319072723388672,3138,0.028263092041015625
2084,AES,0.03401350975036621,0.029132366180419922,1730,0.02823162078857422
2084,No_Encryption,0.03203868865966797,0.027167558670043945,1378,0.03031015396118164
2085,PQC,0.034133195877075195,0.0354459285736084,3138,0.03181171417236328
2085,AES,0.036554813385009766,0.03042888641357422,1730,0.031086444854736328
2085,No_Encryption,0.030749797821044922,0.026799917221069336,1378,0.02968120574951172
2086,PQC,0.03815102577209473,0.03564167022705078,3138,0.030489444732666016
2086,AES,0.027762174606323242,0.028172016143798828,1730,0.029688596725463867
2086,No_Encryption,0.0305178165435791,0.028462648391723633,1378,0.03188681602478027
2087,PQC,0.03569746017456055,0.03401589393615723,3138,0.03023982048034668
2087,AES,0.03222846984863281,0.03186535835266113,1730,0.030598878860473633
2087,No_Encryption,0.037487030029296875,0.026799917221069336,1378,0.03207588195800781
2088,PQC,0.038332462310791016,0.03376460075378418,3138,0.03150629997253418
2088,AES,0.030880212783813477,0.03518986701965332,1730,0.029393911361694336
2088,No_Encryption,0.029758453369140625,0.02972888946533203,1378,0.030639171600341797
2089,PQC,0.036446571350097656,0.03715944290161133,3138,0.029938220977783203
2089,AES,0.030673742294311523,0.03139185905456543,1730,0.030919551849365234
2089,No_Encryption,0.032642364501953125,0.02802586555480957,1378,0.03145933151245117
2090,PQC,0.041465044021606445,0.0372471809387207,3138,0.031236886978149414
2090,AES,0.0358884334564209,0.03466463088989258,1730,0.02883148193359375
2090,No_Encryption,0.030312538146972656,0.02760457992553711,1378,0.0293276309967041
2091,PQC,0.03604555130004883,0.03558182716369629,3138,0.039569854736328125
2091,AES,0.04180645942687988,0.03601503372192383,1730,0.033521175384521484
2091,No_Encryption,0.032195329666137695,0.03136444091796875,1378,0.03445696830749512
2092,PQC,0.03734564781188965,0.036933183670043945,3138,0.03102254867553711
2092,AES,0.03169894218444824,0.03357434272766113,1730,0.03640294075012207
2092,No_Encryption,0.03958272933959961,0.03127574920654297,1378,0.034130096435546875
2093,PQC,0.044222116470336914,0.04521512985229492,3138,0.03735518455505371
2093,AES,0.04513430595397949,0.03634500503540039,1730,0.03402590751647949
2093,No_Encryption,0.038458824157714844,0.030702829360961914,1378,0.03491330146789551
2094,PQC,0.042585134506225586,0.036878347396850586,3138,0.03123307228088379
2094,AES,0.03451871871948242,0.03186774253845215,1730,0.029787778854370117
2094,No_Encryption,0.035776615142822266,0.030111312866210938,1378,0.030971288681030273
2095,PQC,0.04098963737487793,0.039186954498291016,3138,0.03180360794067383
2095,AES,0.03437161445617676,0.0307619571685791,1730,0.029944181442260742
2095,No_Encryption,0.031266212463378906,0.02820873260498047,1378,0.03030538558959961
2096,PQC,0.036881208419799805,0.035030364990234375,3138,0.03155398368835449
2096,AES,0.04120755195617676,0.031245946884155273,1730,0.030515432357788086
2096,No_Encryption,0.03236651420593262,0.02968430519104004,1378,0.0315859317779541
2097,PQC,0.03867363929748535,0.03364229202270508,3138,0.027654647827148438
2097,AES,0.0365300178527832,0.029030799865722656,1730,0.029435396194458008
2097,No_Encryption,0.029364824295043945,0.02572464942932129,1378,0.02772355079650879
2098,PQC,0.03620719909667969,0.03441953659057617,3138,0.03043198585510254
2098,AES,0.03151893615722656,0.030336856842041016,1730,0.029720544815063477
2098,No_Encryption,0.03764915466308594,0.027353525161743164,1378,0.032655954360961914
2099,PQC,0.035501718521118164,0.032840728759765625,3138,0.030529022216796875
2099,AES,0.03300118446350098,0.027490854263305664,1730,0.02785325050354004
2099,No_Encryption,0.03415369987487793,0.027685165405273438,1378,0.03241133689880371
2100,PQC,0.04093480110168457,0.035045623779296875,3138,0.030748605728149414
2100,AES,0.030923128128051758,0.031149864196777344,1730,0.029482603073120117
2100,No_Encryption,0.032312631607055664,0.026708602905273438,1378,0.03097987174987793
2101,PQC,0.0354917049407959,0.03252100944519043,3138,0.0291135311126709
2101,AES,0.03068232536315918,0.02950763702392578,1730,0.031218528747558594
2101,No_Encryption,0.02913665771484375,0.026606321334838867,1378,0.03366899490356445
2102,PQC,0.03830385208129883,0.03500223159790039,3138,0.029122114181518555
2102,AES,0.033029794692993164,0.029790163040161133,1730,0.028711557388305664
2102,No_Encryption,0.03167414665222168,0.028003692626953125,1378,0.02951955795288086
2103,PQC,0.03659176826477051,0.03564262390136719,3138,0.030123233795166016
2103,AES,0.03413105010986328,0.029238224029541016,1730,0.032773733139038086
2103,No_Encryption,0.036329030990600586,0.025956153869628906,1378,0.02996540069580078
2104,PQC,0.03492856025695801,0.04248189926147461,3138,0.03620266914367676
2104,AES,0.04000449180603027,0.0355687141418457,1730,0.03301858901977539
2104,No_Encryption,0.034201622009277344,0.03168964385986328,1378,0.03476977348327637
2105,PQC,0.04083418846130371,0.038639068603515625,3138,0.03336906433105469
2105,AES,0.03543853759765625,0.03374671936035156,1730,0.03228020668029785
2105,No_Encryption,0.03045344352722168,0.029584646224975586,1378,0.03282737731933594
2106,PQC,0.041021108627319336,0.03601980209350586,3138,0.031807661056518555
2106,AES,0.03544950485229492,0.03513073921203613,1730,0.032079219818115234
2106,No_Encryption,0.03302311897277832,0.03015422821044922,1378,0.03170466423034668
2107,PQC,0.039551734924316406,0.03578376770019531,3138,0.030785799026489258
2107,AES,0.03219795227050781,0.033901214599609375,1730,0.03270149230957031
2107,No_Encryption,0.028784990310668945,0.02922368049621582,1378,0.033608198165893555
2108,PQC,0.03509926795959473,0.03734469413757324,3138,0.031797170639038086
2108,AES,0.03341841697692871,0.0318911075592041,1730,0.03112053871154785
2108,No_Encryption,0.03369879722595215,0.028307676315307617,1378,0.028829097747802734
2109,PQC,0.03877854347229004,0.043261051177978516,3138,0.031477928161621094
2109,AES,0.04144406318664551,0.03174853324890137,1730,0.033985137939453125
2109,No_Encryption,0.029006242752075195,0.027916669845581055,1378,0.029498815536499023
2110,PQC,0.034012556076049805,0.03451085090637207,3138,0.030310392379760742
2110,AES,0.03299212455749512,0.030947208404541016,1730,0.030819416046142578
2110,No_Encryption,0.03631711006164551,0.02884507179260254,1378,0.03120112419128418
2111,PQC,0.04149651527404785,0.04399299621582031,3138,0.032892704010009766
2111,AES,0.04056835174560547,0.03485751152038574,1730,0.033684730529785156
2111,No_Encryption,0.02936267852783203,0.029619216918945312,1378,0.03302431106567383
2112,PQC,0.04182696342468262,0.03574228286743164,3138,0.030264616012573242
2112,AES,0.0335693359375,0.032123565673828125,1730,0.032765865325927734
2112,No_Encryption,0.03446817398071289,0.02881455421447754,1378,0.03076648712158203
2113,PQC,0.04523277282714844,0.036580801010131836,3138,0.03240203857421875
2113,AES,0.03240084648132324,0.03050827980041504,1730,0.03041839599609375
2113,No_Encryption,0.03124523162841797,0.028410673141479492,1378,0.03204488754272461
2114,PQC,0.03988981246948242,0.036673545837402344,3138,0.028040647506713867
2114,AES,0.029358386993408203,0.030202865600585938,1730,0.031213760375976562
2114,No_Encryption,0.03021717071533203,0.025694608688354492,1378,0.02851581573486328
2115,PQC,0.034059762954711914,0.03259158134460449,3138,0.02802276611328125
2115,AES,0.028931617736816406,0.0270388126373291,1730,0.02790999412536621
2115,No_Encryption,0.03250408172607422,0.027842044830322266,1378,0.030214309692382812
2116,PQC,0.036554574966430664,0.035022735595703125,3138,0.0363006591796875
2116,AES,0.03581976890563965,0.03437209129333496,1730,0.03138375282287598
2116,No_Encryption,0.03381800651550293,0.02999091148376465,1378,0.03382301330566406
2117,PQC,0.03727006912231445,0.03607463836669922,3138,0.0342257022857666
2117,AES,0.033568382263183594,0.03271794319152832,1730,0.032079458236694336
2117,No_Encryption,0.03908586502075195,0.03066849708557129,1378,0.029692888259887695
2118,PQC,0.03663516044616699,0.03643941879272461,3138,0.03244900703430176
2118,AES,0.031873226165771484,0.03341031074523926,1730,0.031014680862426758
2118,No_Encryption,0.034984588623046875,0.028446674346923828,1378,0.03483986854553223
2119,PQC,0.044278621673583984,0.04181075096130371,3138,0.03175210952758789
2119,AES,0.041666269302368164,0.033417701721191406,1730,0.03401637077331543
2119,No_Encryption,0.03327822685241699,0.029626846313476562,1378,0.03204989433288574
2120,PQC,0.04210615158081055,0.036271095275878906,3138,0.030744314193725586
2120,AES,0.031290292739868164,0.031412601470947266,1730,0.03078746795654297
2120,No_Encryption,0.0339810848236084,0.028661251068115234,1378,0.030739545822143555
2121,PQC,0.035938262939453125,0.038277626037597656,3138,0.028807640075683594
2121,AES,0.02983999252319336,0.031187772750854492,1730,0.029532432556152344
2121,No_Encryption,0.030577659606933594,0.028113126754760742,1378,0.03439164161682129
2122,PQC,0.03386712074279785,0.0343170166015625,3138,0.0311429500579834
2122,AES,0.02940654754638672,0.02814030647277832,1730,0.0280148983001709
2122,No_Encryption,0.027281761169433594,0.026026487350463867,1378,0.030470848083496094
2123,PQC,0.03977370262145996,0.03504371643066406,3138,0.03218722343444824
2123,AES,0.03130340576171875,0.03126883506774902,1730,0.02837204933166504
2123,No_Encryption,0.028644561767578125,0.027020692825317383,1378,0.02991342544555664
2124,PQC,0.03488874435424805,0.03202319145202637,3138,0.029169321060180664
2124,AES,0.03210711479187012,0.031951189041137695,1730,0.02922797203063965
2124,No_Encryption,0.028441190719604492,0.025783538818359375,1378,0.030150651931762695
2125,PQC,0.0327916145324707,0.03310585021972656,3138,0.02780914306640625
2125,AES,0.03119182586669922,0.030768871307373047,1730,0.030065536499023438
2125,No_Encryption,0.027747392654418945,0.026755571365356445,1378,0.02854180335998535
2126,PQC,0.04044365882873535,0.03507065773010254,3138,0.029720067977905273
2126,AES,0.029822826385498047,0.03013134002685547,1730,0.02750372886657715
2126,No_Encryption,0.02922224998474121,0.02844071388244629,1378,0.03241157531738281
2127,PQC,0.03664827346801758,0.033690690994262695,3138,0.02830648422241211
2127,AES,0.031420230865478516,0.027744293212890625,1730,0.029685497283935547
2127,No_Encryption,0.028096437454223633,0.02661871910095215,1378,0.03098893165588379
2128,PQC,0.04523777961730957,0.03380084037780762,3138,0.0293734073638916
2128,AES,0.030933856964111328,0.029906511306762695,1730,0.02944159507751465
2128,No_Encryption,0.029960155487060547,0.026799917221069336,1378,0.031557321548461914
2129,PQC,0.035752058029174805,0.038271188735961914,3138,0.036733388900756836
2129,AES,0.03690648078918457,0.03256487846374512,1730,0.03411507606506348
2129,No_Encryption,0.03767728805541992,0.02706432342529297,1378,0.031024932861328125
2130,PQC,0.03737497329711914,0.03394675254821777,3138,0.029603958129882812
2130,AES,0.03141427040100098,0.03349113464355469,1730,0.030278682708740234
2130,No_Encryption,0.0309603214263916,0.028695344924926758,1378,0.03163957595825195
2131,PQC,0.035346269607543945,0.03448319435119629,3138,0.029122591018676758
2131,AES,0.032527923583984375,0.030169248580932617,1730,0.02863311767578125
2131,No_Encryption,0.027983665466308594,0.026634931564331055,1378,0.03081035614013672
2132,PQC,0.04313254356384277,0.03570365905761719,3138,0.028048276901245117
2132,AES,0.031060457229614258,0.029888391494750977,1730,0.03216147422790527
2132,No_Encryption,0.03862786293029785,0.027327775955200195,1378,0.03197741508483887
2133,PQC,0.035878896713256836,0.03852701187133789,3138,0.02979254722595215
2133,AES,0.036724090576171875,0.029788494110107422,1730,0.02803182601928711
2133,No_Encryption,0.036103010177612305,0.027618885040283203,1378,0.03123021125793457
2134,PQC,0.03687143325805664,0.03873729705810547,3138,0.030231475830078125
2134,AES,0.030718088150024414,0.03352928161621094,1730,0.03220677375793457
2134,No_Encryption,0.029675722122192383,0.028899669647216797,1378,0.03339338302612305
2135,PQC,0.039041996002197266,0.03496861457824707,3138,0.031844139099121094
2135,AES,0.04022693634033203,0.03432321548461914,1730,0.03256034851074219
2135,No_Encryption,0.03724336624145508,0.02821660041809082,1378,0.03161334991455078
2136,PQC,0.043842315673828125,0.03492403030395508,3138,0.0322725772857666
2136,AES,0.0318906307220459,0.030474424362182617,1730,0.03270411491394043
2136,No_Encryption,0.031426429748535156,0.028314590454101562,1378,0.03309321403503418
2137,PQC,0.04061579704284668,0.035672664642333984,3138,0.031477928161621094
2137,AES,0.03283977508544922,0.03160667419433594,1730,0.030390501022338867
2137,No_Encryption,0.03311038017272949,0.029425382614135742,1378,0.03395819664001465
2138,PQC,0.03919720649719238,0.03960585594177246,3138,0.030910491943359375
2138,AES,0.03722333908081055,0.031510353088378906,1730,0.0320436954498291
2138,No_Encryption,0.03174734115600586,0.02939891815185547,1378,0.03166484832763672
2139,PQC,0.03710603713989258,0.03764224052429199,3138,0.02959918975830078
2139,AES,0.03270125389099121,0.030414581298828125,1730,0.030126094818115234
2139,No_Encryption,0.03282356262207031,0.028674602508544922,1378,0.03260183334350586
2140,PQC,0.038069725036621094,0.03685164451599121,3138,0.03080439567565918
2140,AES,0.03168153762817383,0.030644893646240234,1730,0.030937910079956055
2140,No_Encryption,0.0325770378112793,0.028020143508911133,1378,0.033107757568359375
2141,PQC,0.03578948974609375,0.03378176689147949,3138,0.032805442810058594
2141,AES,0.03491806983947754,0.0334172248840332,1730,0.03337407112121582
2141,No_Encryption,0.030380725860595703,0.02959418296813965,1378,0.03223299980163574
2142,PQC,0.04272270202636719,0.034842729568481445,3138,0.03122878074645996
2142,AES,0.04185986518859863,0.030547380447387695,1730,0.034008026123046875
2142,No_Encryption,0.04158782958984375,0.036759376525878906,1378,0.04335784912109375
2143,PQC,0.04974985122680664,0.04167747497558594,3138,0.03836417198181152
2143,AES,0.0385289192199707,0.036947011947631836,1730,0.03358149528503418
2143,No_Encryption,0.03622627258300781,0.031079769134521484,1378,0.03402209281921387
2144,PQC,0.04114174842834473,0.040532588958740234,3138,0.03183770179748535
2144,AES,0.03794050216674805,0.0346684455871582,1730,0.031752824783325195
2144,No_Encryption,0.03314471244812012,0.030257463455200195,1378,0.03334164619445801
2145,PQC,0.04256153106689453,0.03687143325805664,3138,0.03375720977783203
2145,AES,0.034418344497680664,0.03493070602416992,1730,0.03139185905456543
2145,No_Encryption,0.034725189208984375,0.0286557674407959,1378,0.032213449478149414
2146,PQC,0.038781166076660156,0.0369265079498291,3138,0.03094339370727539
2146,AES,0.038469791412353516,0.03414011001586914,1730,0.03108954429626465
2146,No_Encryption,0.03036212921142578,0.02730703353881836,1378,0.030074596405029297
2147,PQC,0.0371248722076416,0.03405904769897461,3138,0.03260374069213867
2147,AES,0.031908273696899414,0.03175020217895508,1730,0.029771804809570312
2147,No_Encryption,0.028047800064086914,0.02591228485107422,1378,0.029784440994262695
2148,PQC,0.03591656684875488,0.03596997261047363,3138,0.030298471450805664
2148,AES,0.03014087677001953,0.03031015396118164,1730,0.03020763397216797
2148,No_Encryption,0.02943587303161621,0.02592015266418457,1378,0.03277134895324707
2149,PQC,0.035643815994262695,0.03404092788696289,3138,0.03218245506286621
2149,AES,0.03169393539428711,0.02986764907836914,1730,0.02931833267211914
2149,No_Encryption,0.030872106552124023,0.026330947875976562,1378,0.03137779235839844
2150,PQC,0.03472614288330078,0.03304457664489746,3138,0.02983880043029785
2150,AES,0.035076141357421875,0.03082275390625,1730,0.033651113510131836
2150,No_Encryption,0.0309598445892334,0.02689218521118164,1378,0.028690338134765625
2151,PQC,0.036940813064575195,0.03535604476928711,3138,0.029918432235717773
2151,AES,0.031128644943237305,0.03148007392883301,1730,0.0330958366394043
2151,No_Encryption,0.03051924705505371,0.0282289981842041,1378,0.030861377716064453
2152,PQC,0.041963815689086914,0.03460049629211426,3138,0.02983403205871582
2152,AES,0.03007197380065918,0.030043601989746094,1730,0.03076624870300293
2152,No_Encryption,0.033933401107788086,0.029352664947509766,1378,0.03324460983276367
2153,PQC,0.037187814712524414,0.035955190658569336,3138,0.030770063400268555
2153,AES,0.03256392478942871,0.03355121612548828,1730,0.0321192741394043
2153,No_Encryption,0.02913689613342285,0.026905536651611328,1378,0.03185915946960449
2154,PQC,0.03611350059509277,0.03551459312438965,3138,0.030616044998168945
2154,AES,0.0345005989074707,0.03405642509460449,1730,0.03369927406311035
2154,No_Encryption,0.031233549118041992,0.026227951049804688,1378,0.031033754348754883
2155,PQC,0.045928001403808594,0.04543805122375488,3138,0.033339738845825195
2155,AES,0.04055595397949219,0.03499865531921387,1730,0.03143000602722168
2155,No_Encryption,0.050553083419799805,0.03673386573791504,1378,0.03642678260803223
2156,PQC,0.04449176788330078,0.04049110412597656,3138,0.036386966705322266
2156,AES,0.039453983306884766,0.03692793846130371,1730,0.034723520278930664
2156,No_Encryption,0.03311443328857422,0.03338909149169922,1378,0.03705954551696777
2157,PQC,0.04663896560668945,0.04247593879699707,3138,0.036002159118652344
2157,AES,0.038867950439453125,0.033969879150390625,1730,0.03211569786071777
2157,No_Encryption,0.03456306457519531,0.03271675109863281,1378,0.0346219539642334
2158,PQC,0.03776431083679199,0.036460161209106445,3138,0.034316062927246094
2158,AES,0.03823494911193848,0.03713631629943848,1730,0.031594038009643555
2158,No_Encryption,0.037493228912353516,0.029577255249023438,1378,0.037700653076171875
2159,PQC,0.03689074516296387,0.03874921798706055,3138,0.033257246017456055
2159,AES,0.031942129135131836,0.031748056411743164,1730,0.0326080322265625
2159,No_Encryption,0.037390708923339844,0.02841806411743164,1378,0.03464818000793457
2160,PQC,0.039069414138793945,0.04021954536437988,3138,0.030692338943481445
2160,AES,0.03274250030517578,0.03516793251037598,1730,0.035637617111206055
2160,No_Encryption,0.030629634857177734,0.027837753295898438,1378,0.031078577041625977
2161,PQC,0.04156136512756348,0.03998827934265137,3138,0.03258061408996582
2161,AES,0.03860139846801758,0.03212594985961914,1730,0.031006336212158203
2161,No_Encryption,0.03064274787902832,0.029639005661010742,1378,0.03299593925476074
2162,PQC,0.040679216384887695,0.0411527156829834,3138,0.03191971778869629
2162,AES,0.033899784088134766,0.0323789119720459,1730,0.031356096267700195
2162,No_Encryption,0.03579258918762207,0.02862262725830078,1378,0.034465789794921875
2163,PQC,0.03841233253479004,0.037946224212646484,3138,0.030483007431030273
2163,AES,0.032181501388549805,0.03169512748718262,1730,0.029156208038330078
2163,No_Encryption,0.033235788345336914,0.029094219207763672,1378,0.0349118709564209
2164,PQC,0.04008674621582031,0.03716850280761719,3138,0.028996706008911133
2164,AES,0.033341407775878906,0.03277301788330078,1730,0.03104114532470703
2164,No_Encryption,0.030912399291992188,0.03165555000305176,1378,0.035645484924316406
2165,PQC,0.04333901405334473,0.03983306884765625,3138,0.03403162956237793
2165,AES,0.03548145294189453,0.031597137451171875,1730,0.03173518180847168
2165,No_Encryption,0.029536724090576172,0.033212900161743164,1378,0.03706240653991699
2166,PQC,0.04685044288635254,0.0381617546081543,3138,0.032151222229003906
2166,AES,0.03498649597167969,0.033351898193359375,1730,0.03162503242492676
2166,No_Encryption,0.04496645927429199,0.03141641616821289,1378,0.04072308540344238
2167,PQC,0.0445249080657959,0.04294943809509277,3138,0.03635072708129883
2167,AES,0.03762388229370117,0.03657865524291992,1730,0.03294992446899414
2167,No_Encryption,0.033265113830566406,0.0305478572845459,1378,0.03869032859802246
2168,PQC,0.03815960884094238,0.040199995040893555,3138,0.03128838539123535
2168,AES,0.03735613822937012,0.03152346611022949,1730,0.036420583724975586
2168,No_Encryption,0.033150672912597656,0.030263662338256836,1378,0.04543304443359375
2169,PQC,0.04447340965270996,0.042612314224243164,3138,0.0393826961517334
2169,AES,0.040183305740356445,0.042901039123535156,1730,0.03460288047790527
2169,No_Encryption,0.04600954055786133,0.03281688690185547,1378,0.033797264099121094
2170,PQC,0.04345512390136719,0.03615975379943848,3138,0.034821510314941406
2170,AES,0.0314638614654541,0.03526926040649414,1730,0.030749797821044922
2170,No_Encryption,0.03024148941040039,0.029549360275268555,1378,0.03097057342529297
2171,PQC,0.036715030670166016,0.0390625,3138,0.03218555450439453
2171,AES,0.03293728828430176,0.032739877700805664,1730,0.03415822982788086
2171,No_Encryption,0.03345155715942383,0.028230905532836914,1378,0.03148388862609863
2172,PQC,0.042546987533569336,0.03780412673950195,3138,0.032473087310791016
2172,AES,0.031758785247802734,0.03401803970336914,1730,0.03366518020629883
2172,No_Encryption,0.0375208854675293,0.03167605400085449,1378,0.03765130043029785
2173,PQC,0.043802499771118164,0.04203295707702637,3138,0.03129935264587402
2173,AES,0.035547733306884766,0.030937671661376953,1730,0.03188729286193848
2173,No_Encryption,0.03301835060119629,0.029927730560302734,1378,0.03176116943359375
2174,PQC,0.03957319259643555,0.04595637321472168,3138,0.03337287902832031
2174,AES,0.03876686096191406,0.03233051300048828,1730,0.0323333740234375
2174,No_Encryption,0.02960205078125,0.029083728790283203,1378,0.03413558006286621
2175,PQC,0.038231611251831055,0.03558993339538574,3138,0.0310821533203125
2175,AES,0.035520076751708984,0.03206181526184082,1730,0.03670644760131836
2175,No_Encryption,0.03307747840881348,0.03251194953918457,1378,0.035744667053222656
2176,PQC,0.04100656509399414,0.037726402282714844,3138,0.0330045223236084
2176,AES,0.03360342979431152,0.03783917427062988,1730,0.035372257232666016
2176,No_Encryption,0.03421211242675781,0.0302276611328125,1378,0.03342008590698242
2177,PQC,0.04004263877868652,0.037564754486083984,3138,0.0352330207824707
2177,AES,0.03818964958190918,0.035225868225097656,1730,0.035926103591918945
2177,No_Encryption,0.033593177795410156,0.03247475624084473,1378,0.033319711685180664
2178,PQC,0.04235029220581055,0.04421830177307129,3138,0.032120704650878906
2178,AES,0.040220022201538086,0.038358211517333984,1730,0.03474307060241699
2178,No_Encryption,0.03840065002441406,0.03112959861755371,1378,0.03270077705383301
2179,PQC,0.04327678680419922,0.04235339164733887,3138,0.03412580490112305
2179,AES,0.04148507118225098,0.03936409950256348,1730,0.034307241439819336
2179,No_Encryption,0.03515887260437012,0.031339168548583984,1378,0.03678154945373535
2180,PQC,0.045737504959106445,0.03944849967956543,3138,0.03421497344970703
2180,AES,0.03698992729187012,0.034996986389160156,1730,0.0337677001953125
2180,No_Encryption,0.030875205993652344,0.028668880462646484,1378,0.034182071685791016
2181,PQC,0.04221701622009277,0.03395676612854004,3138,0.03354358673095703
2181,AES,0.04336690902709961,0.0356595516204834,1730,0.03453397750854492
2181,No_Encryption,0.03643536567687988,0.030240774154663086,1378,0.039201974868774414
2182,PQC,0.05308413505554199,0.04593300819396973,3138,0.040926456451416016
2182,AES,0.04013252258300781,0.03927755355834961,1730,0.038668155670166016
2182,No_Encryption,0.03453707695007324,0.03327369689941406,1378,0.036818504333496094
2183,PQC,0.04676222801208496,0.04305291175842285,3138,0.0381321907043457
2183,AES,0.04544258117675781,0.03859686851501465,1730,0.03610372543334961
2183,No_Encryption,0.0340113639831543,0.03463888168334961,1378,0.033499717712402344
2184,PQC,0.04536318778991699,0.040164947509765625,3138,0.03579521179199219
2184,AES,0.03539276123046875,0.0336909294128418,1730,0.03673958778381348
2184,No_Encryption,0.040518760681152344,0.031177043914794922,1378,0.03864026069641113
2185,PQC,0.03818845748901367,0.040146589279174805,3138,0.032518863677978516
2185,AES,0.03666257858276367,0.0349886417388916,1730,0.03186678886413574
2185,No_Encryption,0.036110639572143555,0.0304262638092041,1378,0.03200697898864746
2186,PQC,0.03636336326599121,0.04207563400268555,3138,0.03269028663635254
2186,AES,0.04206252098083496,0.03308749198913574,1730,0.03471040725708008
2186,No_Encryption,0.03675341606140137,0.02829289436340332,1378,0.03746318817138672
2187,PQC,0.042557716369628906,0.03704404830932617,3138,0.03193807601928711
2187,AES,0.0411531925201416,0.036971330642700195,1730,0.0365908145904541
2187,No_Encryption,0.03392291069030762,0.031907081604003906,1378,0.03914928436279297
2188,PQC,0.041861534118652344,0.04330611228942871,3138,0.03451061248779297
2188,AES,0.04001927375793457,0.03587532043457031,1730,0.03896522521972656
2188,No_Encryption,0.0329747200012207,0.029904603958129883,1378,0.032791852951049805
2189,PQC,0.04582953453063965,0.038702964782714844,3138,0.03179335594177246
2189,AES,0.03466629981994629,0.03641176223754883,1730,0.03334856033325195
2189,No_Encryption,0.0324552059173584,0.03084254264831543,1378,0.03312420845031738
2190,PQC,0.04584217071533203,0.042095184326171875,3138,0.031126976013183594
2190,AES,0.04168248176574707,0.036108970642089844,1730,0.031094789505004883
2190,No_Encryption,0.033025264739990234,0.028064727783203125,1378,0.03743720054626465
2191,PQC,0.04514002799987793,0.03782296180725098,3138,0.03294777870178223
2191,AES,0.03469586372375488,0.03650784492492676,1730,0.032647132873535156
2191,No_Encryption,0.035134077072143555,0.030551671981811523,1378,0.032273292541503906
2192,PQC,0.044884681701660156,0.040487051010131836,3138,0.03426170349121094
2192,AES,0.03461933135986328,0.03169536590576172,1730,0.0356144905090332
2192,No_Encryption,0.035660743713378906,0.029706954956054688,1378,0.03235197067260742
2193,PQC,0.04761075973510742,0.03726530075073242,3138,0.03807640075683594
2193,AES,0.04201912879943848,0.034446001052856445,1730,0.03274726867675781
2193,No_Encryption,0.0433652400970459,0.0312802791595459,1378,0.03444862365722656
2194,PQC,0.0586705207824707,0.048760175704956055,3138,0.039536476135253906
2194,AES,0.03972506523132324,0.03811025619506836,1730,0.03560805320739746
2194,No_Encryption,0.03973221778869629,0.03235054016113281,1378,0.03635144233703613
2195,PQC,0.0439453125,0.03873395919799805,3138,0.03920125961303711
2195,AES,0.04230546951293945,0.03645682334899902,1730,0.043631553649902344
2195,No_Encryption,0.0385129451751709,0.032360076904296875,1378,0.0329432487487793
2196,PQC,0.04427647590637207,0.045906782150268555,3138,0.03527522087097168
2196,AES,0.0417332649230957,0.03915762901306152,1730,0.0338287353515625
2196,No_Encryption,0.04086184501647949,0.031197071075439453,1378,0.037628889083862305
2197,PQC,0.0418858528137207,0.04349040985107422,3138,0.03316140174865723
2197,AES,0.04459047317504883,0.03723597526550293,1730,0.032535552978515625
2197,No_Encryption,0.03755831718444824,0.0315861701965332,1378,0.039809226989746094
2198,PQC,0.04410719871520996,0.03950214385986328,3138,0.03316450119018555
2198,AES,0.033910274505615234,0.036727190017700195,1730,0.03531527519226074
2198,No_Encryption,0.03147578239440918,0.028797388076782227,1378,0.031129121780395508
2199,PQC,0.04500269889831543,0.04300212860107422,3138,0.03380990028381348
2199,AES,0.03794240951538086,0.036353111267089844,1730,0.03514528274536133
2199,No_Encryption,0.03350377082824707,0.029715538024902344,1378,0.03338027000427246
2200,PQC,0.042342185974121094,0.03854012489318848,3138,0.035257816314697266
2200,AES,0.037682533264160156,0.03636431694030762,1730,0.03551435470581055
2200,No_Encryption,0.031389474868774414,0.030999422073364258,1378,0.034906625747680664
2201,PQC,0.04007887840270996,0.04537200927734375,3138,0.0339200496673584
2201,AES,0.04032564163208008,0.037821054458618164,1730,0.0353851318359375
2201,No_Encryption,0.03368687629699707,0.03025960922241211,1378,0.03331303596496582
2202,PQC,0.04228377342224121,0.04377245903015137,3138,0.03415203094482422
2202,AES,0.036287784576416016,0.03642773628234863,1730,0.03460979461669922
2202,No_Encryption,0.03476881980895996,0.030907154083251953,1378,0.03396439552307129
2203,PQC,0.03985261917114258,0.04129147529602051,3138,0.03593277931213379
2203,AES,0.039299726486206055,0.03416800498962402,1730,0.03772616386413574
2203,No_Encryption,0.035069942474365234,0.02752089500427246,1378,0.03237009048461914
2204,PQC,0.04852914810180664,0.04307699203491211,3138,0.03545022010803223
2204,AES,0.039175987243652344,0.037930965423583984,1730,0.03400826454162598
2204,No_Encryption,0.03813481330871582,0.03148293495178223,1378,0.03499746322631836
2205,PQC,0.03949427604675293,0.04353737831115723,3138,0.03585028648376465
2205,AES,0.04990649223327637,0.03580617904663086,1730,0.040793418884277344
2205,No_Encryption,0.04574394226074219,0.03895854949951172,1378,0.04487109184265137
2206,PQC,0.0433192253112793,0.03920245170593262,3138,0.03882861137390137
2206,AES,0.03861260414123535,0.03643941879272461,1730,0.03796124458312988
2206,No_Encryption,0.04020357131958008,0.03755831718444824,1378,0.03877615928649902
2207,PQC,0.04317617416381836,0.044692277908325195,3138,0.03691577911376953
2207,AES,0.04524683952331543,0.03775382041931152,1730,0.03662705421447754
2207,No_Encryption,0.0390622615814209,0.03138995170593262,1378,0.03282904624938965
2208,PQC,0.04580259323120117,0.04390311241149902,3138,0.037035226821899414
2208,AES,0.03655219078063965,0.03575301170349121,1730,0.036336421966552734
2208,No_Encryption,0.03578329086303711,0.031693458557128906,1378,0.03625345230102539
2209,PQC,0.04363894462585449,0.04227852821350098,3138,0.03398013114929199
2209,AES,0.040392160415649414,0.03477144241333008,1730,0.03245806694030762
2209,No_Encryption,0.039320945739746094,0.030257463455200195,1378,0.035318613052368164
2210,PQC,0.04198026657104492,0.04026007652282715,3138,0.03205418586730957
2210,AES,0.03749871253967285,0.03360128402709961,1730,0.030183792114257812
2210,No_Encryption,0.03276872634887695,0.028982877731323242,1378,0.0335843563079834
2211,PQC,0.041201114654541016,0.037928104400634766,3138,0.03521394729614258
2211,AES,0.0353388786315918,0.03406977653503418,1730,0.035912513732910156
2211,No_Encryption,0.03164482116699219,0.028384685516357422,1378,0.03100132942199707
2212,PQC,0.039029836654663086,0.0401458740234375,3138,0.033455610275268555
2212,AES,0.03579592704772949,0.0322422981262207,1730,0.03645944595336914
2212,No_Encryption,0.031980276107788086,0.027475357055664062,1378,0.03434491157531738
2213,PQC,0.04214024543762207,0.037300825119018555,3138,0.0310513973236084
2213,AES,0.04561042785644531,0.03497314453125,1730,0.0319674015045166
2213,No_Encryption,0.033275604248046875,0.03196525573730469,1378,0.03371763229370117
2214,PQC,0.04072403907775879,0.04288148880004883,3138,0.03455781936645508
2214,AES,0.03856611251831055,0.03884077072143555,1730,0.03658175468444824
2214,No_Encryption,0.03634953498840332,0.03564763069152832,1378,0.04291200637817383
2215,PQC,0.04593205451965332,0.04720950126647949,3138,0.039250850677490234
2215,AES,0.04934382438659668,0.040815114974975586,1730,0.0442502498626709
2215,No_Encryption,0.04399871826171875,0.0369572639465332,1378,0.043227195739746094
2216,PQC,0.04700803756713867,0.05068230628967285,3138,0.04166460037231445
2216,AES,0.04961228370666504,0.04238080978393555,1730,0.03878641128540039
2216,No_Encryption,0.04128885269165039,0.03365683555603027,1378,0.03724098205566406
2217,PQC,0.04982471466064453,0.04582667350769043,3138,0.03696560859680176
2217,AES,0.04875612258911133,0.037689208984375,1730,0.03658866882324219
2217,No_Encryption,0.04377341270446777,0.03385186195373535,1378,0.04271268844604492
2218,PQC,0.046849727630615234,0.04624223709106445,3138,0.03899526596069336
2218,AES,0.052379608154296875,0.04388928413391113,1730,0.03930830955505371
2218,No_Encryption,0.048773765563964844,0.03411531448364258,1378,0.03850555419921875
2219,PQC,0.05513262748718262,0.04298138618469238,3138,0.03460550308227539
2219,AES,0.04235100746154785,0.040319204330444336,1730,0.03759050369262695
2219,No_Encryption,0.04599475860595703,0.03425240516662598,1378,0.03664350509643555
2220,PQC,0.045375823974609375,0.043238162994384766,3138,0.0319976806640625
2220,AES,0.036466121673583984,0.03431391716003418,1730,0.03394603729248047
2220,No_Encryption,0.037070512771606445,0.0313115119934082,1378,0.03541922569274902
2221,PQC,0.042763710021972656,0.03679013252258301,3138,0.029233455657958984
2221,AES,0.03489112854003906,0.0324556827545166,1730,0.0341029167175293
2221,No_Encryption,0.03708457946777344,0.02992534637451172,1378,0.03389692306518555
2222,PQC,0.045162200927734375,0.03685355186462402,3138,0.03194570541381836
2222,AES,0.03535151481628418,0.035368919372558594,1730,0.03664135932922363
2222,No_Encryption,0.02903008460998535,0.03151512145996094,1378,0.0341029167175293
2223,PQC,0.04301118850708008,0.03955435752868652,3138,0.03281259536743164
2223,AES,0.04052567481994629,0.032221078872680664,1730,0.0343327522277832
2223,No_Encryption,0.034052371978759766,0.031818389892578125,1378,0.03438687324523926
2224,PQC,0.04722476005554199,0.041724205017089844,3138,0.03247380256652832
2224,AES,0.03363347053527832,0.03508329391479492,1730,0.031184911727905273
2224,No_Encryption,0.034121036529541016,0.028928279876708984,1378,0.034284114837646484
2225,PQC,0.03956294059753418,0.036125898361206055,3138,0.03226161003112793
2225,AES,0.033721923828125,0.03583478927612305,1730,0.03186440467834473
2225,No_Encryption,0.029778003692626953,0.027649402618408203,1378,0.03537178039550781
2226,PQC,0.03908944129943848,0.03844118118286133,3138,0.0337677001953125
2226,AES,0.03491711616516113,0.036536216735839844,1730,0.03747916221618652
2226,No_Encryption,0.043065786361694336,0.03177285194396973,1378,0.03634214401245117
2227,PQC,0.0479588508605957,0.03951406478881836,3138,0.03412485122680664
2227,AES,0.04116010665893555,0.03643941879272461,1730,0.03428316116333008
2227,No_Encryption,0.04100799560546875,0.030507326126098633,1378,0.03591656684875488
2228,PQC,0.04492902755737305,0.03820991516113281,3138,0.040491580963134766
2228,AES,0.03412008285522461,0.03440999984741211,1730,0.034624576568603516
2228,No_Encryption,0.03733396530151367,0.032584190368652344,1378,0.03543448448181152
2229,PQC,0.0453033447265625,0.04148268699645996,3138,0.03683280944824219
2229,AES,0.0452268123626709,0.03404951095581055,1730,0.033165931701660156
2229,No_Encryption,0.03430056571960449,0.03116321563720703,1378,0.03788614273071289
2230,PQC,0.04568839073181152,0.03829073905944824,3138,0.034638404846191406
2230,AES,0.03744864463806152,0.03444647789001465,1730,0.0379946231842041
2230,No_Encryption,0.04041767120361328,0.03727149963378906,1378,0.03840351104736328
2231,PQC,0.04402589797973633,0.04201841354370117,3138,0.03980398178100586
2231,AES,0.04672431945800781,0.0384218692779541,1730,0.03648662567138672
2231,No_Encryption,0.03873634338378906,0.03639340400695801,1378,0.03684687614440918
2232,PQC,0.05116629600524902,0.045649051666259766,3138,0.03399014472961426
2232,AES,0.03774619102478027,0.03502702713012695,1730,0.038146018981933594
2232,No_Encryption,0.03386664390563965,0.03345155715942383,1378,0.034235477447509766
2233,PQC,0.04503059387207031,0.0410768985748291,3138,0.03952455520629883
2233,AES,0.03644514083862305,0.039221763610839844,1730,0.03525805473327637
2233,No_Encryption,0.0429384708404541,0.03346705436706543,1378,0.03557896614074707
2234,PQC,0.042905330657958984,0.040532588958740234,3138,0.04017376899719238
2234,AES,0.03601503372192383,0.03896903991699219,1730,0.03749537467956543
2234,No_Encryption,0.037654876708984375,0.028860092163085938,1378,0.038382530212402344
2235,PQC,0.04353690147399902,0.03791356086730957,3138,0.032042741775512695
2235,AES,0.036536455154418945,0.03589153289794922,1730,0.03746151924133301
2235,No_Encryption,0.04159688949584961,0.03225445747375488,1378,0.03726053237915039
2236,PQC,0.04453587532043457,0.039508819580078125,3138,0.03721308708190918
2236,AES,0.0371861457824707,0.03237581253051758,1730,0.03736472129821777
2236,No_Encryption,0.04109621047973633,0.03356599807739258,1378,0.034004926681518555
2237,PQC,0.03849196434020996,0.042295217514038086,3138,0.03816556930541992
2237,AES,0.03165149688720703,0.032691240310668945,1730,0.03140401840209961
2237,No_Encryption,0.03845405578613281,0.030223846435546875,1378,0.03644967079162598
2238,PQC,0.04701375961303711,0.042150020599365234,3138,0.033142805099487305
2238,AES,0.036734819412231445,0.03302884101867676,1730,0.036751508712768555
2238,No_Encryption,0.03691983222961426,0.031064748764038086,1378,0.03644967079162598
2239,PQC,0.04508519172668457,0.040358781814575195,3138,0.034993648529052734
2239,AES,0.04062914848327637,0.03421449661254883,1730,0.03821849822998047
2239,No_Encryption,0.038985490798950195,0.03339266777038574,1378,0.040071725845336914
2240,PQC,0.04886364936828613,0.04619026184082031,3138,0.043944597244262695
2240,AES,0.05121970176696777,0.04334664344787598,1730,0.042281389236450195
2240,No_Encryption,0.044770240783691406,0.04071974754333496,1378,0.04926586151123047
2241,PQC,0.052000999450683594,0.049013614654541016,3138,0.0473935604095459
2241,AES,0.04470682144165039,0.04464912414550781,1730,0.044646501541137695
2241,No_Encryption,0.04393196105957031,0.038895368576049805,1378,0.04400491714477539
2242,PQC,0.05095195770263672,0.051850318908691406,3138,0.0435636043548584
2242,AES,0.044075965881347656,0.04433727264404297,1730,0.04928731918334961
2242,No_Encryption,0.042118072509765625,0.03700900077819824,1378,0.045401811599731445
2243,PQC,0.05476546287536621,0.0529024600982666,3138,0.044992685317993164
2243,AES,0.039437294006347656,0.041773080825805664,1730,0.0340268611907959
2243,No_Encryption,0.039516448974609375,0.035246849060058594,1378,0.039124488830566406
2244,PQC,0.04874825477600098,0.04882454872131348,3138,0.03719687461853027
2244,AES,0.03821206092834473,0.03552961349487305,1730,0.03531146049499512
2244,No_Encryption,0.036612510681152344,0.03277158737182617,1378,0.03494691848754883
2245,PQC,0.05257248878479004,0.041723012924194336,3138,0.034147024154663086
2245,AES,0.03671526908874512,0.0343167781829834,1730,0.03360486030578613
2245,No_Encryption,0.03244495391845703,0.02954697608947754,1378,0.0326383113861084
2246,PQC,0.04155158996582031,0.039359331130981445,3138,0.03228640556335449
2246,AES,0.035446882247924805,0.0365452766418457,1730,0.032938480377197266
2246,No_Encryption,0.03175020217895508,0.029433012008666992,1378,0.03285408020019531
2247,PQC,0.04068470001220703,0.04048299789428711,3138,0.03422808647155762
2247,AES,0.03613901138305664,0.03666090965270996,1730,0.035651445388793945
2247,No_Encryption,0.031687021255493164,0.029496431350708008,1378,0.03617405891418457
2248,PQC,0.04580116271972656,0.038776397705078125,3138,0.03371000289916992
2248,AES,0.03647184371948242,0.03444266319274902,1730,0.033048391342163086
2248,No_Encryption,0.035121917724609375,0.032920122146606445,1378,0.034656524658203125
2249,PQC,0.04524970054626465,0.038741350173950195,3138,0.0329129695892334
2249,AES,0.03957653045654297,0.03750348091125488,1730,0.03288006782531738
2249,No_Encryption,0.03497672080993652,0.03125905990600586,1378,0.03430604934692383
2250,PQC,0.04207253456115723,0.04801630973815918,3138,0.036919593811035156
2250,AES,0.03481435775756836,0.032233476638793945,1730,0.03235292434692383
2250,No_Encryption,0.03643655776977539,0.03146076202392578,1378,0.036954402923583984
2251,PQC,0.05103302001953125,0.03988289833068848,3138,0.03310894966125488
2251,AES,0.036920785903930664,0.03323721885681152,1730,0.03595280647277832
2251,No_Encryption,0.035408973693847656,0.02954411506652832,1378,0.035257577896118164
2252,PQC,0.04264068603515625,0.03934311866760254,3138,0.03333139419555664
2252,AES,0.033353567123413086,0.033211708068847656,1730,0.034598588943481445
2252,No_Encryption,0.03626108169555664,0.031336307525634766,1378,0.0347752571105957
2253,PQC,0.04287004470825195,0.041629791259765625,3138,0.03486013412475586
2253,AES,0.04036569595336914,0.03748321533203125,1730,0.036511898040771484
2253,No_Encryption,0.04285764694213867,0.03133869171142578,1378,0.033669233322143555
2254,PQC,0.03936433792114258,0.040024757385253906,3138,0.032301902770996094
2254,AES,0.03879094123840332,0.03763437271118164,1730,0.03581118583679199
2254,No_Encryption,0.03964805603027344,0.03148460388183594,1378,0.045919179916381836
2255,PQC,0.05723452568054199,0.04216933250427246,3138,0.03788495063781738
2255,AES,0.044966697692871094,0.03751206398010254,1730,0.04047060012817383
2255,No_Encryption,0.04109907150268555,0.03530287742614746,1378,0.0406036376953125
2256,PQC,0.045092105865478516,0.04764103889465332,3138,0.03683161735534668
2256,AES,0.04607868194580078,0.04248547554016113,1730,0.036853790283203125
2256,No_Encryption,0.03748893737792969,0.03267168998718262,1378,0.04382443428039551
2257,PQC,0.04543185234069824,0.04121232032775879,3138,0.03807854652404785
2257,AES,0.04528403282165527,0.03952956199645996,1730,0.03605175018310547
2257,No_Encryption,0.03798246383666992,0.03585934638977051,1378,0.04102587699890137
2258,PQC,0.04915308952331543,0.04524111747741699,3138,0.038324594497680664
2258,AES,0.045024871826171875,0.03715682029724121,1730,0.04325699806213379
2258,No_Encryption,0.037755727767944336,0.03582429885864258,1378,0.03467893600463867
2259,PQC,0.05851459503173828,0.04142570495605469,3138,0.03706097602844238
2259,AES,0.04874157905578613,0.035834550857543945,1730,0.036109209060668945
2259,No_Encryption,0.03720235824584961,0.03698229789733887,1378,0.03890371322631836
2260,PQC,0.0414433479309082,0.04380965232849121,3138,0.03854250907897949
2260,AES,0.03650331497192383,0.03464102745056152,1730,0.03656935691833496
2260,No_Encryption,0.03583502769470215,0.03078174591064453,1378,0.03853034973144531
2261,PQC,0.053359270095825195,0.04456520080566406,3138,0.03364109992980957
2261,AES,0.03604459762573242,0.04239916801452637,1730,0.03721165657043457
2261,No_Encryption,0.03450822830200195,0.03150343894958496,1378,0.03708815574645996
2262,PQC,0.041770219802856445,0.036576032638549805,3138,0.03620791435241699
2262,AES,0.034413814544677734,0.032819271087646484,1730,0.03074812889099121
2262,No_Encryption,0.0367279052734375,0.02983379364013672,1378,0.038144826889038086
2263,PQC,0.03843879699707031,0.03679251670837402,3138,0.03341031074523926
2263,AES,0.0393526554107666,0.03356194496154785,1730,0.03793191909790039
2263,No_Encryption,0.03791928291320801,0.03146171569824219,1378,0.034619808197021484
2264,PQC,0.03961777687072754,0.04067420959472656,3138,0.03233647346496582
2264,AES,0.0398099422454834,0.03618431091308594,1730,0.03656792640686035
2264,No_Encryption,0.03179311752319336,0.03101062774658203,1378,0.033273935317993164
2265,PQC,0.04731106758117676,0.038422346115112305,3138,0.033815622329711914
2265,AES,0.03830122947692871,0.03467273712158203,1730,0.03291821479797363
2265,No_Encryption,0.04173684120178223,0.02800130844116211,1378,0.036289215087890625
2266,PQC,0.04346323013305664,0.04343295097351074,3138,0.0323185920715332
2266,AES,0.03459334373474121,0.035828590393066406,1730,0.03177213668823242
2266,No_Encryption,0.034488677978515625,0.03478503227233887,1378,0.04177379608154297
2267,PQC,0.04917478561401367,0.04671025276184082,3138,0.040544986724853516
2267,AES,0.04311394691467285,0.040314674377441406,1730,0.03539609909057617
2267,No_Encryption,0.03824472427368164,0.036101341247558594,1378,0.03672003746032715
2268,PQC,0.05362415313720703,0.04580497741699219,3138,0.034952402114868164
2268,AES,0.04347705841064453,0.03514695167541504,1730,0.03421163558959961
2268,No_Encryption,0.0361478328704834,0.03327155113220215,1378,0.03345751762390137
2269,PQC,0.05670642852783203,0.03802943229675293,3138,0.03433489799499512
2269,AES,0.03774547576904297,0.03597259521484375,1730,0.03572249412536621
2269,No_Encryption,0.03531360626220703,0.03359389305114746,1378,0.03921031951904297
2270,PQC,0.04291415214538574,0.04504108428955078,3138,0.03476572036743164
2270,AES,0.036184072494506836,0.03295612335205078,1730,0.03435063362121582
2270,No_Encryption,0.0450747013092041,0.03206014633178711,1378,0.034121036529541016
2271,PQC,0.046025991439819336,0.04176044464111328,3138,0.03558611869812012
2271,AES,0.03365063667297363,0.03511762619018555,1730,0.034624338150024414
2271,No_Encryption,0.0359501838684082,0.029708385467529297,1378,0.03321981430053711
2272,PQC,0.0416722297668457,0.040985107421875,3138,0.0347752571105957
2272,AES,0.0377810001373291,0.03666567802429199,1730,0.03302931785583496
2272,No_Encryption,0.03846263885498047,0.03017282485961914,1378,0.03530097007751465
2273,PQC,0.050984859466552734,0.03914237022399902,3138,0.03567838668823242
2273,AES,0.03745913505554199,0.03373432159423828,1730,0.03726911544799805
2273,No_Encryption,0.034781455993652344,0.03197836875915527,1378,0.03632307052612305
2274,PQC,0.041585683822631836,0.04495120048522949,3138,0.03397846221923828
2274,AES,0.03824806213378906,0.036641836166381836,1730,0.031341552734375
2274,No_Encryption,0.03152108192443848,0.03178596496582031,1378,0.03563523292541504
2275,PQC,0.03861498832702637,0.04189133644104004,3138,0.03825664520263672
2275,AES,0.03601956367492676,0.032531023025512695,1730,0.03187847137451172
2275,No_Encryption,0.03360891342163086,0.028792858123779297,1378,0.03700685501098633
2276,PQC,0.04459238052368164,0.045711517333984375,3138,0.03749227523803711
2276,AES,0.03263092041015625,0.03743410110473633,1730,0.035567283630371094
2276,No_Encryption,0.031957149505615234,0.027066946029663086,1378,0.034270286560058594
2277,PQC,0.04233264923095703,0.03569936752319336,3138,0.030353784561157227
2277,AES,0.03581809997558594,0.03715181350708008,1730,0.03521132469177246
2277,No_Encryption,0.033419132232666016,0.03019404411315918,1378,0.03587055206298828
2278,PQC,0.04684901237487793,0.04340481758117676,3138,0.03506922721862793
2278,AES,0.03825879096984863,0.038051605224609375,1730,0.037711381912231445
2278,No_Encryption,0.03447151184082031,0.029656171798706055,1378,0.03207993507385254
2279,PQC,0.04098200798034668,0.04160785675048828,3138,0.03493905067443848
2279,AES,0.051393985748291016,0.040667057037353516,1730,0.03965616226196289
2279,No_Encryption,0.040261268615722656,0.03283333778381348,1378,0.039252281188964844
2280,PQC,0.04336214065551758,0.0447845458984375,3138,0.03496289253234863
2280,AES,0.0392451286315918,0.03292584419250488,1730,0.0346837043762207
2280,No_Encryption,0.03213667869567871,0.03014540672302246,1378,0.03685712814331055
2281,PQC,0.0429081916809082,0.03974199295043945,3138,0.037624359130859375
2281,AES,0.04390859603881836,0.03715848922729492,1730,0.03125476837158203
2281,No_Encryption,0.03101038932800293,0.030324220657348633,1378,0.03333306312561035
2282,PQC,0.044632911682128906,0.040030717849731445,3138,0.032335758209228516
2282,AES,0.031616926193237305,0.031069040298461914,1730,0.036234140396118164
2282,No_Encryption,0.040288686752319336,0.029372453689575195,1378,0.036800384521484375
2283,PQC,0.04429149627685547,0.04090380668640137,3138,0.034819602966308594
2283,AES,0.0345301628112793,0.041571617126464844,1730,0.03365015983581543
2283,No_Encryption,0.04042840003967285,0.030172348022460938,1378,0.03352546691894531
2284,PQC,0.044527292251586914,0.03890538215637207,3138,0.03468608856201172
2284,AES,0.03420829772949219,0.03257155418395996,1730,0.033286094665527344
2284,No_Encryption,0.03137469291687012,0.030947208404541016,1378,0.03314065933227539
2285,PQC,0.040625810623168945,0.04030203819274902,3138,0.03225278854370117
2285,AES,0.0376896858215332,0.0350039005279541,1730,0.033426761627197266
2285,No_Encryption,0.0358729362487793,0.030424118041992188,1378,0.033881187438964844
2286,PQC,0.044852495193481445,0.04401135444641113,3138,0.03318905830383301
2286,AES,0.039191484451293945,0.04091286659240723,1730,0.033536434173583984
2286,No_Encryption,0.035273075103759766,0.03300046920776367,1378,0.03734731674194336
2287,PQC,0.04174160957336426,0.0430605411529541,3138,0.038424015045166016
2287,AES,0.03614401817321777,0.034255027770996094,1730,0.03479337692260742
2287,No_Encryption,0.04136013984680176,0.03218889236450195,1378,0.03850269317626953
2288,PQC,0.04213523864746094,0.04208970069885254,3138,0.03332376480102539
2288,AES,0.0362248420715332,0.03645777702331543,1730,0.03300166130065918
2288,No_Encryption,0.03708958625793457,0.03150749206542969,1378,0.03247880935668945
2289,PQC,0.04985809326171875,0.04119563102722168,3138,0.035663604736328125
2289,AES,0.040207862854003906,0.03485679626464844,1730,0.035402536392211914
2289,No_Encryption,0.03155016899108887,0.03224492073059082,1378,0.037520647048950195
2290,PQC,0.04227328300476074,0.041654109954833984,3138,0.036422014236450195
2290,AES,0.042148590087890625,0.03292512893676758,1730,0.03191637992858887
2290,No_Encryption,0.0344548225402832,0.03091120719909668,1378,0.032411813735961914
2291,PQC,0.042879581451416016,0.03886055946350098,3138,0.033228158950805664
2291,AES,0.035256385803222656,0.03874492645263672,1730,0.04500460624694824
2291,No_Encryption,0.03871750831604004,0.03480815887451172,1378,0.03805184364318848
2292,PQC,0.044019460678100586,0.04408550262451172,3138,0.03739213943481445
2292,AES,0.03576517105102539,0.040316104888916016,1730,0.03727841377258301
2292,No_Encryption,0.039816856384277344,0.03279829025268555,1378,0.03551745414733887
2293,PQC,0.04436993598937988,0.04232215881347656,3138,0.032388925552368164
2293,AES,0.045003652572631836,0.03602266311645508,1730,0.03729867935180664
2293,No_Encryption,0.03337597846984863,0.030118703842163086,1378,0.0337982177734375
2294,PQC,0.03953194618225098,0.04156994819641113,3138,0.03282308578491211
2294,AES,0.03344440460205078,0.03534722328186035,1730,0.03319525718688965
2294,No_Encryption,0.03578448295593262,0.03139305114746094,1378,0.037076473236083984
2295,PQC,0.04104757308959961,0.04175877571105957,3138,0.03306102752685547
2295,AES,0.034414052963256836,0.03465461730957031,1730,0.037673234939575195
2295,No_Encryption,0.0318603515625,0.03285098075866699,1378,0.04149007797241211
2296,PQC,0.046945810317993164,0.03797721862792969,3138,0.03504538536071777
2296,AES,0.03857994079589844,0.03497004508972168,1730,0.03725123405456543
2296,No_Encryption,0.03402423858642578,0.030382156372070312,1378,0.036538124084472656
2297,PQC,0.04400992393493652,0.039789676666259766,3138,0.037515878677368164
2297,AES,0.0358424186706543,0.03567910194396973,1730,0.03825950622558594
2297,No_Encryption,0.03597688674926758,0.03161478042602539,1378,0.03313422203063965
2298,PQC,0.04123854637145996,0.04019880294799805,3138,0.03229880332946777
2298,AES,0.04120612144470215,0.03240966796875,1730,0.032736778259277344
2298,No_Encryption,0.03336000442504883,0.02977728843688965,1378,0.032486915588378906
2299,PQC,0.04009270668029785,0.038689613342285156,3138,0.03322172164916992
2299,AES,0.03629446029663086,0.036287784576416016,1730,0.033536672592163086
2299,No_Encryption,0.03379654884338379,0.028185606002807617,1378,0.03895926475524902
2300,PQC,0.04048466682434082,0.04094862937927246,3138,0.031922340393066406
2300,AES,0.03699994087219238,0.035619258880615234,1730,0.03926968574523926
2300,No_Encryption,0.03511309623718262,0.03063678741455078,1378,0.0323786735534668
2301,PQC,0.04520273208618164,0.03769946098327637,3138,0.034691572189331055
2301,AES,0.03581714630126953,0.035240888595581055,1730,0.03625369071960449
2301,No_Encryption,0.03207588195800781,0.031647682189941406,1378,0.03484964370727539
2302,PQC,0.03908658027648926,0.036956071853637695,3138,0.03308987617492676
2302,AES,0.036826372146606445,0.03231191635131836,1730,0.032938241958618164
2302,No_Encryption,0.032491207122802734,0.031955718994140625,1378,0.033463478088378906
2303,PQC,0.04163551330566406,0.04190397262573242,3138,0.03203725814819336
2303,AES,0.03238320350646973,0.032089948654174805,1730,0.03834390640258789
2303,No_Encryption,0.029555559158325195,0.029759883880615234,1378,0.04634404182434082
2304,PQC,0.04369187355041504,0.04167294502258301,3138,0.039901018142700195
2304,AES,0.04067420959472656,0.0382533073425293,1730,0.033719778060913086
2304,No_Encryption,0.036245107650756836,0.03056812286376953,1378,0.03414797782897949
2305,PQC,0.04260373115539551,0.040038108825683594,3138,0.03821444511413574
2305,AES,0.03686928749084473,0.03725695610046387,1730,0.038290977478027344
2305,No_Encryption,0.035288095474243164,0.030709028244018555,1378,0.034020423889160156
2306,PQC,0.040398359298706055,0.04382467269897461,3138,0.032276153564453125
2306,AES,0.036626577377319336,0.03257393836975098,1730,0.032758235931396484
2306,No_Encryption,0.03596186637878418,0.031662702560424805,1378,0.04010939598083496
2307,PQC,0.040755510330200195,0.03970599174499512,3138,0.03357243537902832
2307,AES,0.037894487380981445,0.034487009048461914,1730,0.034409284591674805
2307,No_Encryption,0.03803300857543945,0.029376983642578125,1378,0.034017324447631836
2308,PQC,0.04690694808959961,0.03897905349731445,3138,0.0333099365234375
2308,AES,0.03380155563354492,0.035318613052368164,1730,0.03551769256591797
2308,No_Encryption,0.04048657417297363,0.029597759246826172,1378,0.033669471740722656
2309,PQC,0.03976774215698242,0.038970232009887695,3138,0.0331268310546875
2309,AES,0.03832077980041504,0.03183245658874512,1730,0.03709673881530762
2309,No_Encryption,0.04589080810546875,0.03210186958312988,1378,0.03592038154602051
2310,PQC,0.039038658142089844,0.038960933685302734,3138,0.033121585845947266
2310,AES,0.03772854804992676,0.03553962707519531,1730,0.03298830986022949
2310,No_Encryption,0.03249621391296387,0.0319514274597168,1378,0.03636431694030762
2311,PQC,0.04315495491027832,0.03888869285583496,3138,0.03472304344177246
2311,AES,0.03756117820739746,0.03441047668457031,1730,0.0367891788482666
2311,No_Encryption,0.03620457649230957,0.02986907958984375,1378,0.03522920608520508
2312,PQC,0.04502129554748535,0.04336905479431152,3138,0.03611636161804199
2312,AES,0.03416633605957031,0.036989688873291016,1730,0.03539013862609863
2312,No_Encryption,0.038823843002319336,0.02933502197265625,1378,0.039649009704589844
2313,PQC,0.041515350341796875,0.03731417655944824,3138,0.03220558166503906
2313,AES,0.04197120666503906,0.03482770919799805,1730,0.0393671989440918
2313,No_Encryption,0.03912544250488281,0.03359651565551758,1378,0.03546404838562012
2314,PQC,0.04275393486022949,0.04481220245361328,3138,0.0353703498840332
2314,AES,0.03710150718688965,0.0341649055480957,1730,0.03536796569824219
2314,No_Encryption,0.03432035446166992,0.02993154525756836,1378,0.03207564353942871
2315,PQC,0.044179439544677734,0.03831052780151367,3138,0.0345613956451416
2315,AES,0.041642189025878906,0.03747868537902832,1730,0.03750014305114746
2315,No_Encryption,0.039125919342041016,0.03298187255859375,1378,0.03900742530822754
2316,PQC,0.04688525199890137,0.04660820960998535,3138,0.03595089912414551
2316,AES,0.04885268211364746,0.03776144981384277,1730,0.03677558898925781
2316,No_Encryption,0.03683924674987793,0.031142711639404297,1378,0.03450727462768555
2317,PQC,0.046338796615600586,0.04242730140686035,3138,0.03362536430358887
2317,AES,0.03721189498901367,0.034409523010253906,1730,0.0315251350402832
2317,No_Encryption,0.03680753707885742,0.03264951705932617,1378,0.03976297378540039
2318,PQC,0.04381966590881348,0.041150808334350586,3138,0.034198760986328125
2318,AES,0.035524606704711914,0.03266000747680664,1730,0.03448128700256348
2318,No_Encryption,0.03876471519470215,0.030458688735961914,1378,0.03807950019836426
2319,PQC,0.04564952850341797,0.04308032989501953,3138,0.03151535987854004
2319,AES,0.03271079063415527,0.03786420822143555,1730,0.03471231460571289
2319,No_Encryption,0.038562774658203125,0.032364845275878906,1378,0.03515052795410156
2320,PQC,0.04057645797729492,0.04365730285644531,3138,0.03152346611022949
2320,AES,0.04184842109680176,0.038231849670410156,1730,0.03251838684082031
2320,No_Encryption,0.03495645523071289,0.03328084945678711,1378,0.036257266998291016
2321,PQC,0.037886857986450195,0.03795194625854492,3138,0.033557891845703125
2321,AES,0.033034563064575195,0.033956050872802734,1730,0.0301055908203125
2321,No_Encryption,0.030426502227783203,0.03051304817199707,1378,0.033936262130737305
2322,PQC,0.04483175277709961,0.03938007354736328,3138,0.03257012367248535
2322,AES,0.0357816219329834,0.03258061408996582,1730,0.0367891788482666
2322,No_Encryption,0.03563261032104492,0.0314640998840332,1378,0.03453564643859863
2323,PQC,0.0425868034362793,0.03833794593811035,3138,0.034659624099731445
2323,AES,0.04077959060668945,0.03386688232421875,1730,0.032886505126953125
2323,No_Encryption,0.04131603240966797,0.02872180938720703,1378,0.036141157150268555
2324,PQC,0.036873817443847656,0.039853811264038086,3138,0.036363840103149414
2324,AES,0.03787660598754883,0.031060457229614258,1730,0.03314018249511719
2324,No_Encryption,0.03556680679321289,0.030907392501831055,1378,0.031147241592407227
2325,PQC,0.03853201866149902,0.039655208587646484,3138,0.03313589096069336
2325,AES,0.0392451286315918,0.03782010078430176,1730,0.0326387882232666
2325,No_Encryption,0.033978939056396484,0.029309511184692383,1378,0.032825469970703125
2326,PQC,0.04404592514038086,0.040724992752075195,3138,0.030769824981689453
2326,AES,0.032311439514160156,0.03211331367492676,1730,0.03333306312561035
2326,No_Encryption,0.034249067306518555,0.028985261917114258,1378,0.03324151039123535
2327,PQC,0.039636850357055664,0.034937381744384766,3138,0.03141331672668457
2327,AES,0.03332686424255371,0.03284907341003418,1730,0.033371925354003906
2327,No_Encryption,0.032668113708496094,0.02969670295715332,1378,0.03276228904724121
2328,PQC,0.041071176528930664,0.039313316345214844,3138,0.032120704650878906
2328,AES,0.04019427299499512,0.03626537322998047,1730,0.03396296501159668
2328,No_Encryption,0.039553165435791016,0.03010249137878418,1378,0.040040016174316406
2329,PQC,0.06743383407592773,0.05326199531555176,3138,0.040210723876953125
2329,AES,0.046380043029785156,0.04105234146118164,1730,0.0397489070892334
2329,No_Encryption,0.03913736343383789,0.03412771224975586,1378,0.03597569465637207
2330,PQC,0.049762725830078125,0.04130268096923828,3138,0.03657650947570801
2330,AES,0.0442962646484375,0.04095721244812012,1730,0.03607010841369629
2330,No_Encryption,0.030339479446411133,0.03051137924194336,1378,0.036809444427490234
2331,PQC,0.04107189178466797,0.041512489318847656,3138,0.03600883483886719
2331,AES,0.036341190338134766,0.03277134895324707,1730,0.03403615951538086
2331,No_Encryption,0.03901314735412598,0.030675888061523438,1378,0.03580975532531738
2332,PQC,0.05153489112854004,0.04330277442932129,3138,0.03639817237854004
2332,AES,0.03580307960510254,0.036037445068359375,1730,0.03777313232421875
2332,No_Encryption,0.033924102783203125,0.03049635887145996,1378,0.03398442268371582
2333,PQC,0.04107522964477539,0.0398099422454834,3138,0.030446529388427734
2333,AES,0.03853583335876465,0.0343325138092041,1730,0.03560042381286621
2333,No_Encryption,0.044020891189575195,0.03236055374145508,1378,0.039047956466674805
2334,PQC,0.041993141174316406,0.039818763732910156,3138,0.03502774238586426
2334,AES,0.036688804626464844,0.03639793395996094,1730,0.031044721603393555
2334,No_Encryption,0.0342717170715332,0.031204938888549805,1378,0.03382706642150879
2335,PQC,0.04309868812561035,0.03659987449645996,3138,0.03627467155456543
2335,AES,0.03806710243225098,0.038283586502075195,1730,0.0334475040435791
2335,No_Encryption,0.03092646598815918,0.030166149139404297,1378,0.03882908821105957
2336,PQC,0.04225730895996094,0.03930354118347168,3138,0.037026166915893555
2336,AES,0.036263227462768555,0.03313851356506348,1730,0.03521108627319336
2336,No_Encryption,0.03235220909118652,0.029784679412841797,1378,0.03522920608520508
2337,PQC,0.04465484619140625,0.041373252868652344,3138,0.03206992149353027
2337,AES,0.04030895233154297,0.03728508949279785,1730,0.03740978240966797
2337,No_Encryption,0.03284263610839844,0.032012224197387695,1378,0.034157514572143555
2338,PQC,0.03990030288696289,0.04550671577453613,3138,0.03396201133728027
2338,AES,0.03829598426818848,0.033588409423828125,1730,0.03451395034790039
2338,No_Encryption,0.03410601615905762,0.03135251998901367,1378,0.03344559669494629
2339,PQC,0.04609489440917969,0.03835129737854004,3138,0.03249764442443848
2339,AES,0.033377885818481445,0.03509163856506348,1730,0.03600430488586426
2339,No_Encryption,0.04516959190368652,0.03215169906616211,1378,0.03348112106323242
2340,PQC,0.04671502113342285,0.04111003875732422,3138,0.03499150276184082
2340,AES,0.03954577445983887,0.0366363525390625,1730,0.03188371658325195
2340,No_Encryption,0.03192901611328125,0.03202366828918457,1378,0.03804636001586914
2341,PQC,0.04483342170715332,0.04147672653198242,3138,0.03699827194213867
2341,AES,0.05406022071838379,0.04229855537414551,1730,0.039646148681640625
2341,No_Encryption,0.036031484603881836,0.03334379196166992,1378,0.04025125503540039
2342,PQC,0.04389643669128418,0.04727935791015625,3138,0.038641929626464844
2342,AES,0.04315805435180664,0.038262367248535156,1730,0.03813934326171875
2342,No_Encryption,0.03795051574707031,0.031467437744140625,1378,0.037687063217163086
2343,PQC,0.044119834899902344,0.04685664176940918,3138,0.035395145416259766
2343,AES,0.03729867935180664,0.03553962707519531,1730,0.033145904541015625
2343,No_Encryption,0.03491926193237305,0.032140254974365234,1378,0.0412592887878418
2344,PQC,0.04327511787414551,0.041242361068725586,3138,0.03488492965698242
2344,AES,0.03453207015991211,0.035756826400756836,1730,0.0369267463684082
2344,No_Encryption,0.03580927848815918,0.030982494354248047,1378,0.03537344932556152
2345,PQC,0.043657541275024414,0.03981900215148926,3138,0.032555341720581055
2345,AES,0.04337120056152344,0.03386259078979492,1730,0.03229117393493652
2345,No_Encryption,0.03500628471374512,0.03112506866455078,1378,0.0325624942779541
2346,PQC,0.041771650314331055,0.042691946029663086,3138,0.032277822494506836
2346,AES,0.03657650947570801,0.033890485763549805,1730,0.03539848327636719
2346,No_Encryption,0.036932945251464844,0.030500173568725586,1378,0.03223681449890137
2347,PQC,0.042177438735961914,0.03630471229553223,3138,0.03398704528808594
2347,AES,0.03437995910644531,0.03536105155944824,1730,0.031708478927612305
2347,No_Encryption,0.029735803604125977,0.02907419204711914,1378,0.039463043212890625
2348,PQC,0.04231905937194824,0.03799128532409668,3138,0.032212257385253906
2348,AES,0.03462839126586914,0.033895254135131836,1730,0.03094625473022461
2348,No_Encryption,0.03013467788696289,0.030692338943481445,1378,0.035236358642578125
2349,PQC,0.03860616683959961,0.038556814193725586,3138,0.03449201583862305
2349,AES,0.039725303649902344,0.03233528137207031,1730,0.03280329704284668
2349,No_Encryption,0.0352630615234375,0.03152346611022949,1378,0.03496980667114258
2350,PQC,0.04120683670043945,0.040306806564331055,3138,0.03229522705078125
2350,AES,0.03346610069274902,0.03333759307861328,1730,0.03439617156982422
2350,No_Encryption,0.03451681137084961,0.031725406646728516,1378,0.031577348709106445
2351,PQC,0.043175697326660156,0.038649797439575195,3138,0.03180575370788574
2351,AES,0.03368377685546875,0.03361868858337402,1730,0.03143191337585449
2351,No_Encryption,0.03345823287963867,0.02907419204711914,1378,0.0314335823059082
2352,PQC,0.0467987060546875,0.0412898063659668,3138,0.03156089782714844
2352,AES,0.04099678993225098,0.03565263748168945,1730,0.03264760971069336
2352,No_Encryption,0.036644935607910156,0.030761241912841797,1378,0.03701305389404297
2353,PQC,0.04529404640197754,0.039087772369384766,3138,0.03207993507385254
2353,AES,0.036899566650390625,0.032591819763183594,1730,0.03526949882507324
2353,No_Encryption,0.03702902793884277,0.029263734817504883,1378,0.032419681549072266
2354,PQC,0.041567087173461914,0.04460716247558594,3138,0.03522849082946777
2354,AES,0.03389739990234375,0.039087533950805664,1730,0.04169344902038574
2354,No_Encryption,0.037550926208496094,0.03417062759399414,1378,0.039116621017456055
2355,PQC,0.04290056228637695,0.04529428482055664,3138,0.0347440242767334
2355,AES,0.037436485290527344,0.036740779876708984,1730,0.03731036186218262
2355,No_Encryption,0.040618181228637695,0.034525394439697266,1378,0.03757333755493164
2356,PQC,0.04849433898925781,0.04872632026672363,3138,0.0431363582611084
2356,AES,0.03896331787109375,0.037199974060058594,1730,0.038500308990478516
2356,No_Encryption,0.03321552276611328,0.03466796875,1378,0.039556026458740234
2357,PQC,0.04520559310913086,0.046007394790649414,3138,0.03546905517578125
2357,AES,0.03539419174194336,0.03233957290649414,1730,0.0340578556060791
2357,No_Encryption,0.031585693359375,0.03301358222961426,1378,0.03555583953857422
2358,PQC,0.04658246040344238,0.04080557823181152,3138,0.03520798683166504
2358,AES,0.046549081802368164,0.03930401802062988,1730,0.0360102653503418
2358,No_Encryption,0.033617258071899414,0.030181169509887695,1378,0.03390932083129883
2359,PQC,0.04296422004699707,0.038810014724731445,3138,0.03329944610595703
2359,AES,0.041407108306884766,0.035936594009399414,1730,0.034487247467041016
2359,No_Encryption,0.03405404090881348,0.03054046630859375,1378,0.03363037109375
2360,PQC,0.04214906692504883,0.04250669479370117,3138,0.03492569923400879
2360,AES,0.03806900978088379,0.036644935607910156,1730,0.03412199020385742
2360,No_Encryption,0.036214590072631836,0.034651756286621094,1378,0.03760075569152832
2361,PQC,0.04224991798400879,0.04409503936767578,3138,0.03378105163574219
2361,AES,0.03501248359680176,0.039057254791259766,1730,0.0377810001373291
2361,No_Encryption,0.040483713150024414,0.03034353256225586,1378,0.03535151481628418
2362,PQC,0.03900003433227539,0.03964972496032715,3138,0.030323266983032227
2362,AES,0.04127669334411621,0.035151004791259766,1730,0.03470778465270996
2362,No_Encryption,0.033143043518066406,0.030814409255981445,1378,0.036992788314819336
2363,PQC,0.0378575325012207,0.04384970664978027,3138,0.03374505043029785
2363,AES,0.034505605697631836,0.03518319129943848,1730,0.03610420227050781
2363,No_Encryption,0.03935050964355469,0.03058767318725586,1378,0.03191637992858887
2364,PQC,0.04268598556518555,0.03655576705932617,3138,0.03483223915100098
2364,AES,0.04115772247314453,0.03428387641906738,1730,0.033854007720947266
2364,No_Encryption,0.03420209884643555,0.02879476547241211,1378,0.03506636619567871
2365,PQC,0.05253434181213379,0.03962254524230957,3138,0.03411364555358887
2365,AES,0.038335561752319336,0.03505063056945801,1730,0.03676962852478027
2365,No_Encryption,0.04320049285888672,0.03119659423828125,1378,0.03664708137512207
2366,PQC,0.04425978660583496,0.04449176788330078,3138,0.03815793991088867
2366,AES,0.03952908515930176,0.03858661651611328,1730,0.03419899940490723
2366,No_Encryption,0.06627559661865234,0.039072513580322266,1378,0.03824782371520996
2367,PQC,0.04392647743225098,0.04514789581298828,3138,0.03446674346923828
2367,AES,0.03991198539733887,0.03783988952636719,1730,0.03653383255004883
2367,No_Encryption,0.03396248817443848,0.03241324424743652,1378,0.037317752838134766
2368,PQC,0.054639577865600586,0.04217410087585449,3138,0.03670048713684082
2368,AES,0.03586077690124512,0.03823232650756836,1730,0.032683610916137695
2368,No_Encryption,0.03535270690917969,0.032944440841674805,1378,0.03528952598571777
2369,PQC,0.047417640686035156,0.04074573516845703,3138,0.03639364242553711
2369,AES,0.04021763801574707,0.039469242095947266,1730,0.03840994834899902
2369,No_Encryption,0.03935837745666504,0.03192257881164551,1378,0.03649020195007324
2370,PQC,0.04628324508666992,0.04242444038391113,3138,0.03357863426208496
2370,AES,0.04150652885437012,0.03692340850830078,1730,0.03334450721740723
2370,No_Encryption,0.03666234016418457,0.032297372817993164,1378,0.03414154052734375
2371,PQC,0.048615455627441406,0.04345250129699707,3138,0.034943580627441406
2371,AES,0.03496360778808594,0.034188270568847656,1730,0.03417086601257324
2371,No_Encryption,0.031830549240112305,0.0304410457611084,1378,0.03783226013183594
2372,PQC,0.04464912414550781,0.036240339279174805,3138,0.03357529640197754
2372,AES,0.04028511047363281,0.03246808052062988,1730,0.03209638595581055
2372,No_Encryption,0.03979802131652832,0.02971816062927246,1378,0.03413724899291992
2373,PQC,0.04426908493041992,0.04031729698181152,3138,0.03295493125915527
2373,AES,0.04192924499511719,0.0334625244140625,1730,0.0348052978515625
2373,No_Encryption,0.031952619552612305,0.028389930725097656,1378,0.033533334732055664
2374,PQC,0.04002714157104492,0.038565874099731445,3138,0.03171396255493164
2374,AES,0.03874063491821289,0.033535003662109375,1730,0.030395030975341797
2374,No_Encryption,0.034537553787231445,0.031245946884155273,1378,0.03557109832763672
2375,PQC,0.04464864730834961,0.04157757759094238,3138,0.0329136848449707
2375,AES,0.032743215560913086,0.035117149353027344,1730,0.03319907188415527
2375,No_Encryption,0.03805994987487793,0.03076624870300293,1378,0.032208919525146484
2376,PQC,0.043148040771484375,0.036600589752197266,3138,0.030301570892333984
2376,AES,0.030838727951049805,0.0336456298828125,1730,0.032369375228881836
2376,No_Encryption,0.03235459327697754,0.02872443199157715,1378,0.031560420989990234
2377,PQC,0.040667057037353516,0.03538680076599121,3138,0.0327911376953125
2377,AES,0.038382768630981445,0.03733491897583008,1730,0.03320503234863281
2377,No_Encryption,0.03127932548522949,0.03031301498413086,1378,0.033621788024902344
2378,PQC,0.04317474365234375,0.040070533752441406,3138,0.03323054313659668
2378,AES,0.033997535705566406,0.0323185920715332,1730,0.03040909767150879
2378,No_Encryption,0.03330373764038086,0.029231548309326172,1378,0.032796382904052734
2379,PQC,0.03888869285583496,0.037195682525634766,3138,0.03328275680541992
2379,AES,0.041831016540527344,0.03493237495422363,1730,0.03227567672729492
2379,No_Encryption,0.03638315200805664,0.03259611129760742,1378,0.03481316566467285
2380,PQC,0.0449824333190918,0.04665875434875488,3138,0.038063764572143555
2380,AES,0.03984498977661133,0.04013776779174805,1730,0.038633108139038086
2380,No_Encryption,0.03584694862365723,0.03128242492675781,1378,0.037042856216430664
2381,PQC,0.048369407653808594,0.0394442081451416,3138,0.03603410720825195
2381,AES,0.04683494567871094,0.038016319274902344,1730,0.035654544830322266
2381,No_Encryption,0.04349040985107422,0.033513784408569336,1378,0.0352168083190918
2382,PQC,0.04232144355773926,0.0399165153503418,3138,0.03698611259460449
2382,AES,0.03512978553771973,0.03343915939331055,1730,0.03604435920715332
2382,No_Encryption,0.038724422454833984,0.03196072578430176,1378,0.03766226768493652
2383,PQC,0.04400467872619629,0.04355502128601074,3138,0.036746978759765625
2383,AES,0.03574800491333008,0.03426408767700195,1730,0.0366060733795166
2383,No_Encryption,0.03761482238769531,0.0325777530670166,1378,0.03417015075683594
2384,PQC,0.0440068244934082,0.04374122619628906,3138,0.0353238582611084
2384,AES,0.039998769760131836,0.03374457359313965,1730,0.033057451248168945
2384,No_Encryption,0.03831195831298828,0.02742457389831543,1378,0.03727078437805176
2385,PQC,0.04472517967224121,0.04119992256164551,3138,0.03685760498046875
2385,AES,0.037641286849975586,0.03563046455383301,1730,0.03298616409301758
2385,No_Encryption,0.03253030776977539,0.030752897262573242,1378,0.03146028518676758
2386,PQC,0.043111324310302734,0.04428672790527344,3138,0.033452510833740234
2386,AES,0.04251551628112793,0.036904335021972656,1730,0.03623342514038086
2386,No_Encryption,0.037663936614990234,0.02995443344116211,1378,0.03390073776245117
2387,PQC,0.041960954666137695,0.04208183288574219,3138,0.03434634208679199
2387,AES,0.03837299346923828,0.036255836486816406,1730,0.03735947608947754
2387,No_Encryption,0.036119699478149414,0.03050851821899414,1378,0.036485910415649414
2388,PQC,0.040593862533569336,0.04233217239379883,3138,0.037545204162597656
2388,AES,0.0386195182800293,0.03294730186462402,1730,0.03385663032531738
2388,No_Encryption,0.03676414489746094,0.033579111099243164,1378,0.034311532974243164
2389,PQC,0.039060354232788086,0.042510271072387695,3138,0.033814430236816406
2389,AES,0.03720879554748535,0.03732776641845703,1730,0.035227298736572266
2389,No_Encryption,0.03663754463195801,0.03007674217224121,1378,0.037461042404174805
2390,PQC,0.04817080497741699,0.03991436958312988,3138,0.032681941986083984
2390,AES,0.03457832336425781,0.035033226013183594,1730,0.03295135498046875
2390,No_Encryption,0.03633308410644531,0.028929948806762695,1378,0.03292059898376465
2391,PQC,0.04264473915100098,0.04159235954284668,3138,0.03862309455871582
2391,AES,0.05593442916870117,0.038988351821899414,1730,0.03910565376281738
2391,No_Encryption,0.033623695373535156,0.03177595138549805,1378,0.03379416465759277
2392,PQC,0.04529762268066406,0.0401456356048584,3138,0.036759376525878906
2392,AES,0.040091753005981445,0.04051613807678223,1730,0.03557276725769043
2392,No_Encryption,0.037587642669677734,0.03607916831970215,1378,0.03851175308227539
2393,PQC,0.04280447959899902,0.04004168510437012,3138,0.03652381896972656
2393,AES,0.037104129791259766,0.03648948669433594,1730,0.03841829299926758
2393,No_Encryption,0.03850126266479492,0.03218960762023926,1378,0.03298044204711914
2394,PQC,0.044788360595703125,0.04312705993652344,3138,0.032869577407836914
2394,AES,0.03831076622009277,0.037703514099121094,1730,0.0350039005279541
2394,No_Encryption,0.03934621810913086,0.033020734786987305,1378,0.03555417060852051
2395,PQC,0.038271188735961914,0.037624359130859375,3138,0.03295421600341797
2395,AES,0.033061981201171875,0.035891056060791016,1730,0.032137155532836914
2395,No_Encryption,0.030423402786254883,0.029862642288208008,1378,0.034832000732421875
2396,PQC,0.04338550567626953,0.03517556190490723,3138,0.03191232681274414
2396,AES,0.03469133377075195,0.03472471237182617,1730,0.03439188003540039
2396,No_Encryption,0.03600955009460449,0.03093266487121582,1378,0.034502506256103516
2397,PQC,0.03688549995422363,0.04258370399475098,3138,0.032416582107543945
2397,AES,0.0325925350189209,0.03993630409240723,1730,0.0403447151184082
2397,No_Encryption,0.03647589683532715,0.030969619750976562,1378,0.03557014465332031
2398,PQC,0.048854827880859375,0.03994297981262207,3138,0.03387951850891113
2398,AES,0.03732562065124512,0.03522968292236328,1730,0.03371548652648926
2398,No_Encryption,0.032335758209228516,0.03149700164794922,1378,0.03407859802246094
2399,PQC,0.04819774627685547,0.04428672790527344,3138,0.03394651412963867
2399,AES,0.036687612533569336,0.036252737045288086,1730,0.037046194076538086
2399,No_Encryption,0.04296541213989258,0.0314640998840332,1378,0.03226423263549805
2400,PQC,0.043847084045410156,0.04155564308166504,3138,0.03126239776611328
2400,AES,0.03360152244567871,0.036367177963256836,1730,0.03405117988586426
2400,No_Encryption,0.03259539604187012,0.031923532485961914,1378,0.03195071220397949
2401,PQC,0.041785240173339844,0.03862428665161133,3138,0.0353856086730957
2401,AES,0.035527944564819336,0.03588557243347168,1730,0.037087202072143555
2401,No_Encryption,0.034424543380737305,0.028818845748901367,1378,0.03431296348571777
2402,PQC,0.0455479621887207,0.040848731994628906,3138,0.03611922264099121
2402,AES,0.0433042049407959,0.03801417350769043,1730,0.036581993103027344
2402,No_Encryption,0.03464221954345703,0.03189826011657715,1378,0.03392910957336426
2403,PQC,0.04157543182373047,0.04241132736206055,3138,0.03360748291015625
2403,AES,0.033891916275024414,0.03431963920593262,1730,0.03125190734863281
2403,No_Encryption,0.034204959869384766,0.03424644470214844,1378,0.04519987106323242
2404,PQC,0.04996991157531738,0.05416154861450195,3138,0.04175925254821777
2404,AES,0.046158790588378906,0.04558157920837402,1730,0.044451236724853516
2404,No_Encryption,0.038306474685668945,0.042821645736694336,1378,0.04632449150085449
2405,PQC,0.05400586128234863,0.053708791732788086,3138,0.04632687568664551
2405,AES,0.04476141929626465,0.04833221435546875,1730,0.047569990158081055
2405,No_Encryption,0.03943967819213867,0.042295217514038086,1378,0.04540228843688965
2406,PQC,0.04456591606140137,0.050943851470947266,3138,0.04472160339355469
2406,AES,0.05002760887145996,0.040157318115234375,1730,0.04216957092285156
2406,No_Encryption,0.039934635162353516,0.03684663772583008,1378,0.038719892501831055
2407,PQC,0.04630637168884277,0.04383683204650879,3138,0.04048323631286621
2407,AES,0.04334521293640137,0.04280281066894531,1730,0.03825998306274414
2407,No_Encryption,0.03650641441345215,0.033867597579956055,1378,0.03947949409484863
2408,PQC,0.044651031494140625,0.0415797233581543,3138,0.043149471282958984
2408,AES,0.03941750526428223,0.03740215301513672,1730,0.03764224052429199
2408,No_Encryption,0.03206014633178711,0.03037571907043457,1378,0.04163193702697754
2409,PQC,0.04970073699951172,0.040862321853637695,3138,0.03533625602722168
2409,AES,0.038289785385131836,0.0339961051940918,1730,0.03246593475341797
2409,No_Encryption,0.035186052322387695,0.034375667572021484,1378,0.04313826560974121
2410,PQC,0.04735827445983887,0.0469050407409668,3138,0.039815664291381836
2410,AES,0.0383608341217041,0.0362401008605957,1730,0.03605484962463379
2410,No_Encryption,0.03576779365539551,0.0330350399017334,1378,0.036539316177368164
2411,PQC,0.04027676582336426,0.04420590400695801,3138,0.03362870216369629
2411,AES,0.036464691162109375,0.03720664978027344,1730,0.03472757339477539
2411,No_Encryption,0.0335845947265625,0.030322790145874023,1378,0.03230452537536621
2412,PQC,0.04494333267211914,0.039769887924194336,3138,0.03663945198059082
2412,AES,0.037946224212646484,0.03452563285827637,1730,0.03407406806945801
2412,No_Encryption,0.0412144660949707,0.031029224395751953,1378,0.03816509246826172
2413,PQC,0.041146278381347656,0.0408320426940918,3138,0.03778076171875
2413,AES,0.036887168884277344,0.03603053092956543,1730,0.0337986946105957
2413,No_Encryption,0.03318333625793457,0.027315855026245117,1378,0.03322887420654297
2414,PQC,0.04418301582336426,0.04498648643493652,3138,0.03183722496032715
2414,AES,0.039292335510253906,0.04125022888183594,1730,0.03531813621520996
2414,No_Encryption,0.03839373588562012,0.03134655952453613,1378,0.032568931579589844
2415,PQC,0.044278621673583984,0.038602352142333984,3138,0.034868478775024414
2415,AES,0.05020022392272949,0.042136430740356445,1730,0.03715825080871582
2415,No_Encryption,0.039450883865356445,0.031949758529663086,1378,0.03818988800048828
2416,PQC,0.048551321029663086,0.0449678897857666,3138,0.037065982818603516
2416,AES,0.046209096908569336,0.03918743133544922,1730,0.03444623947143555
2416,No_Encryption,0.03741455078125,0.03250312805175781,1378,0.035123586654663086
2417,PQC,0.04056882858276367,0.04165458679199219,3138,0.03547954559326172
2417,AES,0.03361773490905762,0.03503704071044922,1730,0.034126996994018555
2417,No_Encryption,0.04000544548034668,0.03145313262939453,1378,0.034551382064819336
2418,PQC,0.04442572593688965,0.0423741340637207,3138,0.033358097076416016
2418,AES,0.04546332359313965,0.03804945945739746,1730,0.03357720375061035
2418,No_Encryption,0.0332489013671875,0.02955484390258789,1378,0.037108421325683594
2419,PQC,0.05238938331604004,0.035933494567871094,3138,0.03097844123840332
2419,AES,0.033061981201171875,0.034629106521606445,1730,0.03257155418395996
2419,No_Encryption,0.03540158271789551,0.031441688537597656,1378,0.037978410720825195
2420,PQC,0.03983306884765625,0.0386812686920166,3138,0.036789894104003906
2420,AES,0.03638744354248047,0.03373003005981445,1730,0.0350489616394043
2420,No_Encryption,0.03945469856262207,0.03151750564575195,1378,0.037494659423828125
2421,PQC,0.05321478843688965,0.044809818267822266,3138,0.03273963928222656
2421,AES,0.0356752872467041,0.03491020202636719,1730,0.033739328384399414
2421,No_Encryption,0.03564119338989258,0.031215429306030273,1378,0.03590869903564453
2422,PQC,0.04093194007873535,0.037200927734375,3138,0.03320503234863281
2422,AES,0.03833651542663574,0.03540635108947754,1730,0.0357518196105957
2422,No_Encryption,0.03976297378540039,0.033468008041381836,1378,0.03614521026611328
2423,PQC,0.03918623924255371,0.04555153846740723,3138,0.03473258018493652
2423,AES,0.035695552825927734,0.037078857421875,1730,0.03360939025878906
2423,No_Encryption,0.03466606140136719,0.03167843818664551,1378,0.037987709045410156
2424,PQC,0.04294133186340332,0.037706613540649414,3138,0.03473234176635742
2424,AES,0.0356292724609375,0.033792734146118164,1730,0.0334010124206543
2424,No_Encryption,0.035935401916503906,0.030466794967651367,1378,0.03501725196838379
2425,PQC,0.04506993293762207,0.04288005828857422,3138,0.03379249572753906
2425,AES,0.04170870780944824,0.04150819778442383,1730,0.03619122505187988
2425,No_Encryption,0.03749418258666992,0.0324406623840332,1378,0.040209293365478516
2426,PQC,0.04503321647644043,0.040827274322509766,3138,0.03695511817932129
2426,AES,0.04147505760192871,0.037615299224853516,1730,0.034700632095336914
2426,No_Encryption,0.04023551940917969,0.03155231475830078,1378,0.03427600860595703
2427,PQC,0.04531359672546387,0.04286670684814453,3138,0.03615307807922363
2427,AES,0.03799319267272949,0.037284135818481445,1730,0.04173541069030762
2427,No_Encryption,0.0392308235168457,0.035460710525512695,1378,0.0370783805847168
2428,PQC,0.04407668113708496,0.04311704635620117,3138,0.03679156303405762
2428,AES,0.04488039016723633,0.03643798828125,1730,0.03605318069458008
2428,No_Encryption,0.04061603546142578,0.03367304801940918,1378,0.03900933265686035
2429,PQC,0.045960426330566406,0.04249238967895508,3138,0.03550863265991211
2429,AES,0.03567695617675781,0.038054704666137695,1730,0.03848576545715332
2429,No_Encryption,0.03931474685668945,0.0334322452545166,1378,0.035280466079711914
2430,PQC,0.04569745063781738,0.04143047332763672,3138,0.03500938415527344
2430,AES,0.060109853744506836,0.04252004623413086,1730,0.03952169418334961
2430,No_Encryption,0.03826260566711426,0.03400158882141113,1378,0.041673898696899414
2431,PQC,0.050034523010253906,0.045076608657836914,3138,0.04069852828979492
2431,AES,0.03662228584289551,0.03667473793029785,1730,0.034384727478027344
2431,No_Encryption,0.03589129447937012,0.036171674728393555,1378,0.03715014457702637
2432,PQC,0.04883146286010742,0.040513038635253906,3138,0.033487558364868164
2432,AES,0.04017305374145508,0.03515958786010742,1730,0.03782987594604492
2432,No_Encryption,0.04327869415283203,0.03122711181640625,1378,0.0342860221862793
2433,PQC,0.044644832611083984,0.03832125663757324,3138,0.03674888610839844
2433,AES,0.03844165802001953,0.03419137001037598,1730,0.033103227615356445
2433,No_Encryption,0.03555154800415039,0.03252458572387695,1378,0.033154964447021484
2434,PQC,0.04166293144226074,0.038558244705200195,3138,0.03246665000915527
2434,AES,0.03684353828430176,0.039586782455444336,1730,0.034223318099975586
2434,No_Encryption,0.03334665298461914,0.03152775764465332,1378,0.037435293197631836
2435,PQC,0.04351973533630371,0.03989672660827637,3138,0.034470558166503906
2435,AES,0.04340529441833496,0.03443789482116699,1730,0.031560420989990234
2435,No_Encryption,0.041275978088378906,0.028605937957763672,1378,0.03437495231628418
2436,PQC,0.0506439208984375,0.037931203842163086,3138,0.03154802322387695
2436,AES,0.034552812576293945,0.03287220001220703,1730,0.04015398025512695
2436,No_Encryption,0.03332662582397461,0.02963542938232422,1378,0.035904645919799805
2437,PQC,0.04118847846984863,0.04249167442321777,3138,0.03709673881530762
2437,AES,0.03993034362792969,0.03431558609008789,1730,0.035942792892456055
2437,No_Encryption,0.04636502265930176,0.02841472625732422,1378,0.036843061447143555
2438,PQC,0.05979299545288086,0.04027390480041504,3138,0.03233146667480469
2438,AES,0.03390669822692871,0.03617429733276367,1730,0.037601470947265625
2438,No_Encryption,0.03738093376159668,0.03106093406677246,1378,0.035413503646850586
2439,PQC,0.04286623001098633,0.040619611740112305,3138,0.03579854965209961
2439,AES,0.04237842559814453,0.03464818000793457,1730,0.03412675857543945
2439,No_Encryption,0.03469538688659668,0.032201528549194336,1378,0.034871578216552734
2440,PQC,0.04301285743713379,0.044648170471191406,3138,0.0457911491394043
2440,AES,0.045057058334350586,0.04009604454040527,1730,0.038515329360961914
2440,No_Encryption,0.04031109809875488,0.03433394432067871,1378,0.036261796951293945
2441,PQC,0.04754638671875,0.04277753829956055,3138,0.03735661506652832
2441,AES,0.040900230407714844,0.035082340240478516,1730,0.03617978096008301
2441,No_Encryption,0.03510284423828125,0.03408050537109375,1378,0.04046154022216797
2442,PQC,0.04792952537536621,0.04074430465698242,3138,0.03448319435119629
2442,AES,0.03723263740539551,0.034902095794677734,1730,0.03824281692504883
2442,No_Encryption,0.04143238067626953,0.030030488967895508,1378,0.03237724304199219
2443,PQC,0.040338993072509766,0.04279804229736328,3138,0.03218865394592285
2443,AES,0.03528785705566406,0.034813880920410156,1730,0.03308224678039551
2443,No_Encryption,0.031108617782592773,0.029771089553833008,1378,0.03512120246887207
2444,PQC,0.041658878326416016,0.041139841079711914,3138,0.030193805694580078
2444,AES,0.03274035453796387,0.0361180305480957,1730,0.031728267669677734
2444,No_Encryption,0.032088518142700195,0.026773691177368164,1378,0.03284454345703125
2445,PQC,0.0429840087890625,0.038091182708740234,3138,0.03287506103515625
2445,AES,0.03566384315490723,0.035898447036743164,1730,0.03559398651123047
2445,No_Encryption,0.032961368560791016,0.028249263763427734,1378,0.03137564659118652
2446,PQC,0.04077959060668945,0.04144287109375,3138,0.030287981033325195
2446,AES,0.03557920455932617,0.03442263603210449,1730,0.03145146369934082
2446,No_Encryption,0.0425262451171875,0.027700424194335938,1378,0.030507326126098633
2447,PQC,0.04124927520751953,0.03983616828918457,3138,0.03387117385864258
2447,AES,0.03858470916748047,0.035475969314575195,1730,0.031198501586914062
2447,No_Encryption,0.032457590103149414,0.03102898597717285,1378,0.03507351875305176
2448,PQC,0.039084434509277344,0.04074835777282715,3138,0.03341269493103027
2448,AES,0.03293490409851074,0.03210306167602539,1730,0.03180265426635742
2448,No_Encryption,0.03568601608276367,0.028122663497924805,1378,0.03262138366699219
2449,PQC,0.0376129150390625,0.040544986724853516,3138,0.03445863723754883
2449,AES,0.031296730041503906,0.035314321517944336,1730,0.03433585166931152
2449,No_Encryption,0.034456491470336914,0.028186559677124023,1378,0.03130483627319336
2450,PQC,0.039536237716674805,0.03800487518310547,3138,0.030391454696655273
2450,AES,0.03757762908935547,0.03738069534301758,1730,0.0323796272277832
2450,No_Encryption,0.02825617790222168,0.027850627899169922,1378,0.034162044525146484
2451,PQC,0.04667067527770996,0.03845548629760742,3138,0.034830570220947266
2451,AES,0.034844398498535156,0.03039097785949707,1730,0.030854225158691406
2451,No_Encryption,0.0421452522277832,0.031140565872192383,1378,0.031240463256835938
2452,PQC,0.03876852989196777,0.03586173057556152,3138,0.035835981369018555
2452,AES,0.03947949409484863,0.033368825912475586,1730,0.03431439399719238
2452,No_Encryption,0.051432132720947266,0.028151750564575195,1378,0.03171539306640625
2453,PQC,0.04073309898376465,0.03820061683654785,3138,0.030517578125
2453,AES,0.031433820724487305,0.03291654586791992,1730,0.03262639045715332
2453,No_Encryption,0.036214590072631836,0.02920365333557129,1378,0.03331780433654785
2454,PQC,0.04021501541137695,0.04004549980163574,3138,0.02897357940673828
2454,AES,0.054688215255737305,0.04079461097717285,1730,0.037653207778930664
2454,No_Encryption,0.04379677772521973,0.03398442268371582,1378,0.03656959533691406
2455,PQC,0.04679274559020996,0.04034757614135742,3138,0.03750014305114746
2455,AES,0.03783249855041504,0.038793087005615234,1730,0.03522944450378418
2455,No_Encryption,0.03439593315124512,0.03235220909118652,1378,0.03985738754272461
2456,PQC,0.04681277275085449,0.04058957099914551,3138,0.0340726375579834
2456,AES,0.035687923431396484,0.035924434661865234,1730,0.03317594528198242
2456,No_Encryption,0.03937029838562012,0.03200674057006836,1378,0.035646915435791016
2457,PQC,0.04218339920043945,0.040968894958496094,3138,0.038059234619140625
2457,AES,0.03258562088012695,0.03319096565246582,1730,0.03433084487915039
2457,No_Encryption,0.03908371925354004,0.033356428146362305,1378,0.03550553321838379
2458,PQC,0.041224002838134766,0.04078221321105957,3138,0.031052112579345703
2458,AES,0.03688812255859375,0.03336191177368164,1730,0.03624677658081055
2458,No_Encryption,0.03750443458557129,0.031659603118896484,1378,0.03603482246398926
2459,PQC,0.0497279167175293,0.03960227966308594,3138,0.0326230525970459
2459,AES,0.03620767593383789,0.03445315361022949,1730,0.03665494918823242
2459,No_Encryption,0.03310704231262207,0.0307309627532959,1378,0.035971641540527344
2460,PQC,0.04168105125427246,0.03966474533081055,3138,0.03590059280395508
2460,AES,0.039217472076416016,0.03483414649963379,1730,0.0327301025390625
2460,No_Encryption,0.03822469711303711,0.03146839141845703,1378,0.03262948989868164
2461,PQC,0.046278953552246094,0.03766345977783203,3138,0.03352499008178711
2461,AES,0.042695045471191406,0.03853034973144531,1730,0.03572416305541992
2461,No_Encryption,0.0346376895904541,0.032907962799072266,1378,0.037007808685302734
2462,PQC,0.04278135299682617,0.03961682319641113,3138,0.03282499313354492
2462,AES,0.039716243743896484,0.034903764724731445,1730,0.03386640548706055
2462,No_Encryption,0.040787458419799805,0.03074932098388672,1378,0.034822702407836914
2463,PQC,0.03930306434631348,0.0371854305267334,3138,0.03549766540527344
2463,AES,0.03555750846862793,0.03596973419189453,1730,0.0334014892578125
2463,No_Encryption,0.032138824462890625,0.030326366424560547,1378,0.0347743034362793
2464,PQC,0.04953813552856445,0.03841423988342285,3138,0.03629040718078613
2464,AES,0.04257321357727051,0.033693790435791016,1730,0.03332066535949707
2464,No_Encryption,0.0320897102355957,0.02949047088623047,1378,0.03457140922546387
2465,PQC,0.042940616607666016,0.03978085517883301,3138,0.03362154960632324
2465,AES,0.035031795501708984,0.03356647491455078,1730,0.03998446464538574
2465,No_Encryption,0.0383453369140625,0.032521724700927734,1378,0.030748844146728516
2466,PQC,0.040332794189453125,0.04242587089538574,3138,0.035303592681884766
2466,AES,0.039221763610839844,0.03632855415344238,1730,0.03572225570678711
2466,No_Encryption,0.037175655364990234,0.03175544738769531,1378,0.0361483097076416
2467,PQC,0.05374717712402344,0.04912114143371582,3138,0.0395505428314209
2467,AES,0.03986978530883789,0.0417027473449707,1730,0.04216933250427246
2467,No_Encryption,0.04733443260192871,0.03262758255004883,1378,0.03473234176635742
2468,PQC,0.04689216613769531,0.04320716857910156,3138,0.039215803146362305
2468,AES,0.04918527603149414,0.0373384952545166,1730,0.03629612922668457
2468,No_Encryption,0.03743314743041992,0.033695220947265625,1378,0.037284135818481445
2469,PQC,0.04379010200500488,0.04106426239013672,3138,0.037154436111450195
2469,AES,0.04125475883483887,0.0351409912109375,1730,0.034681081771850586
2469,No_Encryption,0.03985095024108887,0.030963420867919922,1378,0.03326082229614258
2470,PQC,0.04421257972717285,0.04159116744995117,3138,0.03546452522277832
2470,AES,0.032622337341308594,0.03515362739562988,1730,0.034252166748046875
2470,No_Encryption,0.04212164878845215,0.03173017501831055,1378,0.036539554595947266
2471,PQC,0.039232492446899414,0.03986763954162598,3138,0.03261113166809082
2471,AES,0.037078857421875,0.03342008590698242,1730,0.03306913375854492
2471,No_Encryption,0.04516959190368652,0.030951499938964844,1378,0.03334832191467285
2472,PQC,0.039717674255371094,0.039343833923339844,3138,0.03398871421813965
2472,AES,0.03262042999267578,0.03278660774230957,1730,0.03444337844848633
2472,No_Encryption,0.0435185432434082,0.028718233108520508,1378,0.03251314163208008
2473,PQC,0.03957366943359375,0.04006457328796387,3138,0.03409004211425781
2473,AES,0.03251028060913086,0.035866498947143555,1730,0.033881187438964844
2473,No_Encryption,0.03553891181945801,0.030133962631225586,1378,0.03666257858276367
2474,PQC,0.04411149024963379,0.041481733322143555,3138,0.03371262550354004
2474,AES,0.03964829444885254,0.0358731746673584,1730,0.03517961502075195
2474,No_Encryption,0.041410207748413086,0.03142690658569336,1378,0.03306174278259277
2475,PQC,0.04250335693359375,0.040833234786987305,3138,0.033728837966918945
2475,AES,0.03433394432067871,0.03580474853515625,1730,0.03364109992980957
2475,No_Encryption,0.036210060119628906,0.02843928337097168,1378,0.031885385513305664
2476,PQC,0.04664278030395508,0.037003517150878906,3138,0.030324459075927734
2476,AES,0.03328061103820801,0.032128095626831055,1730,0.032225608825683594
2476,No_Encryption,0.03946566581726074,0.02954554557800293,1378,0.03393697738647461
2477,PQC,0.043341636657714844,0.03897809982299805,3138,0.03313112258911133
2477,AES,0.03746652603149414,0.03441357612609863,1730,0.03405046463012695
2477,No_Encryption,0.03366827964782715,0.02819204330444336,1378,0.03171086311340332
2478,PQC,0.0494234561920166,0.03858804702758789,3138,0.03729367256164551
2478,AES,0.040932655334472656,0.03492474555969238,1730,0.036136627197265625
2478,No_Encryption,0.04004812240600586,0.03193354606628418,1378,0.03511404991149902
2479,PQC,0.04079484939575195,0.03586387634277344,3138,0.030397653579711914
2479,AES,0.039763689041137695,0.03908824920654297,1730,0.03601837158203125
2479,No_Encryption,0.03751873970031738,0.029269933700561523,1378,0.03576231002807617
2480,PQC,0.039231300354003906,0.040872812271118164,3138,0.033867597579956055
2480,AES,0.05506777763366699,0.04551219940185547,1730,0.03617143630981445
2480,No_Encryption,0.03480648994445801,0.03420734405517578,1378,0.035694122314453125
2481,PQC,0.04234051704406738,0.04607510566711426,3138,0.03672480583190918
2481,AES,0.04239344596862793,0.036536455154418945,1730,0.03563880920410156
2481,No_Encryption,0.042534589767456055,0.03283977508544922,1378,0.03707575798034668
2482,PQC,0.04436087608337402,0.043084144592285156,3138,0.03796696662902832
2482,AES,0.034837961196899414,0.03957343101501465,1730,0.03770899772644043
2482,No_Encryption,0.03344321250915527,0.03072214126586914,1378,0.032851219177246094
2483,PQC,0.04819536209106445,0.04095101356506348,3138,0.039752960205078125
2483,AES,0.03807663917541504,0.03748583793640137,1730,0.03182363510131836
2483,No_Encryption,0.03423810005187988,0.0312504768371582,1378,0.034532785415649414
2484,PQC,0.038340091705322266,0.03822159767150879,3138,0.03070831298828125
2484,AES,0.040158748626708984,0.03205728530883789,1730,0.03098440170288086
2484,No_Encryption,0.03325057029724121,0.031107187271118164,1378,0.03480958938598633
2485,PQC,0.03709745407104492,0.03760361671447754,3138,0.03144073486328125
2485,AES,0.03612089157104492,0.036423444747924805,1730,0.0353391170501709
2485,No_Encryption,0.03183484077453613,0.027864456176757812,1378,0.03270578384399414
2486,PQC,0.04128217697143555,0.04477834701538086,3138,0.035816192626953125
2486,AES,0.03647756576538086,0.03358793258666992,1730,0.03825020790100098
2486,No_Encryption,0.03191018104553223,0.03037238121032715,1378,0.031402587890625
2487,PQC,0.04288220405578613,0.03963136672973633,3138,0.031488656997680664
2487,AES,0.0314640998840332,0.03555917739868164,1730,0.03134322166442871
2487,No_Encryption,0.030448198318481445,0.029202699661254883,1378,0.038316965103149414
2488,PQC,0.038512229919433594,0.035784244537353516,3138,0.037667274475097656
2488,AES,0.03865766525268555,0.03629803657531738,1730,0.0318448543548584
2488,No_Encryption,0.034687042236328125,0.029059886932373047,1378,0.03332805633544922
2489,PQC,0.04140162467956543,0.03676557540893555,3138,0.031394004821777344
2489,AES,0.03133654594421387,0.030497312545776367,1730,0.034639596939086914
2489,No_Encryption,0.03974199295043945,0.028925180435180664,1378,0.0332338809967041
2490,PQC,0.04119157791137695,0.03353142738342285,3138,0.030974388122558594
2490,AES,0.03240180015563965,0.03206896781921387,1730,0.03457307815551758
2490,No_Encryption,0.03477215766906738,0.02993154525756836,1378,0.03313922882080078
2491,PQC,0.04162430763244629,0.03941035270690918,3138,0.03239035606384277
2491,AES,0.03823733329772949,0.031237125396728516,1730,0.03560638427734375
2491,No_Encryption,0.03838801383972168,0.03055715560913086,1378,0.03262591361999512
2492,PQC,0.04081296920776367,0.03903079032897949,3138,0.03320574760437012
2492,AES,0.03489875793457031,0.03272223472595215,1730,0.03197765350341797
2492,No_Encryption,0.03904247283935547,0.028985261917114258,1378,0.035681724548339844
2493,PQC,0.04624438285827637,0.03833913803100586,3138,0.03183460235595703
2493,AES,0.03567194938659668,0.033397674560546875,1730,0.033301353454589844
2493,No_Encryption,0.03293132781982422,0.031203031539916992,1378,0.03566265106201172
2494,PQC,0.05089712142944336,0.048592329025268555,3138,0.0389399528503418
2494,AES,0.03982424736022949,0.03918051719665527,1730,0.03662228584289551
2494,No_Encryption,0.03750038146972656,0.033689260482788086,1378,0.04097580909729004
2495,PQC,0.04473614692687988,0.0437314510345459,3138,0.035941362380981445
2495,AES,0.03496813774108887,0.039916038513183594,1730,0.03336906433105469
2495,No_Encryption,0.04288053512573242,0.032232046127319336,1378,0.033014774322509766
2496,PQC,0.037000417709350586,0.03939509391784668,3138,0.03690528869628906
2496,AES,0.037843942642211914,0.031908273696899414,1730,0.03527235984802246
2496,No_Encryption,0.031893253326416016,0.029579639434814453,1378,0.034667015075683594
2497,PQC,0.050193071365356445,0.03731679916381836,3138,0.03224372863769531
2497,AES,0.03401446342468262,0.03286409378051758,1730,0.03557729721069336
2497,No_Encryption,0.034661293029785156,0.0288846492767334,1378,0.03702807426452637
2498,PQC,0.045162200927734375,0.03737449645996094,3138,0.03394675254821777
2498,AES,0.04589533805847168,0.039191484451293945,1730,0.03452157974243164
2498,No_Encryption,0.0334165096282959,0.033342599868774414,1378,0.037102699279785156
2499,PQC,0.04242968559265137,0.04343390464782715,3138,0.03860974311828613
2499,AES,0.03277873992919922,0.03370165824890137,1730,0.0350031852722168
2499,No_Encryption,0.03572368621826172,0.03235673904418945,1378,0.0357813835144043
2500,PQC,0.04630732536315918,0.04566478729248047,3138,0.034047842025756836
2500,AES,0.037271738052368164,0.03464770317077637,1730,0.03643798828125
2500,No_Encryption,0.036202430725097656,0.033179283142089844,1378,0.035761356353759766
2501,PQC,0.037607669830322266,0.03784680366516113,3138,0.03367781639099121
2501,AES,0.03845643997192383,0.034465789794921875,1730,0.03309750556945801
2501,No_Encryption,0.037386178970336914,0.02989482879638672,1378,0.03302478790283203
2502,PQC,0.0435943603515625,0.041365861892700195,3138,0.03414154052734375
2502,AES,0.03721904754638672,0.03200840950012207,1730,0.03471636772155762
2502,No_Encryption,0.035445451736450195,0.03145742416381836,1378,0.036958932876586914
2503,PQC,0.04234719276428223,0.037203311920166016,3138,0.03498578071594238
2503,AES,0.039190053939819336,0.03658890724182129,1730,0.03367805480957031
2503,No_Encryption,0.033301353454589844,0.02976369857788086,1378,0.03258109092712402
2504,PQC,0.039876699447631836,0.04118824005126953,3138,0.034651994705200195
2504,AES,0.035204410552978516,0.035542964935302734,1730,0.03367471694946289
2504,No_Encryption,0.029161691665649414,0.028252601623535156,1378,0.03439211845397949
2505,PQC,0.04038238525390625,0.03944087028503418,3138,0.03372454643249512
2505,AES,0.0348963737487793,0.03419947624206543,1730,0.03176379203796387
2505,No_Encryption,0.038756608963012695,0.028749465942382812,1378,0.03608417510986328
2506,PQC,0.03971433639526367,0.04080343246459961,3138,0.034474849700927734
2506,AES,0.039804697036743164,0.03409934043884277,1730,0.03683161735534668
2506,No_Encryption,0.03244137763977051,0.029989004135131836,1378,0.03835582733154297
2507,PQC,0.04089975357055664,0.03924870491027832,3138,0.033693790435791016
2507,AES,0.03542137145996094,0.039824485778808594,1730,0.038173675537109375
2507,No_Encryption,0.03302788734436035,0.03632044792175293,1378,0.03737783432006836
2508,PQC,0.04621767997741699,0.04403567314147949,3138,0.03730273246765137
2508,AES,0.03872203826904297,0.03654766082763672,1730,0.03826737403869629
2508,No_Encryption,0.04048442840576172,0.03421926498413086,1378,0.035308837890625
2509,PQC,0.04480338096618652,0.03860068321228027,3138,0.03561902046203613
2509,AES,0.04322052001953125,0.03773856163024902,1730,0.03904843330383301
2509,No_Encryption,0.0371861457824707,0.03284144401550293,1378,0.03637576103210449
2510,PQC,0.04397130012512207,0.04282116889953613,3138,0.03541970252990723
2510,AES,0.03486323356628418,0.03281259536743164,1730,0.032836198806762695
2510,No_Encryption,0.03586387634277344,0.0319061279296875,1378,0.03470492362976074
2511,PQC,0.0432124137878418,0.04523968696594238,3138,0.03325223922729492
2511,AES,0.03753995895385742,0.03302121162414551,1730,0.03302788734436035
2511,No_Encryption,0.04213738441467285,0.0290987491607666,1378,0.03273916244506836
2512,PQC,0.038898468017578125,0.04207491874694824,3138,0.031717538833618164
2512,AES,0.03864455223083496,0.03497195243835449,1730,0.033048391342163086
2512,No_Encryption,0.03527498245239258,0.031100988388061523,1378,0.03242850303649902
2513,PQC,0.03652024269104004,0.042099952697753906,3138,0.03696489334106445
2513,AES,0.036093950271606445,0.03750014305114746,1730,0.039053916931152344
2513,No_Encryption,0.03639626502990723,0.030625581741333008,1378,0.034998416900634766
2514,PQC,0.04696154594421387,0.03819584846496582,3138,0.03538060188293457
2514,AES,0.033698081970214844,0.03325533866882324,1730,0.031197309494018555
2514,No_Encryption,0.035396575927734375,0.02935791015625,1378,0.03740215301513672
2515,PQC,0.04098320007324219,0.03826594352722168,3138,0.03450965881347656
2515,AES,0.04293370246887207,0.034320831298828125,1730,0.036161184310913086
2515,No_Encryption,0.03352808952331543,0.029026031494140625,1378,0.03274822235107422
2516,PQC,0.04049205780029297,0.04163002967834473,3138,0.032121896743774414
2516,AES,0.04747438430786133,0.0326535701751709,1730,0.03196907043457031
2516,No_Encryption,0.03545808792114258,0.03091287612915039,1378,0.03508329391479492
2517,PQC,0.043465375900268555,0.04082345962524414,3138,0.03888368606567383
2517,AES,0.04024958610534668,0.03513026237487793,1730,0.032175540924072266
2517,No_Encryption,0.035691022872924805,0.03027653694152832,1378,0.033766984939575195
2518,PQC,0.04684257507324219,0.040047645568847656,3138,0.03384542465209961
2518,AES,0.03723502159118652,0.03680086135864258,1730,0.03516697883605957
2518,No_Encryption,0.03354310989379883,0.030310869216918945,1378,0.040943145751953125
2519,PQC,0.04387688636779785,0.04053926467895508,3138,0.03784036636352539
2519,AES,0.04132199287414551,0.03788614273071289,1730,0.037180423736572266
2519,No_Encryption,0.03668808937072754,0.03191876411437988,1378,0.03656625747680664
2520,PQC,0.05047297477722168,0.04136514663696289,3138,0.03767085075378418
2520,AES,0.036229610443115234,0.035047292709350586,1730,0.04340219497680664
2520,No_Encryption,0.04514813423156738,0.0319821834564209,1378,0.04312849044799805
2521,PQC,0.04515671730041504,0.04418015480041504,3138,0.0388333797454834
2521,AES,0.04191327095031738,0.03949117660522461,1730,0.03914499282836914
2521,No_Encryption,0.04760932922363281,0.03487515449523926,1378,0.04156804084777832
2522,PQC,0.04938101768493652,0.03995037078857422,3138,0.03340625762939453
2522,AES,0.04592275619506836,0.03387165069580078,1730,0.0326082706451416
2522,No_Encryption,0.04228973388671875,0.032659053802490234,1378,0.0342259407043457
2523,PQC,0.0450282096862793,0.040064096450805664,3138,0.035446882247924805
2523,AES,0.040611982345581055,0.037207603454589844,1730,0.034235239028930664
2523,No_Encryption,0.03540205955505371,0.0304567813873291,1378,0.03744816780090332
2524,PQC,0.0452728271484375,0.04147601127624512,3138,0.03671145439147949
2524,AES,0.03562283515930176,0.03336358070373535,1730,0.034508705139160156
2524,No_Encryption,0.03652071952819824,0.03085470199584961,1378,0.03364968299865723
2525,PQC,0.042298078536987305,0.04390907287597656,3138,0.03255009651184082
2525,AES,0.038054704666137695,0.035631656646728516,1730,0.03293657302856445
2525,No_Encryption,0.035749197006225586,0.03115987777709961,1378,0.03465771675109863
2526,PQC,0.04332232475280762,0.04064035415649414,3138,0.033414602279663086
2526,AES,0.035099029541015625,0.03391718864440918,1730,0.03463411331176758
2526,No_Encryption,0.03670382499694824,0.03331446647644043,1378,0.03381037712097168
2527,PQC,0.04078245162963867,0.04206371307373047,3138,0.03466606140136719
2527,AES,0.04013776779174805,0.03349113464355469,1730,0.0333859920501709
2527,No_Encryption,0.03550124168395996,0.031175851821899414,1378,0.03295135498046875
2528,PQC,0.039252281188964844,0.039067983627319336,3138,0.03395557403564453
2528,AES,0.03746461868286133,0.033043622970581055,1730,0.033048391342163086
2528,No_Encryption,0.03730320930480957,0.031589508056640625,1378,0.03888821601867676
2529,PQC,0.039005279541015625,0.03837847709655762,3138,0.03738141059875488
2529,AES,0.039304494857788086,0.03515982627868652,1730,0.03240489959716797
2529,No_Encryption,0.03356814384460449,0.031213760375976562,1378,0.03652811050415039
2530,PQC,0.04498147964477539,0.03681349754333496,3138,0.03863883018493652
2530,AES,0.03993821144104004,0.03742098808288574,1730,0.03952431678771973
2530,No_Encryption,0.03535819053649902,0.03228354454040527,1378,0.03295278549194336
2531,PQC,0.04200291633605957,0.037558794021606445,3138,0.0312042236328125
2531,AES,0.041168928146362305,0.03328752517700195,1730,0.034241676330566406
2531,No_Encryption,0.03346657752990723,0.028731107711791992,1378,0.03793168067932129
2532,PQC,0.04433012008666992,0.03770589828491211,3138,0.03355908393859863
2532,AES,0.03192782402038574,0.032944440841674805,1730,0.031487464904785156
2532,No_Encryption,0.03505825996398926,0.028850793838500977,1378,0.036324262619018555
2533,PQC,0.0465548038482666,0.039498329162597656,3138,0.035378456115722656
2533,AES,0.045183420181274414,0.046678781509399414,1730,0.04029083251953125
2533,No_Encryption,0.03636288642883301,0.03510570526123047,1378,0.03926873207092285
2534,PQC,0.04874753952026367,0.04080629348754883,3138,0.03979015350341797
2534,AES,0.04099869728088379,0.03564953804016113,1730,0.035193681716918945
2534,No_Encryption,0.03659343719482422,0.03354692459106445,1378,0.03697943687438965
2535,PQC,0.04469633102416992,0.03843259811401367,3138,0.03515911102294922
2535,AES,0.040674686431884766,0.037300825119018555,1730,0.0350034236907959
2535,No_Encryption,0.033446311950683594,0.03158926963806152,1378,0.038191795349121094
2536,PQC,0.04620695114135742,0.04240012168884277,3138,0.03548789024353027
2536,AES,0.03875541687011719,0.03569602966308594,1730,0.032998085021972656
2536,No_Encryption,0.03535723686218262,0.03237438201904297,1378,0.03573799133300781
2537,PQC,0.039381980895996094,0.03986382484436035,3138,0.03335905075073242
2537,AES,0.03737187385559082,0.034723520278930664,1730,0.031980276107788086
2537,No_Encryption,0.04462170600891113,0.030916929244995117,1378,0.033796072006225586
2538,PQC,0.04317045211791992,0.03969287872314453,3138,0.03416633605957031
2538,AES,0.03593087196350098,0.033370256423950195,1730,0.0347437858581543
2538,No_Encryption,0.03659939765930176,0.028779268264770508,1378,0.037203073501586914
2539,PQC,0.04086613655090332,0.03749513626098633,3138,0.032745361328125
2539,AES,0.03917670249938965,0.035709381103515625,1730,0.035559654235839844
2539,No_Encryption,0.03772091865539551,0.02906966209411621,1378,0.03770732879638672
2540,PQC,0.04661750793457031,0.04218697547912598,3138,0.03238654136657715
2540,AES,0.042363643646240234,0.03351616859436035,1730,0.03217196464538574
2540,No_Encryption,0.033949851989746094,0.030565977096557617,1378,0.033985137939453125
2541,PQC,0.03796029090881348,0.039499759674072266,3138,0.03391718864440918
2541,AES,0.04187464714050293,0.03379464149475098,1730,0.03484535217285156
2541,No_Encryption,0.03519701957702637,0.033196449279785156,1378,0.0368344783782959
2542,PQC,0.046083688735961914,0.04401969909667969,3138,0.03393959999084473
2542,AES,0.03887820243835449,0.03648018836975098,1730,0.035652875900268555
2542,No_Encryption,0.03418135643005371,0.031030654907226562,1378,0.03357696533203125
2543,PQC,0.04520750045776367,0.041086435317993164,3138,0.03397107124328613
2543,AES,0.03621816635131836,0.03463578224182129,1730,0.03782057762145996
2543,No_Encryption,0.03960084915161133,0.032267093658447266,1378,0.03783416748046875
2544,PQC,0.04592609405517578,0.043462514877319336,3138,0.03324580192565918
2544,AES,0.03703665733337402,0.03323674201965332,1730,0.03523564338684082
2544,No_Encryption,0.03163957595825195,0.03213024139404297,1378,0.03860664367675781
2545,PQC,0.04319262504577637,0.04030156135559082,3138,0.03403067588806152
2545,AES,0.038659095764160156,0.03863024711608887,1730,0.03483295440673828
2545,No_Encryption,0.040778398513793945,0.028663158416748047,1378,0.033513784408569336
2546,PQC,0.04412555694580078,0.03767061233520508,3138,0.0327301025390625
2546,AES,0.038306236267089844,0.03451132774353027,1730,0.03804731369018555
2546,No_Encryption,0.0577237606048584,0.03666090965270996,1378,0.04379105567932129
2547,PQC,0.05473184585571289,0.04299116134643555,3138,0.03862643241882324
2547,AES,0.046268463134765625,0.037555694580078125,1730,0.03924989700317383
2547,No_Encryption,0.03786110877990723,0.03302407264709473,1378,0.03864407539367676
2548,PQC,0.05020952224731445,0.04931831359863281,3138,0.0396270751953125
2548,AES,0.040345191955566406,0.03750944137573242,1730,0.038391828536987305
2548,No_Encryption,0.03481268882751465,0.03591012954711914,1378,0.037766218185424805
2549,PQC,0.05092597007751465,0.04323267936706543,3138,0.0318911075592041
2549,AES,0.03540945053100586,0.036374807357788086,1730,0.03404092788696289
2549,No_Encryption,0.03951454162597656,0.032552480697631836,1378,0.03770899772644043
2550,PQC,0.040993690490722656,0.0380401611328125,3138,0.03314018249511719
2550,AES,0.04047369956970215,0.036298513412475586,1730,0.03351473808288574
2550,No_Encryption,0.03171825408935547,0.02827906608581543,1378,0.03647899627685547
2551,PQC,0.04091620445251465,0.04246830940246582,3138,0.03523540496826172
2551,AES,0.038053274154663086,0.03466486930847168,1730,0.03461933135986328
2551,No_Encryption,0.035037994384765625,0.02985978126525879,1378,0.03356599807739258
2552,PQC,0.038491249084472656,0.04209280014038086,3138,0.03673267364501953
2552,AES,0.034804344177246094,0.037232398986816406,1730,0.03523135185241699
2552,No_Encryption,0.0390622615814209,0.03287172317504883,1378,0.03573012351989746
2553,PQC,0.04140758514404297,0.0402834415435791,3138,0.03270602226257324
2553,AES,0.03694653511047363,0.03384828567504883,1730,0.03379034996032715
2553,No_Encryption,0.0359957218170166,0.03090524673461914,1378,0.03418993949890137
2554,PQC,0.04027104377746582,0.03668856620788574,3138,0.03562498092651367
2554,AES,0.03818845748901367,0.03930521011352539,1730,0.03421139717102051
2554,No_Encryption,0.03670525550842285,0.030579566955566406,1378,0.038822174072265625
2555,PQC,0.04177570343017578,0.048308610916137695,3138,0.035086870193481445
2555,AES,0.03575277328491211,0.03305482864379883,1730,0.035566091537475586
2555,No_Encryption,0.04064512252807617,0.03243875503540039,1378,0.03551363945007324
2556,PQC,0.043950557708740234,0.03926873207092285,3138,0.031683921813964844
2556,AES,0.04106330871582031,0.03593039512634277,1730,0.03698229789733887
2556,No_Encryption,0.037480831146240234,0.029634714126586914,1378,0.03532600402832031
2557,PQC,0.0423433780670166,0.03951120376586914,3138,0.033480167388916016
2557,AES,0.041249752044677734,0.0419774055480957,1730,0.031574249267578125
2557,No_Encryption,0.031622886657714844,0.03239297866821289,1378,0.037000179290771484
2558,PQC,0.04863142967224121,0.0385279655456543,3138,0.03304553031921387
2558,AES,0.048970937728881836,0.04007768630981445,1730,0.032170772552490234
2558,No_Encryption,0.03358817100524902,0.032363176345825195,1378,0.037858009338378906
2559,PQC,0.04262423515319824,0.036286115646362305,3138,0.04004859924316406
2559,AES,0.04573535919189453,0.03636574745178223,1730,0.039891958236694336
2559,No_Encryption,0.036959171295166016,0.0337984561920166,1378,0.034345388412475586
2560,PQC,0.05067300796508789,0.042734622955322266,3138,0.03705120086669922
2560,AES,0.0368351936340332,0.036676645278930664,1730,0.03527975082397461
2560,No_Encryption,0.03555703163146973,0.03165078163146973,1378,0.03596758842468262
2561,PQC,0.04443359375,0.04165530204772949,3138,0.03424692153930664
2561,AES,0.03229928016662598,0.035283803939819336,1730,0.04022097587585449
2561,No_Encryption,0.03565359115600586,0.031672000885009766,1378,0.03522229194641113
2562,PQC,0.0442042350769043,0.04456901550292969,3138,0.033982276916503906
2562,AES,0.04076242446899414,0.039160966873168945,1730,0.0364375114440918
2562,No_Encryption,0.041617393493652344,0.032774925231933594,1378,0.03783226013183594
2563,PQC,0.04580092430114746,0.041339874267578125,3138,0.033144235610961914
2563,AES,0.034357547760009766,0.03417682647705078,1730,0.034792184829711914
2563,No_Encryption,0.03882098197937012,0.032923221588134766,1378,0.0327146053314209
2564,PQC,0.04243159294128418,0.04078078269958496,3138,0.034101247787475586
2564,AES,0.03544211387634277,0.036391258239746094,1730,0.032538414001464844
2564,No_Encryption,0.032546043395996094,0.029624462127685547,1378,0.03640437126159668
2565,PQC,0.04536581039428711,0.03981375694274902,3138,0.03247356414794922
2565,AES,0.035494327545166016,0.035732269287109375,1730,0.034388065338134766
2565,No_Encryption,0.03159761428833008,0.028699398040771484,1378,0.03881072998046875
2566,PQC,0.04127693176269531,0.0378870964050293,3138,0.031740427017211914
2566,AES,0.037322282791137695,0.03939676284790039,1730,0.03732419013977051
2566,No_Encryption,0.03674507141113281,0.030178070068359375,1378,0.037801504135131836
2567,PQC,0.04405713081359863,0.03677821159362793,3138,0.03338050842285156
2567,AES,0.03457164764404297,0.03727912902832031,1730,0.03489518165588379
2567,No_Encryption,0.039000749588012695,0.03453421592712402,1378,0.03710341453552246
2568,PQC,0.04722023010253906,0.045584917068481445,3138,0.04021644592285156
2568,AES,0.041857242584228516,0.04054594039916992,1730,0.04437613487243652
2568,No_Encryption,0.04480338096618652,0.03811931610107422,1378,0.043580055236816406
2569,PQC,0.05048203468322754,0.0527796745300293,3138,0.03872537612915039
2569,AES,0.054399728775024414,0.04010176658630371,1730,0.03667569160461426
2569,No_Encryption,0.038358211517333984,0.037120819091796875,1378,0.03796577453613281
2570,PQC,0.0500795841217041,0.047798871994018555,3138,0.03648734092712402
2570,AES,0.042719125747680664,0.03873419761657715,1730,0.03638720512390137
2570,No_Encryption,0.03607535362243652,0.03536057472229004,1378,0.03321433067321777
2571,PQC,0.04454469680786133,0.03735613822937012,3138,0.033225059509277344
2571,AES,0.03604483604431152,0.036103248596191406,1730,0.034955739974975586
2571,No_Encryption,0.032361507415771484,0.03215169906616211,1378,0.034615516662597656
2572,PQC,0.05749082565307617,0.04199624061584473,3138,0.043782949447631836
2572,AES,0.04930686950683594,0.03949284553527832,1730,0.04284167289733887
2572,No_Encryption,0.04469919204711914,0.033593177795410156,1378,0.041040658950805664
2573,PQC,0.053786277770996094,0.04318118095397949,3138,0.03518176078796387
2573,AES,0.04445815086364746,0.0423431396484375,1730,0.0349421501159668
2573,No_Encryption,0.036444664001464844,0.03503274917602539,1378,0.034301042556762695
2574,PQC,0.041800737380981445,0.04124617576599121,3138,0.033594369888305664
2574,AES,0.03333592414855957,0.036331892013549805,1730,0.03401303291320801
2574,No_Encryption,0.03776383399963379,0.029512405395507812,1378,0.03546786308288574
2575,PQC,0.04588603973388672,0.03706812858581543,3138,0.0336909294128418
2575,AES,0.036484479904174805,0.03844785690307617,1730,0.03242778778076172
2575,No_Encryption,0.03207731246948242,0.030157089233398438,1378,0.03550982475280762
2576,PQC,0.04475760459899902,0.04527640342712402,3138,0.0316617488861084
2576,AES,0.03700137138366699,0.03363347053527832,1730,0.032260894775390625
2576,No_Encryption,0.03605914115905762,0.030244827270507812,1378,0.03542613983154297
2577,PQC,0.03927111625671387,0.038335561752319336,3138,0.033553361892700195
2577,AES,0.0354464054107666,0.032942771911621094,1730,0.03497433662414551
2577,No_Encryption,0.045183658599853516,0.03420567512512207,1378,0.03801441192626953
2578,PQC,0.0425868034362793,0.04554128646850586,3138,0.03437614440917969
2578,AES,0.040807247161865234,0.03846263885498047,1730,0.03300666809082031
2578,No_Encryption,0.036379337310791016,0.03273344039916992,1378,0.035130977630615234
2579,PQC,0.04329037666320801,0.0392911434173584,3138,0.031737565994262695
2579,AES,0.03979897499084473,0.03401827812194824,1730,0.03512406349182129
2579,No_Encryption,0.03651070594787598,0.03249311447143555,1378,0.03435707092285156
2580,PQC,0.04029083251953125,0.041287899017333984,3138,0.034123897552490234
2580,AES,0.032427072525024414,0.03273272514343262,1730,0.0339970588684082
2580,No_Encryption,0.0316312313079834,0.030668020248413086,1378,0.033922672271728516
2581,PQC,0.041166067123413086,0.03868365287780762,3138,0.03413891792297363
2581,AES,0.04536771774291992,0.037045955657958984,1730,0.03536057472229004
2581,No_Encryption,0.033586978912353516,0.030382394790649414,1378,0.03762674331665039
2582,PQC,0.04151487350463867,0.03758597373962402,3138,0.034456729888916016
2582,AES,0.03262758255004883,0.03205299377441406,1730,0.035240888595581055
2582,No_Encryption,0.030976295471191406,0.03088521957397461,1378,0.03560066223144531
2583,PQC,0.04621624946594238,0.03805041313171387,3138,0.03463554382324219
2583,AES,0.04073762893676758,0.03407597541809082,1730,0.03154754638671875
2583,No_Encryption,0.03255867958068848,0.032088279724121094,1378,0.03624606132507324
2584,PQC,0.041922807693481445,0.04052925109863281,3138,0.0401911735534668
2584,AES,0.03653979301452637,0.03562355041503906,1730,0.03481554985046387
2584,No_Encryption,0.03540492057800293,0.03318428993225098,1378,0.03170657157897949
2585,PQC,0.04558229446411133,0.042557716369628906,3138,0.03287625312805176
2585,AES,0.041425466537475586,0.040862083435058594,1730,0.04055356979370117
2585,No_Encryption,0.04478573799133301,0.03293108940124512,1378,0.03872418403625488
2586,PQC,0.04216265678405762,0.04872918128967285,3138,0.03933429718017578
2586,AES,0.03747963905334473,0.03615260124206543,1730,0.035367727279663086
2586,No_Encryption,0.03522229194641113,0.03382515907287598,1378,0.03802967071533203
2587,PQC,0.041053056716918945,0.04252362251281738,3138,0.0335390567779541
2587,AES,0.04102015495300293,0.03611922264099121,1730,0.03481411933898926
2587,No_Encryption,0.03681159019470215,0.032576799392700195,1378,0.03333902359008789
2588,PQC,0.047559261322021484,0.04210400581359863,3138,0.03776907920837402
2588,AES,0.04069399833679199,0.03857421875,1730,0.03557777404785156
2588,No_Encryption,0.0429227352142334,0.031161069869995117,1378,0.03498411178588867
2589,PQC,0.0432126522064209,0.043412208557128906,3138,0.03293752670288086
2589,AES,0.03384804725646973,0.033606529235839844,1730,0.03526806831359863
2589,No_Encryption,0.03716850280761719,0.03200817108154297,1378,0.041266679763793945
2590,PQC,0.05054283142089844,0.041547298431396484,3138,0.03674197196960449
2590,AES,0.03471827507019043,0.037461042404174805,1730,0.039073944091796875
2590,No_Encryption,0.03090214729309082,0.03469681739807129,1378,0.03993630409240723
2591,PQC,0.046126604080200195,0.04320836067199707,3138,0.032811880111694336
2591,AES,0.04332113265991211,0.03709292411804199,1730,0.03493618965148926
2591,No_Encryption,0.03208422660827637,0.03253769874572754,1378,0.0375819206237793
2592,PQC,0.04470372200012207,0.03645586967468262,3138,0.03179597854614258
2592,AES,0.035860538482666016,0.0337069034576416,1730,0.03523373603820801
2592,No_Encryption,0.03704261779785156,0.0293729305267334,1378,0.035765647888183594
2593,PQC,0.042134761810302734,0.037981271743774414,3138,0.037996530532836914
2593,AES,0.03940725326538086,0.035681724548339844,1730,0.03250741958618164
2593,No_Encryption,0.03986239433288574,0.03014969825744629,1378,0.032868146896362305
2594,PQC,0.043016672134399414,0.03886985778808594,3138,0.03532767295837402
2594,AES,0.04066300392150879,0.037312984466552734,1730,0.03565478324890137
2594,No_Encryption,0.038222312927246094,0.032590627670288086,1378,0.03613424301147461
2595,PQC,0.045534610748291016,0.03798532485961914,3138,0.031203508377075195
2595,AES,0.03823113441467285,0.03400707244873047,1730,0.03197813034057617
2595,No_Encryption,0.03303241729736328,0.03085017204284668,1378,0.03522944450378418
2596,PQC,0.04102587699890137,0.03802847862243652,3138,0.03396487236022949
2596,AES,0.033992767333984375,0.03113412857055664,1730,0.03444170951843262
2596,No_Encryption,0.032843828201293945,0.03064727783203125,1378,0.04019284248352051
2597,PQC,0.04003429412841797,0.03930020332336426,3138,0.03403329849243164
2597,AES,0.040895700454711914,0.03403782844543457,1730,0.037322998046875
2597,No_Encryption,0.032102108001708984,0.029392004013061523,1378,0.03292202949523926
2598,PQC,0.04452180862426758,0.03961634635925293,3138,0.03129720687866211
2598,AES,0.03627943992614746,0.034637451171875,1730,0.034371376037597656
2598,No_Encryption,0.04915642738342285,0.03682875633239746,1378,0.04216456413269043
2599,PQC,0.042555809020996094,0.03937387466430664,3138,0.03770279884338379
2599,AES,0.04280209541320801,0.039963483810424805,1730,0.03630232810974121
2599,No_Encryption,0.04242277145385742,0.030948638916015625,1378,0.03986334800720215
2600,PQC,0.04201197624206543,0.04606461524963379,3138,0.031395673751831055
2600,AES,0.033382415771484375,0.04098963737487793,1730,0.03298783302307129
2600,No_Encryption,0.03847694396972656,0.03058481216430664,1378,0.03291440010070801
2601,PQC,0.04098320007324219,0.04146766662597656,3138,0.04023599624633789
2601,AES,0.03684043884277344,0.03870701789855957,1730,0.03514456748962402
2601,No_Encryption,0.03384542465209961,0.03213620185852051,1378,0.035054922103881836
2602,PQC,0.04062032699584961,0.03869295120239258,3138,0.03262662887573242
2602,AES,0.03613638877868652,0.03450417518615723,1730,0.03574681282043457
2602,No_Encryption,0.0359501838684082,0.029997587203979492,1378,0.03588414192199707
2603,PQC,0.051827430725097656,0.03820037841796875,3138,0.03497743606567383
2603,AES,0.03514814376831055,0.03511786460876465,1730,0.03364872932434082
2603,No_Encryption,0.035010337829589844,0.030835866928100586,1378,0.03461003303527832
2604,PQC,0.04331517219543457,0.04131889343261719,3138,0.03296375274658203
2604,AES,0.03479170799255371,0.03579354286193848,1730,0.037604331970214844
2604,No_Encryption,0.03321552276611328,0.0316159725189209,1378,0.034735679626464844
2605,PQC,0.04152560234069824,0.041295528411865234,3138,0.035352230072021484
2605,AES,0.03563261032104492,0.03403639793395996,1730,0.03272724151611328
2605,No_Encryption,0.03597545623779297,0.03244972229003906,1378,0.035721778869628906
2606,PQC,0.04241013526916504,0.040732383728027344,3138,0.033266544342041016
2606,AES,0.03500247001647949,0.033791542053222656,1730,0.036028146743774414
2606,No_Encryption,0.04265642166137695,0.030699729919433594,1378,0.032828569412231445
2607,PQC,0.03879117965698242,0.037934303283691406,3138,0.03443717956542969
2607,AES,0.03651309013366699,0.038116455078125,1730,0.030654191970825195
2607,No_Encryption,0.039586782455444336,0.033567190170288086,1378,0.03483891487121582
2608,PQC,0.04030203819274902,0.044443368911743164,3138,0.03169894218444824
2608,AES,0.03823232650756836,0.037637948989868164,1730,0.03689217567443848
2608,No_Encryption,0.03603410720825195,0.030849695205688477,1378,0.03430056571960449
2609,PQC,0.04276847839355469,0.03782939910888672,3138,0.03549766540527344
2609,AES,0.0346376895904541,0.03861045837402344,1730,0.03542828559875488
2609,No_Encryption,0.032543182373046875,0.030747652053833008,1378,0.03615880012512207
2610,PQC,0.03888726234436035,0.04027128219604492,3138,0.03650975227355957
2610,AES,0.03457498550415039,0.0360410213470459,1730,0.03358149528503418
2610,No_Encryption,0.03703713417053223,0.030440807342529297,1378,0.03486490249633789
2611,PQC,0.04928898811340332,0.04296541213989258,3138,0.037947654724121094
2611,AES,0.03652334213256836,0.0429685115814209,1730,0.04187440872192383
2611,No_Encryption,0.0410618782043457,0.03282451629638672,1378,0.04125189781188965
2612,PQC,0.0442662239074707,0.040529727935791016,3138,0.03770041465759277
2612,AES,0.03826284408569336,0.03767728805541992,1730,0.03780555725097656
2612,No_Encryption,0.04328179359436035,0.030363798141479492,1378,0.03435850143432617
2613,PQC,0.04667305946350098,0.040262699127197266,3138,0.031038761138916016
2613,AES,0.041231393814086914,0.03510308265686035,1730,0.030115365982055664
2613,No_Encryption,0.03663802146911621,0.0314328670501709,1378,0.035131216049194336
2614,PQC,0.03966712951660156,0.0378117561340332,3138,0.035843610763549805
2614,AES,0.045342206954956055,0.034148216247558594,1730,0.03190970420837402
2614,No_Encryption,0.03625011444091797,0.028902053833007812,1378,0.03238987922668457
2615,PQC,0.04021334648132324,0.04207110404968262,3138,0.03742194175720215
2615,AES,0.031383514404296875,0.03454327583312988,1730,0.03174304962158203
2615,No_Encryption,0.03462100028991699,0.030668020248413086,1378,0.036211252212524414
2616,PQC,0.043468475341796875,0.04081010818481445,3138,0.03130674362182617
2616,AES,0.033692359924316406,0.03633880615234375,1730,0.03265261650085449
2616,No_Encryption,0.03443598747253418,0.03127288818359375,1378,0.03442645072937012
2617,PQC,0.04168415069580078,0.04007744789123535,3138,0.03695845603942871
2617,AES,0.03955268859863281,0.036936044692993164,1730,0.03450489044189453
2617,No_Encryption,0.0332794189453125,0.032262563705444336,1378,0.03780364990234375
2618,PQC,0.04100179672241211,0.04096055030822754,3138,0.03437542915344238
2618,AES,0.03635573387145996,0.04257702827453613,1730,0.03691244125366211
2618,No_Encryption,0.0345001220703125,0.034636735916137695,1378,0.03352546691894531
2619,PQC,0.0478518009185791,0.04026389122009277,3138,0.0328366756439209
2619,AES,0.038837432861328125,0.0345759391784668,1730,0.03402304649353027
2619,No_Encryption,0.03883838653564453,0.03175711631774902,1378,0.03443121910095215
2620,PQC,0.03974747657775879,0.038538455963134766,3138,0.0331273078918457
2620,AES,0.03436851501464844,0.03679347038269043,1730,0.03643155097961426
2620,No_Encryption,0.037696123123168945,0.0284116268157959,1378,0.035875558853149414
2621,PQC,0.04515576362609863,0.04012608528137207,3138,0.03603982925415039
2621,AES,0.03693437576293945,0.034766435623168945,1730,0.03696727752685547
2621,No_Encryption,0.04297041893005371,0.03375697135925293,1378,0.03558611869812012
2622,PQC,0.04816722869873047,0.0394444465637207,3138,0.033730268478393555
2622,AES,0.04014897346496582,0.033289194107055664,1730,0.03525233268737793
2622,No_Encryption,0.036011457443237305,0.030436277389526367,1378,0.03491353988647461
2623,PQC,0.04012918472290039,0.037581443786621094,3138,0.03273630142211914
2623,AES,0.03979611396789551,0.038367271423339844,1730,0.03257584571838379
2623,No_Encryption,0.03839564323425293,0.03119683265686035,1378,0.03203225135803223
2624,PQC,0.04372715950012207,0.04013252258300781,3138,0.03511643409729004
2624,AES,0.036673545837402344,0.032171010971069336,1730,0.03223466873168945
2624,No_Encryption,0.03432869911193848,0.02872776985168457,1378,0.031768798828125
2625,PQC,0.03968191146850586,0.04594826698303223,3138,0.041628360748291016
2625,AES,0.042209625244140625,0.041054725646972656,1730,0.040781259536743164
2625,No_Encryption,0.03454995155334473,0.03452563285827637,1378,0.040631771087646484
2626,PQC,0.05269956588745117,0.04384493827819824,3138,0.033844709396362305
2626,AES,0.04037022590637207,0.0381627082824707,1730,0.03611445426940918
2626,No_Encryption,0.03320646286010742,0.028345584869384766,1378,0.03892779350280762
2627,PQC,0.0492706298828125,0.04082036018371582,3138,0.035425424575805664
2627,AES,0.03566789627075195,0.03410816192626953,1730,0.03346085548400879
2627,No_Encryption,0.037715911865234375,0.03208327293395996,1378,0.042313575744628906
2628,PQC,0.04384660720825195,0.038488149642944336,3138,0.03439784049987793
2628,AES,0.038156986236572266,0.033481597900390625,1730,0.034070491790771484
2628,No_Encryption,0.032839298248291016,0.027405738830566406,1378,0.032195091247558594
2629,PQC,0.04771256446838379,0.038229942321777344,3138,0.032778024673461914
2629,AES,0.04136991500854492,0.036534786224365234,1730,0.031482696533203125
2629,No_Encryption,0.03299283981323242,0.034500837326049805,1378,0.03355908393859863
2630,PQC,0.04332566261291504,0.03879213333129883,3138,0.03184247016906738
2630,AES,0.03848004341125488,0.03519916534423828,1730,0.0345606803894043
2630,No_Encryption,0.03150367736816406,0.028146028518676758,1378,0.03370261192321777
2631,PQC,0.053298234939575195,0.03830385208129883,3138,0.03948569297790527
2631,AES,0.034175872802734375,0.03373408317565918,1730,0.031803131103515625
2631,No_Encryption,0.03326249122619629,0.0297698974609375,1378,0.03485727310180664
2632,PQC,0.046199798583984375,0.04082131385803223,3138,0.0366363525390625
2632,AES,0.039339303970336914,0.03377223014831543,1730,0.032746076583862305
2632,No_Encryption,0.03291726112365723,0.02879786491394043,1378,0.034043073654174805
2633,PQC,0.04211783409118652,0.04272007942199707,3138,0.0331416130065918
2633,AES,0.03524446487426758,0.03521561622619629,1730,0.03163003921508789
2633,No_Encryption,0.034003496170043945,0.03319096565246582,1378,0.0323483943939209
2634,PQC,0.043959617614746094,0.04024910926818848,3138,0.031336307525634766
2634,AES,0.0418088436126709,0.033011674880981445,1730,0.03702878952026367
2634,No_Encryption,0.03323101997375488,0.03013920783996582,1378,0.03437304496765137
2635,PQC,0.04405927658081055,0.039682626724243164,3138,0.03563499450683594
2635,AES,0.03479886054992676,0.03025960922241211,1730,0.032076120376586914
2635,No_Encryption,0.03889203071594238,0.028470516204833984,1378,0.031894683837890625
2636,PQC,0.044609785079956055,0.0392918586730957,3138,0.0342717170715332
2636,AES,0.04037904739379883,0.031855106353759766,1730,0.0320589542388916
2636,No_Encryption,0.036157846450805664,0.033176422119140625,1378,0.034827232360839844
2637,PQC,0.04037022590637207,0.04187750816345215,3138,0.03276801109313965
2637,AES,0.03944849967956543,0.035822391510009766,1730,0.03443145751953125
2637,No_Encryption,0.03237128257751465,0.030558347702026367,1378,0.035835981369018555
2638,PQC,0.05204486846923828,0.043766021728515625,3138,0.03568434715270996
2638,AES,0.041991233825683594,0.03659629821777344,1730,0.03575730323791504
2638,No_Encryption,0.03798198699951172,0.029529333114624023,1378,0.03671860694885254
2639,PQC,0.04767870903015137,0.040772199630737305,3138,0.034311771392822266
2639,AES,0.03444719314575195,0.03556632995605469,1730,0.03325223922729492
2639,No_Encryption,0.03146529197692871,0.03078627586364746,1378,0.034746408462524414
2640,PQC,0.04452824592590332,0.042061805725097656,3138,0.03101825714111328
2640,AES,0.03941845893859863,0.03697800636291504,1730,0.034238576889038086
2640,No_Encryption,0.029903650283813477,0.02881932258605957,1378,0.030684709548950195
2641,PQC,0.04295921325683594,0.0421605110168457,3138,0.032060861587524414
2641,AES,0.03518342971801758,0.03327798843383789,1730,0.03441143035888672
2641,No_Encryption,0.034690141677856445,0.03188514709472656,1378,0.036377906799316406
2642,PQC,0.04131650924682617,0.04048275947570801,3138,0.034833669662475586
2642,AES,0.03326821327209473,0.03786158561706543,1730,0.037235260009765625
2642,No_Encryption,0.038211822509765625,0.031052350997924805,1378,0.03847622871398926
2643,PQC,0.047927141189575195,0.04232621192932129,3138,0.035332679748535156
2643,AES,0.036939144134521484,0.040261268615722656,1730,0.037813663482666016
2643,No_Encryption,0.04731035232543945,0.029497146606445312,1378,0.0374600887298584
2644,PQC,0.03953433036804199,0.03853654861450195,3138,0.03457283973693848
2644,AES,0.04080486297607422,0.03436565399169922,1730,0.032633066177368164
2644,No_Encryption,0.035335540771484375,0.0316317081451416,1378,0.032746315002441406
2645,PQC,0.03891611099243164,0.039058685302734375,3138,0.03072357177734375
2645,AES,0.03788042068481445,0.03571176528930664,1730,0.031983137130737305
2645,No_Encryption,0.03548741340637207,0.029993772506713867,1378,0.033245086669921875
2646,PQC,0.04297137260437012,0.04191446304321289,3138,0.033330678939819336
2646,AES,0.03298139572143555,0.03902482986450195,1730,0.03246712684631348
2646,No_Encryption,0.037195444107055664,0.029949188232421875,1378,0.039499759674072266
2647,PQC,0.04169511795043945,0.039029598236083984,3138,0.03827667236328125
2647,AES,0.03381609916687012,0.03580927848815918,1730,0.03538036346435547
2647,No_Encryption,0.03279829025268555,0.03197932243347168,1378,0.0356450080871582
2648,PQC,0.05406522750854492,0.04001140594482422,3138,0.03361225128173828
2648,AES,0.04062390327453613,0.036141157150268555,1730,0.033936262130737305
2648,No_Encryption,0.03578782081604004,0.03302001953125,1378,0.035071372985839844
2649,PQC,0.04060077667236328,0.04109787940979004,3138,0.03512454032897949
2649,AES,0.04512667655944824,0.03745722770690918,1730,0.03545999526977539
2649,No_Encryption,0.038558244705200195,0.03167104721069336,1378,0.04061174392700195
2650,PQC,0.04314088821411133,0.04324650764465332,3138,0.037568092346191406
2650,AES,0.040621042251586914,0.03374910354614258,1730,0.033699989318847656
2650,No_Encryption,0.037050485610961914,0.03177952766418457,1378,0.03490567207336426
2651,PQC,0.04077744483947754,0.039287567138671875,3138,0.03752756118774414
2651,AES,0.03999686241149902,0.03716897964477539,1730,0.037639617919921875
2651,No_Encryption,0.049074649810791016,0.039923906326293945,1378,0.0408022403717041
2652,PQC,0.05041766166687012,0.04452800750732422,3138,0.03949594497680664
2652,AES,0.0397191047668457,0.03868746757507324,1730,0.03914928436279297
2652,No_Encryption,0.03685355186462402,0.038268327713012695,1378,0.03783297538757324
2653,PQC,0.0500640869140625,0.04326796531677246,3138,0.036093950271606445
2653,AES,0.03536415100097656,0.03962278366088867,1730,0.03693056106567383
2653,No_Encryption,0.03433060646057129,0.0326993465423584,1378,0.041826725006103516
2654,PQC,0.042272090911865234,0.04072880744934082,3138,0.03451848030090332
2654,AES,0.04190468788146973,0.03428339958190918,1730,0.03674960136413574
2654,No_Encryption,0.032189130783081055,0.030468225479125977,1378,0.03483104705810547
2655,PQC,0.041832685470581055,0.03645753860473633,3138,0.03488421440124512
2655,AES,0.03484368324279785,0.03350687026977539,1730,0.034505367279052734
2655,No_Encryption,0.0354161262512207,0.032425880432128906,1378,0.033614397048950195
2656,PQC,0.04550623893737793,0.043058156967163086,3138,0.03423810005187988
2656,AES,0.03994107246398926,0.038748741149902344,1730,0.03456592559814453
2656,No_Encryption,0.03451085090637207,0.032044410705566406,1378,0.035237789154052734
2657,PQC,0.0462496280670166,0.04154205322265625,3138,0.03548479080200195
2657,AES,0.03885483741760254,0.03126931190490723,1730,0.034067630767822266
2657,No_Encryption,0.03643918037414551,0.029140472412109375,1378,0.03179121017456055
2658,PQC,0.04332447052001953,0.036794424057006836,3138,0.0357966423034668
2658,AES,0.03417038917541504,0.03497028350830078,1730,0.03523135185241699
2658,No_Encryption,0.03447985649108887,0.03032660484313965,1378,0.03892326354980469
2659,PQC,0.0455164909362793,0.04079174995422363,3138,0.03607058525085449
2659,AES,0.04378080368041992,0.037580251693725586,1730,0.03493642807006836
2659,No_Encryption,0.0406796932220459,0.030865907669067383,1378,0.033905982971191406
2660,PQC,0.04012250900268555,0.040842533111572266,3138,0.03393888473510742
2660,AES,0.037023067474365234,0.032074689865112305,1730,0.03645467758178711
2660,No_Encryption,0.035718679428100586,0.03061985969543457,1378,0.034905195236206055
2661,PQC,0.04791522026062012,0.04030299186706543,3138,0.03415369987487793
2661,AES,0.04369831085205078,0.03377866744995117,1730,0.03489279747009277
2661,No_Encryption,0.032080888748168945,0.03278946876525879,1378,0.036981821060180664
2662,PQC,0.043187618255615234,0.04284071922302246,3138,0.03603792190551758
2662,AES,0.04181694984436035,0.03702139854431152,1730,0.030583620071411133
2662,No_Encryption,0.035256385803222656,0.030584335327148438,1378,0.03623604774475098
2663,PQC,0.04414796829223633,0.039229631423950195,3138,0.03403139114379883
2663,AES,0.036115169525146484,0.03532767295837402,1730,0.03840374946594238
2663,No_Encryption,0.03564786911010742,0.03237509727478027,1378,0.04180026054382324
2664,PQC,0.047704458236694336,0.04088926315307617,3138,0.03853201866149902
2664,AES,0.0444331169128418,0.037213802337646484,1730,0.044966697692871094
2664,No_Encryption,0.043856143951416016,0.036025285720825195,1378,0.04034924507141113
2665,PQC,0.05342268943786621,0.0494077205657959,3138,0.03923344612121582
2665,AES,0.03730177879333496,0.03906083106994629,1730,0.04129195213317871
2665,No_Encryption,0.03620028495788574,0.03391742706298828,1378,0.039418697357177734
2666,PQC,0.045026540756225586,0.04379463195800781,3138,0.036341190338134766
2666,AES,0.04418015480041504,0.038460731506347656,1730,0.039099693298339844
2666,No_Encryption,0.03930163383483887,0.0337519645690918,1378,0.0390625
2667,PQC,0.05050349235534668,0.04130816459655762,3138,0.03744864463806152
2667,AES,0.038713693618774414,0.03620481491088867,1730,0.03499770164489746
2667,No_Encryption,0.034714460372924805,0.03499794006347656,1378,0.03671550750732422
2668,PQC,0.040607452392578125,0.04132390022277832,3138,0.03676033020019531
2668,AES,0.046118974685668945,0.034621238708496094,1730,0.0343625545501709
2668,No_Encryption,0.03395581245422363,0.03182196617126465,1378,0.03676199913024902
2669,PQC,0.04617166519165039,0.038693904876708984,3138,0.03524494171142578
2669,AES,0.04097938537597656,0.03468489646911621,1730,0.03303790092468262
2669,No_Encryption,0.03779911994934082,0.03206825256347656,1378,0.033730268478393555
2670,PQC,0.04494476318359375,0.0406651496887207,3138,0.03361630439758301
2670,AES,0.034639835357666016,0.033846139907836914,1730,0.038906097412109375
2670,No_Encryption,0.03461790084838867,0.031204938888549805,1378,0.03495311737060547
2671,PQC,0.03789520263671875,0.03964543342590332,3138,0.030913591384887695
2671,AES,0.036386966705322266,0.03405928611755371,1730,0.035546302795410156
2671,No_Encryption,0.03131365776062012,0.02902984619140625,1378,0.03311967849731445
2672,PQC,0.04550576210021973,0.04174065589904785,3138,0.03354001045227051
2672,AES,0.03968310356140137,0.036237239837646484,1730,0.033350467681884766
2672,No_Encryption,0.036852121353149414,0.030020713806152344,1378,0.03383159637451172
2673,PQC,0.05160808563232422,0.042548418045043945,3138,0.03398942947387695
2673,AES,0.035982608795166016,0.037127017974853516,1730,0.03517770767211914
2673,No_Encryption,0.034203290939331055,0.032967329025268555,1378,0.03324103355407715
2674,PQC,0.04714012145996094,0.042250633239746094,3138,0.034165382385253906
2674,AES,0.033596038818359375,0.03293728828430176,1730,0.03544044494628906
2674,No_Encryption,0.0362699031829834,0.029331445693969727,1378,0.0370023250579834
2675,PQC,0.0438082218170166,0.03862333297729492,3138,0.03475475311279297
2675,AES,0.03206300735473633,0.03376889228820801,1730,0.03589177131652832
2675,No_Encryption,0.03296256065368652,0.030601978302001953,1378,0.03520917892456055
2676,PQC,0.041619300842285156,0.036451101303100586,3138,0.036570072174072266
2676,AES,0.034180641174316406,0.03543734550476074,1730,0.035558223724365234
2676,No_Encryption,0.032413482666015625,0.0291748046875,1378,0.0359649658203125
2677,PQC,0.04497122764587402,0.03809618949890137,3138,0.03524613380432129
2677,AES,0.05920910835266113,0.04305553436279297,1730,0.03645014762878418
2677,No_Encryption,0.032865047454833984,0.031051158905029297,1378,0.036531925201416016
2678,PQC,0.044053077697753906,0.04237794876098633,3138,0.03618907928466797
2678,AES,0.04699516296386719,0.03525185585021973,1730,0.03831052780151367
2678,No_Encryption,0.036919355392456055,0.03463268280029297,1378,0.03960680961608887
2679,PQC,0.04607701301574707,0.040384531021118164,3138,0.033301353454589844
2679,AES,0.03732895851135254,0.03978610038757324,1730,0.0348963737487793
2679,No_Encryption,0.03133416175842285,0.032011985778808594,1378,0.03800344467163086
2680,PQC,0.04694557189941406,0.04074501991271973,3138,0.03473019599914551
2680,AES,0.03637266159057617,0.03397512435913086,1730,0.0374903678894043
2680,No_Encryption,0.03840374946594238,0.030793190002441406,1378,0.03499436378479004
2681,PQC,0.04437613487243652,0.03719925880432129,3138,0.03230905532836914
2681,AES,0.041259765625,0.0342404842376709,1730,0.03594374656677246
2681,No_Encryption,0.031501054763793945,0.031155824661254883,1378,0.03909039497375488
2682,PQC,0.04530787467956543,0.03921699523925781,3138,0.033358097076416016
2682,AES,0.0361328125,0.03258776664733887,1730,0.03681468963623047
2682,No_Encryption,0.03416132926940918,0.0285952091217041,1378,0.039574384689331055
2683,PQC,0.047826290130615234,0.04246068000793457,3138,0.03315448760986328
2683,AES,0.03657889366149902,0.034449100494384766,1730,0.03341507911682129
2683,No_Encryption,0.037618160247802734,0.031011581420898438,1378,0.03711223602294922
2684,PQC,0.0419611930847168,0.04152059555053711,3138,0.03688383102416992
2684,AES,0.0386195182800293,0.03818821907043457,1730,0.033669233322143555
2684,No_Encryption,0.032186269760131836,0.03258109092712402,1378,0.03592848777770996
2685,PQC,0.04369544982910156,0.03946232795715332,3138,0.038100242614746094
2685,AES,0.03439950942993164,0.035471200942993164,1730,0.0335545539855957
2685,No_Encryption,0.03178238868713379,0.03242826461791992,1378,0.03375601768493652
2686,PQC,0.04332900047302246,0.043114423751831055,3138,0.03243875503540039
2686,AES,0.037850141525268555,0.03452157974243164,1730,0.03628849983215332
2686,No_Encryption,0.03725171089172363,0.03022480010986328,1378,0.03847956657409668
2687,PQC,0.04866528511047363,0.04293966293334961,3138,0.034948110580444336
2687,AES,0.03412508964538574,0.03240776062011719,1730,0.03391551971435547
2687,No_Encryption,0.04289817810058594,0.03229689598083496,1378,0.03686857223510742
2688,PQC,0.04167342185974121,0.038147926330566406,3138,0.034566640853881836
2688,AES,0.0382390022277832,0.0338742733001709,1730,0.038216590881347656
2688,No_Encryption,0.03700971603393555,0.03184318542480469,1378,0.03699660301208496
2689,PQC,0.04852557182312012,0.04249262809753418,3138,0.03529214859008789
2689,AES,0.03621816635131836,0.03206920623779297,1730,0.03567361831665039
2689,No_Encryption,0.03530240058898926,0.032032012939453125,1378,0.032662391662597656
2690,PQC,0.04678201675415039,0.04191422462463379,3138,0.03521418571472168
2690,AES,0.03798866271972656,0.03664541244506836,1730,0.03590035438537598
2690,No_Encryption,0.031151771545410156,0.028925657272338867,1378,0.03456616401672363
2691,PQC,0.05408954620361328,0.050272464752197266,3138,0.039389610290527344
2691,AES,0.038324832916259766,0.038001060485839844,1730,0.03636479377746582
2691,No_Encryption,0.046698808670043945,0.03462386131286621,1378,0.03740692138671875
2692,PQC,0.04702353477478027,0.04018235206604004,3138,0.03857612609863281
2692,AES,0.04165458679199219,0.037996530532836914,1730,0.041947126388549805
2692,No_Encryption,0.03792595863342285,0.03117823600769043,1378,0.03590536117553711
2693,PQC,0.04804420471191406,0.042912960052490234,3138,0.03978538513183594
2693,AES,0.03802824020385742,0.0357813835144043,1730,0.037740468978881836
2693,No_Encryption,0.038594961166381836,0.02913808822631836,1378,0.035550832748413086
2694,PQC,0.043605804443359375,0.04313826560974121,3138,0.03664040565490723
2694,AES,0.04051518440246582,0.03314352035522461,1730,0.036314964294433594
2694,No_Encryption,0.0359494686126709,0.03110480308532715,1378,0.03638029098510742
2695,PQC,0.04007267951965332,0.04185843467712402,3138,0.03353071212768555
2695,AES,0.034734487533569336,0.0383608341217041,1730,0.035668134689331055
2695,No_Encryption,0.03646230697631836,0.03006148338317871,1378,0.035582780838012695
2696,PQC,0.03854942321777344,0.039003610610961914,3138,0.034078121185302734
2696,AES,0.03829765319824219,0.033791303634643555,1730,0.03301191329956055
2696,No_Encryption,0.03595399856567383,0.02982926368713379,1378,0.03331708908081055
2697,PQC,0.043445587158203125,0.03771710395812988,3138,0.03176546096801758
2697,AES,0.03451991081237793,0.0351409912109375,1730,0.034703969955444336
2697,No_Encryption,0.04118180274963379,0.03068995475769043,1378,0.034664154052734375
2698,PQC,0.04272150993347168,0.037163734436035156,3138,0.036617279052734375
2698,AES,0.043565988540649414,0.03507208824157715,1730,0.03373360633850098
2698,No_Encryption,0.037328481674194336,0.029308795928955078,1378,0.04043459892272949
2699,PQC,0.04634714126586914,0.03951907157897949,3138,0.03460526466369629
2699,AES,0.0345304012298584,0.03774380683898926,1730,0.03543257713317871
2699,No_Encryption,0.03556632995605469,0.030444622039794922,1378,0.037004709243774414
2700,PQC,0.041181087493896484,0.039653778076171875,3138,0.033110857009887695
2700,AES,0.0431668758392334,0.033980369567871094,1730,0.039228200912475586
2700,No_Encryption,0.034219980239868164,0.029715538024902344,1378,0.03426361083984375
2701,PQC,0.04305696487426758,0.038936614990234375,3138,0.03520345687866211
2701,AES,0.03652000427246094,0.0340576171875,1730,0.0331110954284668
2701,No_Encryption,0.03563213348388672,0.03162240982055664,1378,0.03684353828430176
2702,PQC,0.05169868469238281,0.04139566421508789,3138,0.03447294235229492
2702,AES,0.03625226020812988,0.034731388092041016,1730,0.03656268119812012
2702,No_Encryption,0.03315448760986328,0.028492212295532227,1378,0.03446793556213379
2703,PQC,0.04191303253173828,0.038167476654052734,3138,0.03197669982910156
2703,AES,0.0407414436340332,0.038401126861572266,1730,0.033710479736328125
2703,No_Encryption,0.032555580139160156,0.031249523162841797,1378,0.03362393379211426
2704,PQC,0.047144174575805664,0.03912162780761719,3138,0.03642559051513672
2704,AES,0.06260156631469727,0.03693127632141113,1730,0.03948473930358887
2704,No_Encryption,0.04383540153503418,0.03496050834655762,1378,0.039901018142700195
2705,PQC,0.04382610321044922,0.0422520637512207,3138,0.03641390800476074
2705,AES,0.043279409408569336,0.04207611083984375,1730,0.038828372955322266
2705,No_Encryption,0.031563520431518555,0.03185153007507324,1378,0.039014577865600586
2706,PQC,0.046808481216430664,0.04116988182067871,3138,0.03409290313720703
2706,AES,0.03710293769836426,0.036942243576049805,1730,0.036173343658447266
2706,No_Encryption,0.03244829177856445,0.030213356018066406,1378,0.033666133880615234
2707,PQC,0.03910660743713379,0.03780627250671387,3138,0.03349494934082031
2707,AES,0.040576934814453125,0.03363656997680664,1730,0.03316807746887207
2707,No_Encryption,0.03141927719116211,0.03100442886352539,1378,0.03715634346008301
2708,PQC,0.0508270263671875,0.03977537155151367,3138,0.03174471855163574
2708,AES,0.037554025650024414,0.033248186111450195,1730,0.031838178634643555
2708,No_Encryption,0.03730940818786621,0.03229165077209473,1378,0.03219103813171387
2709,PQC,0.04322528839111328,0.041001319885253906,3138,0.031975507736206055
2709,AES,0.034119606018066406,0.03255343437194824,1730,0.030596017837524414
2709,No_Encryption,0.036719560623168945,0.02904987335205078,1378,0.03457498550415039
2710,PQC,0.04028582572937012,0.03767561912536621,3138,0.035039424896240234
2710,AES,0.03857612609863281,0.03535795211791992,1730,0.03336644172668457
2710,No_Encryption,0.03227043151855469,0.02898430824279785,1378,0.036607980728149414
2711,PQC,0.04649829864501953,0.04082655906677246,3138,0.034111738204956055
2711,AES,0.03495168685913086,0.03469705581665039,1730,0.034053802490234375
2711,No_Encryption,0.03208112716674805,0.02799224853515625,1378,0.033724069595336914
2712,PQC,0.04472947120666504,0.03598642349243164,3138,0.03145027160644531
2712,AES,0.037183523178100586,0.03295278549194336,1730,0.03631711006164551
2712,No_Encryption,0.03212738037109375,0.03245878219604492,1378,0.03489875793457031
2713,PQC,0.04514741897583008,0.0380854606628418,3138,0.030788421630859375
2713,AES,0.0350339412689209,0.03338027000427246,1730,0.03258490562438965
2713,No_Encryption,0.042259931564331055,0.030716419219970703,1378,0.03479647636413574
2714,PQC,0.04090380668640137,0.044013261795043945,3138,0.03480076789855957
2714,AES,0.03534817695617676,0.03429412841796875,1730,0.03139758110046387
2714,No_Encryption,0.036585330963134766,0.03020000457763672,1378,0.03286266326904297
2715,PQC,0.044367313385009766,0.03920388221740723,3138,0.03187870979309082
2715,AES,0.04133772850036621,0.033864498138427734,1730,0.03209662437438965
2715,No_Encryption,0.03559064865112305,0.030298471450805664,1378,0.0338139533996582
2716,PQC,0.042731523513793945,0.04248213768005371,3138,0.03144025802612305
2716,AES,0.04218316078186035,0.03522467613220215,1730,0.036438941955566406
2716,No_Encryption,0.033854007720947266,0.029324054718017578,1378,0.03711128234863281
2717,PQC,0.03894925117492676,0.0436558723449707,3138,0.03577995300292969
2717,AES,0.04176187515258789,0.03401923179626465,1730,0.03655552864074707
2717,No_Encryption,0.03466320037841797,0.02942800521850586,1378,0.03455495834350586
2718,PQC,0.03873324394226074,0.04239296913146973,3138,0.04128766059875488
2718,AES,0.04202532768249512,0.038294315338134766,1730,0.037819862365722656
2718,No_Encryption,0.04214310646057129,0.0333714485168457,1378,0.03985953330993652
2719,PQC,0.04563117027282715,0.041826486587524414,3138,0.03661918640136719
2719,AES,0.03922319412231445,0.03475451469421387,1730,0.03551435470581055
2719,No_Encryption,0.04405832290649414,0.034690141677856445,1378,0.03559708595275879
2720,PQC,0.042092323303222656,0.04472041130065918,3138,0.03775620460510254
2720,AES,0.03680014610290527,0.03583168983459473,1730,0.03264927864074707
2720,No_Encryption,0.0363001823425293,0.02982187271118164,1378,0.03564882278442383
2721,PQC,0.04647660255432129,0.041452646255493164,3138,0.03300023078918457
2721,AES,0.03992938995361328,0.03412127494812012,1730,0.03555154800415039
2721,No_Encryption,0.036741018295288086,0.030618906021118164,1378,0.036852359771728516
2722,PQC,0.0380704402923584,0.03788113594055176,3138,0.03042745590209961
2722,AES,0.03307914733886719,0.03179788589477539,1730,0.03379416465759277
2722,No_Encryption,0.0338594913482666,0.0327610969543457,1378,0.03597283363342285
2723,PQC,0.03686070442199707,0.03865838050842285,3138,0.032817840576171875
2723,AES,0.03926873207092285,0.03475213050842285,1730,0.03259110450744629
2723,No_Encryption,0.031732797622680664,0.030437946319580078,1378,0.03539323806762695
2724,PQC,0.042917728424072266,0.039923906326293945,3138,0.03457903861999512
2724,AES,0.03467249870300293,0.032692670822143555,1730,0.03276419639587402
2724,No_Encryption,0.041298627853393555,0.03203892707824707,1378,0.04005074501037598
2725,PQC,0.043816566467285156,0.04323840141296387,3138,0.03382158279418945
2725,AES,0.03839921951293945,0.036718130111694336,1730,0.03763771057128906
2725,No_Encryption,0.03641057014465332,0.03256988525390625,1378,0.03694343566894531
2726,PQC,0.04733586311340332,0.04229617118835449,3138,0.03620314598083496
2726,AES,0.03910422325134277,0.03487682342529297,1730,0.03367257118225098
2726,No_Encryption,0.03167462348937988,0.03145027160644531,1378,0.039417266845703125
2727,PQC,0.041665077209472656,0.03859591484069824,3138,0.03335881233215332
2727,AES,0.04077577590942383,0.03380727767944336,1730,0.032036781311035156
2727,No_Encryption,0.03355836868286133,0.031418800354003906,1378,0.033440589904785156
2728,PQC,0.041683197021484375,0.04438519477844238,3138,0.0380864143371582
2728,AES,0.04142165184020996,0.035199880599975586,1730,0.03301239013671875
2728,No_Encryption,0.038008928298950195,0.03040289878845215,1378,0.034050703048706055
2729,PQC,0.05370640754699707,0.046593666076660156,3138,0.03510451316833496
2729,AES,0.043359994888305664,0.03726553916931152,1730,0.03655123710632324
2729,No_Encryption,0.03911852836608887,0.0341038703918457,1378,0.03481602668762207
2730,PQC,0.04500532150268555,0.043241262435913086,3138,0.038115739822387695
2730,AES,0.03222298622131348,0.03267836570739746,1730,0.03621959686279297
2730,No_Encryption,0.05109691619873047,0.03599834442138672,1378,0.04227018356323242
2731,PQC,0.048331499099731445,0.05201864242553711,3138,0.045567989349365234
2731,AES,0.04010128974914551,0.04120206832885742,1730,0.043088436126708984
2731,No_Encryption,0.05130600929260254,0.03691983222961426,1378,0.04393768310546875
2732,PQC,0.055846214294433594,0.0482640266418457,3138,0.04740786552429199
2732,AES,0.044167280197143555,0.04863905906677246,1730,0.04126334190368652
2732,No_Encryption,0.03748488426208496,0.03959536552429199,1378,0.04709482192993164
2733,PQC,0.043979644775390625,0.04378628730773926,3138,0.04272603988647461
2733,AES,0.0402679443359375,0.041168928146362305,1730,0.03900742530822754
2733,No_Encryption,0.036942243576049805,0.03541088104248047,1378,0.03846240043640137
2734,PQC,0.05279040336608887,0.03905963897705078,3138,0.03847074508666992
2734,AES,0.03646087646484375,0.04057788848876953,1730,0.03935885429382324
2734,No_Encryption,0.03780341148376465,0.03580904006958008,1378,0.034856319427490234
2735,PQC,0.04374051094055176,0.04374957084655762,3138,0.034148216247558594
2735,AES,0.034476518630981445,0.03847789764404297,1730,0.03483128547668457
2735,No_Encryption,0.034638404846191406,0.03208780288696289,1378,0.03305482864379883
2736,PQC,0.040351152420043945,0.03803610801696777,3138,0.029852867126464844
2736,AES,0.03844332695007324,0.03193044662475586,1730,0.034851789474487305
2736,No_Encryption,0.031140804290771484,0.030571460723876953,1378,0.03595089912414551
2737,PQC,0.05234646797180176,0.03809404373168945,3138,0.03221845626831055
2737,AES,0.033104658126831055,0.035068511962890625,1730,0.03172874450683594
2737,No_Encryption,0.03249025344848633,0.03413987159729004,1378,0.033913373947143555
2738,PQC,0.0358281135559082,0.03452706336975098,3138,0.032828569412231445
2738,AES,0.038094520568847656,0.03248000144958496,1730,0.03345751762390137
2738,No_Encryption,0.0395355224609375,0.02754354476928711,1378,0.03681445121765137
2739,PQC,0.04010486602783203,0.040045738220214844,3138,0.03349184989929199
2739,AES,0.0360567569732666,0.036069393157958984,1730,0.035994768142700195
2739,No_Encryption,0.03420424461364746,0.03022170066833496,1378,0.03563523292541504
2740,PQC,0.04610157012939453,0.039850711822509766,3138,0.03419804573059082
2740,AES,0.035547494888305664,0.03557085990905762,1730,0.03300118446350098
2740,No_Encryption,0.035010337829589844,0.032240867614746094,1378,0.03391218185424805
2741,PQC,0.041724443435668945,0.04291081428527832,3138,0.033013343811035156
2741,AES,0.04448652267456055,0.03480076789855957,1730,0.03495621681213379
2741,No_Encryption,0.032265424728393555,0.02945399284362793,1378,0.032438039779663086
2742,PQC,0.04221630096435547,0.04182839393615723,3138,0.03188133239746094
2742,AES,0.03514575958251953,0.0358426570892334,1730,0.03710675239562988
2742,No_Encryption,0.03641033172607422,0.03184175491333008,1378,0.03636765480041504
2743,PQC,0.046877145767211914,0.03702402114868164,3138,0.03426694869995117
2743,AES,0.036064863204956055,0.03475594520568848,1730,0.03371477127075195
2743,No_Encryption,0.04980754852294922,0.032662391662597656,1378,0.039919137954711914
2744,PQC,0.05305743217468262,0.048743247985839844,3138,0.03705763816833496
2744,AES,0.037164926528930664,0.04199957847595215,1730,0.03675413131713867
2744,No_Encryption,0.042059898376464844,0.03419685363769531,1378,0.04159975051879883
2745,PQC,0.0417783260345459,0.0419921875,3138,0.036651611328125
2745,AES,0.042745113372802734,0.03531289100646973,1730,0.033448219299316406
2745,No_Encryption,0.039780616760253906,0.03236126899719238,1378,0.03715848922729492
2746,PQC,0.04619431495666504,0.04492831230163574,3138,0.03885030746459961
2746,AES,0.04844784736633301,0.03572559356689453,1730,0.03701472282409668
2746,No_Encryption,0.036388397216796875,0.03148365020751953,1378,0.0373082160949707
2747,PQC,0.04835057258605957,0.03783297538757324,3138,0.03216433525085449
2747,AES,0.03939342498779297,0.03434109687805176,1730,0.03354620933532715
2747,No_Encryption,0.03681230545043945,0.032534122467041016,1378,0.03582763671875
2748,PQC,0.04157662391662598,0.04162001609802246,3138,0.03315424919128418
2748,AES,0.03465890884399414,0.03488445281982422,1730,0.03548932075500488
2748,No_Encryption,0.03741264343261719,0.03287076950073242,1378,0.03479313850402832
2749,PQC,0.04892873764038086,0.042601823806762695,3138,0.03701615333557129
2749,AES,0.04053854942321777,0.03652143478393555,1730,0.034636735916137695
2749,No_Encryption,0.03253340721130371,0.03317832946777344,1378,0.03435158729553223
2750,PQC,0.03824281692504883,0.03609895706176758,3138,0.03524017333984375
2750,AES,0.035058021545410156,0.0312657356262207,1730,0.03637409210205078
2750,No_Encryption,0.03807210922241211,0.02956700325012207,1378,0.03396415710449219
2751,PQC,0.042363882064819336,0.039926767349243164,3138,0.03535723686218262
2751,AES,0.04175853729248047,0.03589916229248047,1730,0.0347440242767334
2751,No_Encryption,0.03030872344970703,0.02981114387512207,1378,0.03617143630981445
2752,PQC,0.04482388496398926,0.04028153419494629,3138,0.03229475021362305
2752,AES,0.034751176834106445,0.03283548355102539,1730,0.030927658081054688
2752,No_Encryption,0.0320894718170166,0.02982354164123535,1378,0.03292202949523926
2753,PQC,0.03885841369628906,0.04030013084411621,3138,0.0341489315032959
2753,AES,0.03897380828857422,0.03332781791687012,1730,0.03462982177734375
2753,No_Encryption,0.03392219543457031,0.029978513717651367,1378,0.03432321548461914
2754,PQC,0.045641183853149414,0.03954458236694336,3138,0.033344268798828125
2754,AES,0.03865790367126465,0.0362393856048584,1730,0.03312182426452637
2754,No_Encryption,0.032694339752197266,0.03237342834472656,1378,0.035607099533081055
2755,PQC,0.0428013801574707,0.03814220428466797,3138,0.0314028263092041
2755,AES,0.03431224822998047,0.03511643409729004,1730,0.03138923645019531
2755,No_Encryption,0.03747129440307617,0.03058004379272461,1378,0.03302359580993652
2756,PQC,0.03911924362182617,0.04166698455810547,3138,0.03359580039978027
2756,AES,0.03371310234069824,0.03887438774108887,1730,0.03568768501281738
2756,No_Encryption,0.036264896392822266,0.030108213424682617,1378,0.03506350517272949
2757,PQC,0.07088017463684082,0.04378032684326172,3138,0.03779292106628418
2757,AES,0.04020833969116211,0.041622161865234375,1730,0.037102460861206055
2757,No_Encryption,0.03970599174499512,0.035951852798461914,1378,0.039167165756225586
2758,PQC,0.04230976104736328,0.042017221450805664,3138,0.03831315040588379
2758,AES,0.03956770896911621,0.04055190086364746,1730,0.03761601448059082
2758,No_Encryption,0.038514137268066406,0.03499460220336914,1378,0.03743314743041992
2759,PQC,0.04482293128967285,0.04046773910522461,3138,0.03367972373962402
2759,AES,0.03493356704711914,0.036278486251831055,1730,0.0375213623046875
2759,No_Encryption,0.035448312759399414,0.030935287475585938,1378,0.03340482711791992
2760,PQC,0.045152902603149414,0.04745221138000488,3138,0.03558754920959473
2760,AES,0.03993678092956543,0.03468608856201172,1730,0.0341031551361084
2760,No_Encryption,0.030710935592651367,0.02881002426147461,1378,0.03387284278869629
2761,PQC,0.043670654296875,0.040671586990356445,3138,0.034767866134643555
2761,AES,0.038324594497680664,0.03665566444396973,1730,0.03946399688720703
2761,No_Encryption,0.03510713577270508,0.03456830978393555,1378,0.03771400451660156
2762,PQC,0.04611635208129883,0.03965258598327637,3138,0.035793304443359375
2762,AES,0.03731393814086914,0.03346681594848633,1730,0.031016826629638672
2762,No_Encryption,0.03616833686828613,0.03270268440246582,1378,0.0365598201751709
2763,PQC,0.04742169380187988,0.05117988586425781,3138,0.040448665618896484
2763,AES,0.045717477798461914,0.03951549530029297,1730,0.03847217559814453
2763,No_Encryption,0.03571200370788574,0.04244256019592285,1378,0.03966403007507324
2764,PQC,0.05046987533569336,0.048920631408691406,3138,0.0419309139251709
2764,AES,0.03871917724609375,0.04154157638549805,1730,0.0378115177154541
2764,No_Encryption,0.03485560417175293,0.03471040725708008,1378,0.03972172737121582
2765,PQC,0.04742622375488281,0.040415048599243164,3138,0.03427553176879883
2765,AES,0.04320240020751953,0.03943324089050293,1730,0.03587961196899414
2765,No_Encryption,0.059056758880615234,0.03866744041442871,1378,0.04375934600830078
2766,PQC,0.04655933380126953,0.0460355281829834,3138,0.03774309158325195
2766,AES,0.0387117862701416,0.039502859115600586,1730,0.04286932945251465
2766,No_Encryption,0.038492679595947266,0.034258127212524414,1378,0.03861880302429199
2767,PQC,0.047965049743652344,0.045279502868652344,3138,0.03710174560546875
2767,AES,0.04514884948730469,0.036566972732543945,1730,0.037599802017211914
2767,No_Encryption,0.0387420654296875,0.03310370445251465,1378,0.03583168983459473
2768,PQC,0.04215192794799805,0.04544687271118164,3138,0.03245878219604492
2768,AES,0.03789710998535156,0.038298845291137695,1730,0.033770084381103516
2768,No_Encryption,0.03470468521118164,0.030823945999145508,1378,0.03374361991882324
2769,PQC,0.05210614204406738,0.04314756393432617,3138,0.03590559959411621
2769,AES,0.03655385971069336,0.03284740447998047,1730,0.037127017974853516
2769,No_Encryption,0.04057574272155762,0.03204226493835449,1378,0.039238691329956055
2770,PQC,0.04267692565917969,0.03964829444885254,3138,0.03267359733581543
2770,AES,0.0400547981262207,0.036562442779541016,1730,0.03674960136413574
2770,No_Encryption,0.03685927391052246,0.0313720703125,1378,0.034464359283447266
2771,PQC,0.04651021957397461,0.04434490203857422,3138,0.03475165367126465
2771,AES,0.04612112045288086,0.03293919563293457,1730,0.03243064880371094
2771,No_Encryption,0.030663490295410156,0.03200197219848633,1378,0.032692909240722656
2772,PQC,0.050154685974121094,0.03565025329589844,3138,0.031028270721435547
2772,AES,0.04751753807067871,0.03194737434387207,1730,0.03136181831359863
2772,No_Encryption,0.032228946685791016,0.030959606170654297,1378,0.032369375228881836
2773,PQC,0.04312634468078613,0.0400996208190918,3138,0.03743767738342285
2773,AES,0.03448009490966797,0.03510689735412598,1730,0.032593488693237305
2773,No_Encryption,0.03310966491699219,0.02898883819580078,1378,0.03381013870239258
2774,PQC,0.04669642448425293,0.03668403625488281,3138,0.0325162410736084
2774,AES,0.04394960403442383,0.03436565399169922,1730,0.03245663642883301
2774,No_Encryption,0.036153316497802734,0.03053736686706543,1378,0.03384137153625488
2775,PQC,0.044763803482055664,0.03523898124694824,3138,0.03228640556335449
2775,AES,0.03878188133239746,0.035762786865234375,1730,0.03303027153015137
2775,No_Encryption,0.03491616249084473,0.0332942008972168,1378,0.03244924545288086
2776,PQC,0.039340972900390625,0.03929543495178223,3138,0.03361177444458008
2776,AES,0.03707313537597656,0.03421187400817871,1730,0.03255510330200195
2776,No_Encryption,0.034467458724975586,0.03007817268371582,1378,0.03325009346008301
2777,PQC,0.041666507720947266,0.04069066047668457,3138,0.036124229431152344
2777,AES,0.03469085693359375,0.03480648994445801,1730,0.0342409610748291
2777,No_Encryption,0.03354477882385254,0.03347468376159668,1378,0.036762237548828125
2778,PQC,0.04482674598693848,0.03941917419433594,3138,0.03246712684631348
2778,AES,0.03525805473327637,0.03600454330444336,1730,0.04099249839782715
2778,No_Encryption,0.04466724395751953,0.03705167770385742,1378,0.04010748863220215
2779,PQC,0.04344320297241211,0.04320359230041504,3138,0.038190364837646484
2779,AES,0.041085004806518555,0.03669142723083496,1730,0.03743624687194824
2779,No_Encryption,0.03991341590881348,0.03394460678100586,1378,0.0367739200592041
2780,PQC,0.044615745544433594,0.044759273529052734,3138,0.03662252426147461
2780,AES,0.0337681770324707,0.03678464889526367,1730,0.03786158561706543
2780,No_Encryption,0.03444623947143555,0.03142285346984863,1378,0.03384828567504883
2781,PQC,0.042903900146484375,0.038927555084228516,3138,0.03511333465576172
2781,AES,0.03953075408935547,0.036782026290893555,1730,0.03546857833862305
2781,No_Encryption,0.04342794418334961,0.0339665412902832,1378,0.037697792053222656
2782,PQC,0.04343843460083008,0.03318929672241211,3138,0.03426671028137207
2782,AES,0.035799264907836914,0.03275275230407715,1730,0.03207588195800781
2782,No_Encryption,0.03425002098083496,0.03300070762634277,1378,0.039264678955078125
2783,PQC,0.04350733757019043,0.041509151458740234,3138,0.03234982490539551
2783,AES,0.0391387939453125,0.03699922561645508,1730,0.031078338623046875
2783,No_Encryption,0.03629422187805176,0.03068709373474121,1378,0.042577266693115234
2784,PQC,0.045281171798706055,0.040216684341430664,3138,0.0343928337097168
2784,AES,0.03880500793457031,0.03450942039489746,1730,0.03469371795654297
2784,No_Encryption,0.04024171829223633,0.03401970863342285,1378,0.03750443458557129
2785,PQC,0.04779338836669922,0.03713226318359375,3138,0.0341794490814209
2785,AES,0.04378986358642578,0.03896927833557129,1730,0.03722023963928223
2785,No_Encryption,0.038277626037597656,0.029192686080932617,1378,0.03420400619506836
2786,PQC,0.0450592041015625,0.04004955291748047,3138,0.033559560775756836
2786,AES,0.03722643852233887,0.03470468521118164,1730,0.032132863998413086
2786,No_Encryption,0.032006025314331055,0.030993938446044922,1378,0.03683972358703613
2787,PQC,0.03787565231323242,0.03802299499511719,3138,0.03622555732727051
2787,AES,0.03629803657531738,0.03214597702026367,1730,0.031850337982177734
2787,No_Encryption,0.035104990005493164,0.030852794647216797,1378,0.03358936309814453
2788,PQC,0.04009509086608887,0.03695845603942871,3138,0.03650355339050293
2788,AES,0.03391838073730469,0.031028270721435547,1730,0.03353476524353027
2788,No_Encryption,0.031493425369262695,0.02904033660888672,1378,0.029880523681640625
2789,PQC,0.04221510887145996,0.034252166748046875,3138,0.030246734619140625
2789,AES,0.03724360466003418,0.03494739532470703,1730,0.03230142593383789
2789,No_Encryption,0.037760019302368164,0.02996087074279785,1378,0.03503131866455078
2790,PQC,0.03856086730957031,0.036051034927368164,3138,0.03494715690612793
2790,AES,0.042055368423461914,0.032721757888793945,1730,0.032972097396850586
2790,No_Encryption,0.037015676498413086,0.029230356216430664,1378,0.03300642967224121
2791,PQC,0.04285597801208496,0.03643059730529785,3138,0.03323483467102051
2791,AES,0.03216385841369629,0.0355830192565918,1730,0.0314936637878418
2791,No_Encryption,0.03635859489440918,0.028184175491333008,1378,0.03287529945373535
2792,PQC,0.044675350189208984,0.03860068321228027,3138,0.03452348709106445
2792,AES,0.0359954833984375,0.031867265701293945,1730,0.037192344665527344
2792,No_Encryption,0.03279852867126465,0.033843040466308594,1378,0.04318833351135254
2793,PQC,0.04742097854614258,0.045719146728515625,3138,0.04239153861999512
2793,AES,0.041029930114746094,0.03785395622253418,1730,0.035149574279785156
2793,No_Encryption,0.04331064224243164,0.03446483612060547,1378,0.03867650032043457
2794,PQC,0.051238298416137695,0.04615616798400879,3138,0.03600287437438965
2794,AES,0.03746819496154785,0.03530764579772949,1730,0.0385894775390625
2794,No_Encryption,0.0436704158782959,0.03388237953186035,1378,0.03932833671569824
2795,PQC,0.05254507064819336,0.04169511795043945,3138,0.03635978698730469
2795,AES,0.03979301452636719,0.03949785232543945,1730,0.032999277114868164
2795,No_Encryption,0.040758371353149414,0.03123617172241211,1378,0.042636871337890625
2796,PQC,0.05641984939575195,0.03966832160949707,3138,0.034330129623413086
2796,AES,0.04024505615234375,0.03435945510864258,1730,0.0354461669921875
2796,No_Encryption,0.03263998031616211,0.029158592224121094,1378,0.03633737564086914
2797,PQC,0.04625391960144043,0.042844295501708984,3138,0.03392171859741211
2797,AES,0.03969097137451172,0.03898787498474121,1730,0.03632664680480957
2797,No_Encryption,0.033828020095825195,0.03449058532714844,1378,0.039678335189819336
2798,PQC,0.04669690132141113,0.04275918006896973,3138,0.04040360450744629
2798,AES,0.047971487045288086,0.03765463829040527,1730,0.0406343936920166
2798,No_Encryption,0.0555872917175293,0.03978157043457031,1378,0.049962759017944336
2799,PQC,0.05906081199645996,0.05769062042236328,3138,0.04564309120178223
2799,AES,0.05394721031188965,0.05123591423034668,1730,0.05026531219482422
2799,No_Encryption,0.04329395294189453,0.039406538009643555,1378,0.04671001434326172
2800,PQC,0.05376577377319336,0.05349993705749512,3138,0.04322195053100586
2800,AES,0.049704790115356445,0.04281353950500488,1730,0.04383444786071777
2800,No_Encryption,0.042304039001464844,0.04508042335510254,1378,0.04742693901062012
2801,PQC,0.05462908744812012,0.052214622497558594,3138,0.047528743743896484
2801,AES,0.042498111724853516,0.046851158142089844,1730,0.04072380065917969
2801,No_Encryption,0.04320502281188965,0.04170393943786621,1378,0.05067014694213867
2802,PQC,0.07024645805358887,0.05498552322387695,3138,0.04677534103393555
2802,AES,0.05024123191833496,0.04694986343383789,1730,0.053872108459472656
2802,No_Encryption,0.043140411376953125,0.04117012023925781,1378,0.04558205604553223
2803,PQC,0.05920147895812988,0.057579994201660156,3138,0.05812835693359375
2803,AES,0.054283857345581055,0.05134701728820801,1730,0.052323341369628906
2803,No_Encryption,0.0403289794921875,0.04683852195739746,1378,0.05501914024353027
2804,PQC,0.060709476470947266,0.0547947883605957,3138,0.050464630126953125
2804,AES,0.04710817337036133,0.04927492141723633,1730,0.05234479904174805
2804,No_Encryption,0.04898524284362793,0.04230451583862305,1378,0.05101656913757324
2805,PQC,0.05696702003479004,0.0543665885925293,3138,0.048645734786987305
2805,AES,0.056044578552246094,0.049211978912353516,1730,0.047653913497924805
2805,No_Encryption,0.04393911361694336,0.04740285873413086,1378,0.046869754791259766
2806,PQC,0.05228924751281738,0.05147051811218262,3138,0.04771828651428223
2806,AES,0.045017242431640625,0.04908442497253418,1730,0.052010297775268555
2806,No_Encryption,0.0471649169921875,0.0413510799407959,1378,0.04975414276123047
2807,PQC,0.04955434799194336,0.05769991874694824,3138,0.054358482360839844
2807,AES,0.04178142547607422,0.05544638633728027,1730,0.04632925987243652
2807,No_Encryption,0.04644179344177246,0.049320220947265625,1378,0.04831099510192871
2808,PQC,0.06731557846069336,0.05676913261413574,3138,0.04922056198120117
2808,AES,0.04335951805114746,0.04278421401977539,1730,0.049463510513305664
2808,No_Encryption,0.04395151138305664,0.03921151161193848,1378,0.0437619686126709
2809,PQC,0.05789637565612793,0.0617368221282959,3138,0.050278663635253906
2809,AES,0.05040383338928223,0.04952502250671387,1730,0.04397916793823242
2809,No_Encryption,0.046082496643066406,0.043488502502441406,1378,0.051336050033569336
2810,PQC,0.05738544464111328,0.057210683822631836,3138,0.04533982276916504
2810,AES,0.04668140411376953,0.04767298698425293,1730,0.04555797576904297
2810,No_Encryption,0.05957317352294922,0.041296958923339844,1378,0.04494285583496094
2811,PQC,0.05272793769836426,0.054871559143066406,3138,0.0501706600189209
2811,AES,0.04390358924865723,0.04667043685913086,1730,0.04347109794616699
2811,No_Encryption,0.05197572708129883,0.03882265090942383,1378,0.051949501037597656
2812,PQC,0.07509541511535645,0.05627107620239258,3138,0.04741692543029785
2812,AES,0.05820488929748535,0.05524635314941406,1730,0.053412437438964844
2812,No_Encryption,0.04284048080444336,0.04271221160888672,1378,0.052171945571899414
2813,PQC,0.05182051658630371,0.04851961135864258,3138,0.047568321228027344
2813,AES,0.04544806480407715,0.049686431884765625,1730,0.04516029357910156
2813,No_Encryption,0.043883562088012695,0.04713797569274902,1378,0.04292464256286621
2814,PQC,0.049057722091674805,0.052570343017578125,3138,0.04349255561828613
2814,AES,0.0525820255279541,0.05757617950439453,1730,0.043404579162597656
2814,No_Encryption,0.04474782943725586,0.04273176193237305,1378,0.04547452926635742
2815,PQC,0.047582149505615234,0.051517486572265625,3138,0.047045230865478516
2815,AES,0.04968881607055664,0.04262709617614746,1730,0.049889326095581055
2815,No_Encryption,0.044812917709350586,0.039858341217041016,1378,0.04265451431274414
2816,PQC,0.0594027042388916,0.04613804817199707,3138,0.04348182678222656
2816,AES,0.04601120948791504,0.04491400718688965,1730,0.045799970626831055
2816,No_Encryption,0.038617610931396484,0.03643035888671875,1378,0.046762943267822266
2817,PQC,0.05061221122741699,0.04399394989013672,3138,0.036260366439819336
2817,AES,0.0419619083404541,0.04157662391662598,1730,0.040669918060302734
2817,No_Encryption,0.04134535789489746,0.03296709060668945,1378,0.03593635559082031
2818,PQC,0.05333828926086426,0.03787064552307129,3138,0.03173661231994629
2818,AES,0.03860044479370117,0.034532785415649414,1730,0.032759904861450195
2818,No_Encryption,0.039046525955200195,0.02997565269470215,1378,0.037772417068481445
2819,PQC,0.0407414436340332,0.03785991668701172,3138,0.034245967864990234
2819,AES,0.03735756874084473,0.036360979080200195,1730,0.03439188003540039
2819,No_Encryption,0.03612184524536133,0.03119802474975586,1378,0.03381633758544922
2820,PQC,0.04514455795288086,0.04288363456726074,3138,0.03678488731384277
2820,AES,0.03538227081298828,0.03522300720214844,1730,0.03632068634033203
2820,No_Encryption,0.04204392433166504,0.030441761016845703,1378,0.03263974189758301
2821,PQC,0.042154550552368164,0.041117191314697266,3138,0.03358340263366699
2821,AES,0.03578376770019531,0.03969311714172363,1730,0.03468799591064453
2821,No_Encryption,0.03241395950317383,0.030955076217651367,1378,0.0368044376373291
2822,PQC,0.040610313415527344,0.04037976264953613,3138,0.03730034828186035
2822,AES,0.040776729583740234,0.040093421936035156,1730,0.034090518951416016
2822,No_Encryption,0.04823660850524902,0.03270697593688965,1378,0.03531694412231445
2823,PQC,0.04943132400512695,0.042656898498535156,3138,0.037001848220825195
2823,AES,0.03826546669006348,0.03847956657409668,1730,0.03714895248413086
2823,No_Encryption,0.032663822174072266,0.032273054122924805,1378,0.0405421257019043
2824,PQC,0.047196149826049805,0.04190206527709961,3138,0.03528738021850586
2824,AES,0.044090986251831055,0.03523659706115723,1730,0.03715634346008301
2824,No_Encryption,0.03695392608642578,0.03599286079406738,1378,0.04991888999938965
2825,PQC,0.06594443321228027,0.04668450355529785,3138,0.039577484130859375
2825,AES,0.04621624946594238,0.04234457015991211,1730,0.03940582275390625
2825,No_Encryption,0.038495540618896484,0.038162946701049805,1378,0.043904781341552734
2826,PQC,0.05243873596191406,0.048635005950927734,3138,0.042903900146484375
2826,AES,0.045379638671875,0.041152238845825195,1730,0.039465904235839844
2826,No_Encryption,0.04275703430175781,0.03755640983581543,1378,0.04174685478210449
2827,PQC,0.04512810707092285,0.045139312744140625,3138,0.04021859169006348
2827,AES,0.03986978530883789,0.04227900505065918,1730,0.04265117645263672
2827,No_Encryption,0.03916811943054199,0.040357112884521484,1378,0.049546241760253906
2828,PQC,0.048671722412109375,0.0469210147857666,3138,0.04160881042480469
2828,AES,0.04111480712890625,0.04442858695983887,1730,0.0442655086517334
2828,No_Encryption,0.044457435607910156,0.03918004035949707,1378,0.04334759712219238
2829,PQC,0.05382490158081055,0.04290294647216797,3138,0.0409083366394043
2829,AES,0.03986406326293945,0.04251575469970703,1730,0.039145469665527344
2829,No_Encryption,0.05457735061645508,0.03785276412963867,1378,0.04239177703857422
2830,PQC,0.05471062660217285,0.042076826095581055,3138,0.04119396209716797
2830,AES,0.04059195518493652,0.04407858848571777,1730,0.03718376159667969
2830,No_Encryption,0.03661799430847168,0.0334625244140625,1378,0.039850711822509766
2831,PQC,0.05980801582336426,0.044035911560058594,3138,0.03529834747314453
2831,AES,0.040818214416503906,0.03989744186401367,1730,0.03980445861816406
2831,No_Encryption,0.04479837417602539,0.035356760025024414,1378,0.03872990608215332
2832,PQC,0.04493904113769531,0.04199934005737305,3138,0.04290151596069336
2832,AES,0.044751882553100586,0.04242515563964844,1730,0.03765606880187988
2832,No_Encryption,0.037110328674316406,0.03613996505737305,1378,0.03843879699707031
2833,PQC,0.04695773124694824,0.04532766342163086,3138,0.03856468200683594
2833,AES,0.04472017288208008,0.03815865516662598,1730,0.039083003997802734
2833,No_Encryption,0.037628173828125,0.03457975387573242,1378,0.04016304016113281
2834,PQC,0.04716944694519043,0.04337310791015625,3138,0.0369417667388916
2834,AES,0.0379793643951416,0.03815293312072754,1730,0.037933349609375
2834,No_Encryption,0.03711247444152832,0.031013965606689453,1378,0.03718709945678711
2835,PQC,0.045293331146240234,0.04324483871459961,3138,0.033056020736694336
2835,AES,0.03428244590759277,0.033063411712646484,1730,0.03591322898864746
2835,No_Encryption,0.03783154487609863,0.02779674530029297,1378,0.033876895904541016
2836,PQC,0.03877663612365723,0.03753852844238281,3138,0.030610322952270508
2836,AES,0.030449867248535156,0.031445980072021484,1730,0.030202627182006836
2836,No_Encryption,0.029321670532226562,0.026903867721557617,1378,0.03223872184753418
2837,PQC,0.04050493240356445,0.03587746620178223,3138,0.03201627731323242
2837,AES,0.03308820724487305,0.0340886116027832,1730,0.03329110145568848
2837,No_Encryption,0.03419137001037598,0.032103538513183594,1378,0.03895926475524902
2838,PQC,0.04782557487487793,0.03888416290283203,3138,0.030820608139038086
2838,AES,0.056307315826416016,0.04130077362060547,1730,0.0412592887878418
2838,No_Encryption,0.03753495216369629,0.03374743461608887,1378,0.03432297706604004
2839,PQC,0.04174351692199707,0.04226398468017578,3138,0.03306460380554199
2839,AES,0.04079866409301758,0.036894798278808594,1730,0.032251834869384766
2839,No_Encryption,0.03421521186828613,0.029652118682861328,1378,0.03788900375366211
2840,PQC,0.039961814880371094,0.03737187385559082,3138,0.03379487991333008
2840,AES,0.03562355041503906,0.0346219539642334,1730,0.03308582305908203
2840,No_Encryption,0.0363926887512207,0.031493425369262695,1378,0.03385806083679199
2841,PQC,0.04244112968444824,0.03790688514709473,3138,0.03350090980529785
2841,AES,0.037671566009521484,0.03299069404602051,1730,0.033174991607666016
2841,No_Encryption,0.03237652778625488,0.03040170669555664,1378,0.040552377700805664
2842,PQC,0.04740262031555176,0.0404200553894043,3138,0.03555631637573242
2842,AES,0.03920602798461914,0.03544163703918457,1730,0.035375356674194336
2842,No_Encryption,0.04164457321166992,0.03127622604370117,1378,0.036383867263793945
2843,PQC,0.04637908935546875,0.04314589500427246,3138,0.03357410430908203
2843,AES,0.035037994384765625,0.035111188888549805,1730,0.03419065475463867
2843,No_Encryption,0.034941673278808594,0.031221628189086914,1378,0.03399252891540527
2844,PQC,0.04810476303100586,0.040160179138183594,3138,0.03502225875854492
2844,AES,0.03765296936035156,0.03866076469421387,1730,0.035341739654541016
2844,No_Encryption,0.03770303726196289,0.03133988380432129,1378,0.03729581832885742
2845,PQC,0.04402518272399902,0.0426030158996582,3138,0.033121585845947266
2845,AES,0.03598952293395996,0.0399014949798584,1730,0.03666973114013672
2845,No_Encryption,0.03327322006225586,0.03175997734069824,1378,0.038388967514038086
2846,PQC,0.044374942779541016,0.04177403450012207,3138,0.03519415855407715
2846,AES,0.03909492492675781,0.036014556884765625,1730,0.03645896911621094
2846,No_Encryption,0.037642478942871094,0.03007650375366211,1378,0.036468505859375
2847,PQC,0.04512977600097656,0.043500423431396484,3138,0.035042762756347656
2847,AES,0.039277076721191406,0.03866314888000488,1730,0.03219127655029297
2847,No_Encryption,0.03625345230102539,0.03504323959350586,1378,0.033922672271728516
2848,PQC,0.03774714469909668,0.039606571197509766,3138,0.037238359451293945
2848,AES,0.036429643630981445,0.038965463638305664,1730,0.03799843788146973
2848,No_Encryption,0.03885650634765625,0.0343327522277832,1378,0.03860640525817871
2849,PQC,0.046050310134887695,0.04467201232910156,3138,0.03802752494812012
2849,AES,0.039023399353027344,0.03689408302307129,1730,0.03494000434875488
2849,No_Encryption,0.03471517562866211,0.03204035758972168,1378,0.0398557186126709
2850,PQC,0.053904056549072266,0.043261051177978516,3138,0.034325361251831055
2850,AES,0.0368196964263916,0.03508114814758301,1730,0.03681588172912598
2850,No_Encryption,0.03632807731628418,0.030599355697631836,1378,0.0322115421295166
2851,PQC,0.041204214096069336,0.04208683967590332,3138,0.03429055213928223
2851,AES,0.035794734954833984,0.03665447235107422,1730,0.03309798240661621
2851,No_Encryption,0.03368711471557617,0.03063511848449707,1378,0.034281253814697266
2852,PQC,0.04932761192321777,0.04550504684448242,3138,0.03663158416748047
2852,AES,0.04349780082702637,0.04069805145263672,1730,0.037288665771484375
2852,No_Encryption,0.04258584976196289,0.035325050354003906,1378,0.04145407676696777
2853,PQC,0.04300713539123535,0.041861772537231445,3138,0.035828590393066406
2853,AES,0.035453081130981445,0.036997318267822266,1730,0.0353093147277832
2853,No_Encryption,0.03841066360473633,0.029746294021606445,1378,0.04016995429992676
2854,PQC,0.04288220405578613,0.03810477256774902,3138,0.03414320945739746
2854,AES,0.03754711151123047,0.033994436264038086,1730,0.03232836723327637
2854,No_Encryption,0.04300570487976074,0.03136849403381348,1378,0.03293347358703613
2855,PQC,0.050530195236206055,0.0386805534362793,3138,0.030575990676879883
2855,AES,0.033757686614990234,0.03766131401062012,1730,0.03218507766723633
2855,No_Encryption,0.03259897232055664,0.029984474182128906,1378,0.033782005310058594
2856,PQC,0.04146289825439453,0.04671955108642578,3138,0.03329324722290039
2856,AES,0.03729677200317383,0.03558921813964844,1730,0.03764939308166504
2856,No_Encryption,0.036011695861816406,0.03029012680053711,1378,0.03939008712768555
2857,PQC,0.04762840270996094,0.0358431339263916,3138,0.03400778770446777
2857,AES,0.03487730026245117,0.03457069396972656,1730,0.03789687156677246
2857,No_Encryption,0.03287959098815918,0.029440879821777344,1378,0.03477025032043457
2858,PQC,0.04731273651123047,0.0400850772857666,3138,0.03494524955749512
2858,AES,0.037564754486083984,0.031818389892578125,1730,0.03360629081726074
2858,No_Encryption,0.03612852096557617,0.030880451202392578,1378,0.03562355041503906
2859,PQC,0.047159433364868164,0.0428767204284668,3138,0.03342318534851074
2859,AES,0.03460860252380371,0.03415703773498535,1730,0.03642416000366211
2859,No_Encryption,0.03727126121520996,0.030811786651611328,1378,0.03403472900390625
2860,PQC,0.044379234313964844,0.04023599624633789,3138,0.03390026092529297
2860,AES,0.04573535919189453,0.036481380462646484,1730,0.03394746780395508
2860,No_Encryption,0.03801417350769043,0.03193163871765137,1378,0.035117149353027344
2861,PQC,0.05760312080383301,0.03702855110168457,3138,0.035691261291503906
2861,AES,0.037421226501464844,0.03544330596923828,1730,0.03169751167297363
2861,No_Encryption,0.03119373321533203,0.02999091148376465,1378,0.03289985656738281
2862,PQC,0.04352378845214844,0.039977312088012695,3138,0.031119346618652344
2862,AES,0.038606882095336914,0.03651595115661621,1730,0.035980224609375
2862,No_Encryption,0.039373159408569336,0.03135871887207031,1378,0.03293299674987793
2863,PQC,0.03700971603393555,0.03871774673461914,3138,0.03308463096618652
2863,AES,0.035466909408569336,0.033818721771240234,1730,0.03586101531982422
2863,No_Encryption,0.031203746795654297,0.030202865600585938,1378,0.03656768798828125
2864,PQC,0.04065108299255371,0.04107809066772461,3138,0.0317080020904541
2864,AES,0.0336153507232666,0.03348278999328613,1730,0.03260636329650879
2864,No_Encryption,0.03497767448425293,0.028707265853881836,1378,0.0330195426940918
2865,PQC,0.04426884651184082,0.04681277275085449,3138,0.04318571090698242
2865,AES,0.047084808349609375,0.049027442932128906,1730,0.04157114028930664
2865,No_Encryption,0.03893542289733887,0.038945674896240234,1378,0.03730320930480957
2866,PQC,0.0491943359375,0.04903531074523926,3138,0.04128551483154297
2866,AES,0.037568092346191406,0.03802156448364258,1730,0.03738737106323242
2866,No_Encryption,0.03773236274719238,0.03397941589355469,1378,0.03248953819274902
2867,PQC,0.041719913482666016,0.03893446922302246,3138,0.031946420669555664
2867,AES,0.03145003318786621,0.0343775749206543,1730,0.03178048133850098
2867,No_Encryption,0.03811335563659668,0.02997589111328125,1378,0.03543734550476074
2868,PQC,0.04538249969482422,0.03598427772521973,3138,0.03442573547363281
2868,AES,0.03473258018493652,0.03341817855834961,1730,0.030254364013671875
2868,No_Encryption,0.031008481979370117,0.02732110023498535,1378,0.034125328063964844
2869,PQC,0.037603139877319336,0.03839278221130371,3138,0.032644033432006836
2869,AES,0.04163813591003418,0.035498619079589844,1730,0.03500175476074219
2869,No_Encryption,0.03058338165283203,0.03170347213745117,1378,0.035889387130737305
2870,PQC,0.03850674629211426,0.035924434661865234,3138,0.03254294395446777
2870,AES,0.03366565704345703,0.037529706954956055,1730,0.032633304595947266
2870,No_Encryption,0.03329968452453613,0.028525829315185547,1378,0.03108358383178711
2871,PQC,0.04728865623474121,0.03524065017700195,3138,0.031629085540771484
2871,AES,0.031809091567993164,0.03280448913574219,1730,0.030136823654174805
2871,No_Encryption,0.029165029525756836,0.02767348289489746,1378,0.03447985649108887
2872,PQC,0.03967714309692383,0.03354024887084961,3138,0.030170679092407227
2872,AES,0.031097888946533203,0.030788421630859375,1730,0.030880451202392578
2872,No_Encryption,0.0328679084777832,0.028258800506591797,1378,0.03355240821838379
2873,PQC,0.03558921813964844,0.03580927848815918,3138,0.028759241104125977
2873,AES,0.03826761245727539,0.03536415100097656,1730,0.035169363021850586
2873,No_Encryption,0.033598899841308594,0.029608488082885742,1378,0.03226280212402344
2874,PQC,0.041869401931762695,0.035645246505737305,3138,0.03432798385620117
2874,AES,0.04002523422241211,0.03407692909240723,1730,0.03237628936767578
2874,No_Encryption,0.03397393226623535,0.027471065521240234,1378,0.030980587005615234
2875,PQC,0.03540444374084473,0.03853106498718262,3138,0.030248403549194336
2875,AES,0.03992438316345215,0.03005838394165039,1730,0.029001951217651367
2875,No_Encryption,0.03121042251586914,0.0291292667388916,1378,0.03181862831115723
2876,PQC,0.04074549674987793,0.036663055419921875,3138,0.029696226119995117
2876,AES,0.03505873680114746,0.03450918197631836,1730,0.033020734786987305
2876,No_Encryption,0.03188490867614746,0.028704404830932617,1378,0.03192782402038574
2877,PQC,0.03954339027404785,0.03630256652832031,3138,0.03205156326293945
2877,AES,0.03601360321044922,0.03220319747924805,1730,0.031568288803100586
2877,No_Encryption,0.03142356872558594,0.03094196319580078,1378,0.030869722366333008
2878,PQC,0.041778564453125,0.040763139724731445,3138,0.033418893814086914
2878,AES,0.036562204360961914,0.0364069938659668,1730,0.03185009956359863
2878,No_Encryption,0.03038620948791504,0.029816865921020508,1378,0.03406977653503418
2879,PQC,0.03737068176269531,0.03911399841308594,3138,0.032646894454956055
2879,AES,0.03526568412780762,0.034300804138183594,1730,0.03551602363586426
2879,No_Encryption,0.03345346450805664,0.028881072998046875,1378,0.04577374458312988
2880,PQC,0.04336404800415039,0.04057788848876953,3138,0.03343939781188965
2880,AES,0.04071831703186035,0.03682875633239746,1730,0.03649473190307617
2880,No_Encryption,0.04046487808227539,0.03241324424743652,1378,0.03782534599304199
2881,PQC,0.0482943058013916,0.04173588752746582,3138,0.03478121757507324
2881,AES,0.036726951599121094,0.03614616394042969,1730,0.03435373306274414
2881,No_Encryption,0.03510713577270508,0.03221607208251953,1378,0.033547401428222656
2882,PQC,0.04231739044189453,0.03840446472167969,3138,0.03428459167480469
2882,AES,0.039945363998413086,0.032492637634277344,1730,0.03320646286010742
2882,No_Encryption,0.034740447998046875,0.030719518661499023,1378,0.03092193603515625
2883,PQC,0.04783964157104492,0.039023637771606445,3138,0.039055824279785156
2883,AES,0.035385847091674805,0.0355226993560791,1730,0.03419303894042969
2883,No_Encryption,0.03722810745239258,0.030818462371826172,1378,0.03690314292907715
2884,PQC,0.04221796989440918,0.03855323791503906,3138,0.03250837326049805
2884,AES,0.036179304122924805,0.033288002014160156,1730,0.03312087059020996
2884,No_Encryption,0.034081459045410156,0.029913902282714844,1378,0.03668212890625
2885,PQC,0.05316042900085449,0.0425412654876709,3138,0.03667855262756348
2885,AES,0.04513859748840332,0.03673291206359863,1730,0.04203200340270996
2885,No_Encryption,0.03780055046081543,0.03358292579650879,1378,0.04151558876037598
2886,PQC,0.05249953269958496,0.047583818435668945,3138,0.04119086265563965
2886,AES,0.042459964752197266,0.04025912284851074,1730,0.03711748123168945
2886,No_Encryption,0.038993120193481445,0.03555607795715332,1378,0.03709983825683594
2887,PQC,0.04570293426513672,0.0454409122467041,3138,0.03490781784057617
2887,AES,0.046437740325927734,0.03858780860900879,1730,0.038542747497558594
2887,No_Encryption,0.047113656997680664,0.033986568450927734,1378,0.045804738998413086
2888,PQC,0.06314778327941895,0.045810699462890625,3138,0.04501628875732422
2888,AES,0.04694938659667969,0.04554414749145508,1730,0.03841567039489746
2888,No_Encryption,0.03784489631652832,0.0333101749420166,1378,0.037878990173339844
2889,PQC,0.04682493209838867,0.04625821113586426,3138,0.03533172607421875
2889,AES,0.03952479362487793,0.03574109077453613,1730,0.037073373794555664
2889,No_Encryption,0.04604458808898926,0.03232526779174805,1378,0.036650896072387695
2890,PQC,0.05221104621887207,0.04079890251159668,3138,0.03127026557922363
2890,AES,0.04050898551940918,0.0324094295501709,1730,0.034922122955322266
2890,No_Encryption,0.034313201904296875,0.0289156436920166,1378,0.03613471984863281
2891,PQC,0.04162240028381348,0.04091334342956543,3138,0.03174400329589844
2891,AES,0.03412795066833496,0.036830902099609375,1730,0.030663728713989258
2891,No_Encryption,0.0321955680847168,0.029474496841430664,1378,0.03222346305847168
2892,PQC,0.03954720497131348,0.03993391990661621,3138,0.03151702880859375
2892,AES,0.03927278518676758,0.041266679763793945,1730,0.037400245666503906
2892,No_Encryption,0.03887009620666504,0.031537532806396484,1378,0.03189373016357422
2893,PQC,0.04004216194152832,0.03557538986206055,3138,0.03353452682495117
2893,AES,0.037110090255737305,0.03386998176574707,1730,0.03522133827209473
2893,No_Encryption,0.0445713996887207,0.03566098213195801,1378,0.03790998458862305
2894,PQC,0.058158159255981445,0.03843331336975098,3138,0.038596153259277344
2894,AES,0.04055929183959961,0.03493809700012207,1730,0.034062862396240234
2894,No_Encryption,0.03620028495788574,0.03017115592956543,1378,0.03408980369567871
2895,PQC,0.05665111541748047,0.04020071029663086,3138,0.034949541091918945
2895,AES,0.03581881523132324,0.037183284759521484,1730,0.03446674346923828
2895,No_Encryption,0.03782248497009277,0.033234596252441406,1378,0.034621477127075195
2896,PQC,0.0398101806640625,0.04415130615234375,3138,0.031536102294921875
2896,AES,0.0337369441986084,0.03494906425476074,1730,0.03300285339355469
2896,No_Encryption,0.030454397201538086,0.027959346771240234,1378,0.03383183479309082
2897,PQC,0.03765559196472168,0.038970947265625,3138,0.03136277198791504
2897,AES,0.033287763595581055,0.03247547149658203,1730,0.03301811218261719
2897,No_Encryption,0.03312563896179199,0.03026127815246582,1378,0.03446149826049805
2898,PQC,0.04174089431762695,0.037398338317871094,3138,0.0299527645111084
2898,AES,0.03960561752319336,0.03352165222167969,1730,0.03243732452392578
2898,No_Encryption,0.03455519676208496,0.030127763748168945,1378,0.036699771881103516
2899,PQC,0.0432891845703125,0.0394132137298584,3138,0.033994197845458984
2899,AES,0.03610539436340332,0.03640317916870117,1730,0.035125017166137695
2899,No_Encryption,0.03167080879211426,0.028209686279296875,1378,0.03255414962768555
2900,PQC,0.040886878967285156,0.03918886184692383,3138,0.0311281681060791
2900,AES,0.03507089614868164,0.03372550010681152,1730,0.034072160720825195
2900,No_Encryption,0.03344082832336426,0.029971837997436523,1378,0.03255200386047363
2901,PQC,0.04371953010559082,0.03785419464111328,3138,0.03636360168457031
2901,AES,0.04285693168640137,0.036208152770996094,1730,0.03326821327209473
2901,No_Encryption,0.03634381294250488,0.030855417251586914,1378,0.03133797645568848
2902,PQC,0.04620480537414551,0.03559994697570801,3138,0.03050065040588379
2902,AES,0.034674644470214844,0.03258705139160156,1730,0.03373312950134277
2902,No_Encryption,0.0313410758972168,0.02776646614074707,1378,0.0338289737701416
2903,PQC,0.03876686096191406,0.040947914123535156,3138,0.034372568130493164
2903,AES,0.035999298095703125,0.0330963134765625,1730,0.031896352767944336
2903,No_Encryption,0.03307914733886719,0.029652118682861328,1378,0.0327298641204834
2904,PQC,0.03813505172729492,0.03747296333312988,3138,0.03092169761657715
2904,AES,0.03591609001159668,0.034418344497680664,1730,0.03063368797302246
2904,No_Encryption,0.03739428520202637,0.02848362922668457,1378,0.03307676315307617
2905,PQC,0.04691576957702637,0.03558778762817383,3138,0.03080892562866211
2905,AES,0.03584742546081543,0.03471016883850098,1730,0.03342247009277344
2905,No_Encryption,0.03619551658630371,0.03121495246887207,1378,0.03371119499206543
2906,PQC,0.040452003479003906,0.038025856018066406,3138,0.03209376335144043
2906,AES,0.03609180450439453,0.03376650810241699,1730,0.034490108489990234
2906,No_Encryption,0.03915524482727051,0.03249549865722656,1378,0.03710031509399414
2907,PQC,0.04557609558105469,0.03717613220214844,3138,0.04080390930175781
2907,AES,0.0426478385925293,0.03896617889404297,1730,0.03592252731323242
2907,No_Encryption,0.041198015213012695,0.031086444854736328,1378,0.04109072685241699
2908,PQC,0.05004239082336426,0.044841766357421875,3138,0.03839564323425293
2908,AES,0.05044150352478027,0.03491687774658203,1730,0.03435683250427246
2908,No_Encryption,0.032863616943359375,0.029883623123168945,1378,0.03560900688171387
2909,PQC,0.045084238052368164,0.040677547454833984,3138,0.03552722930908203
2909,AES,0.03400731086730957,0.03444790840148926,1730,0.03798198699951172
2909,No_Encryption,0.034013986587524414,0.03227353096008301,1378,0.03635668754577637
2910,PQC,0.04551553726196289,0.04281020164489746,3138,0.03482508659362793
2910,AES,0.04884028434753418,0.032269954681396484,1730,0.03263235092163086
2910,No_Encryption,0.031221628189086914,0.03258538246154785,1378,0.03232455253601074
2911,PQC,0.04679250717163086,0.039296865463256836,3138,0.036656856536865234
2911,AES,0.03837466239929199,0.03834128379821777,1730,0.03270888328552246
2911,No_Encryption,0.03214406967163086,0.030572891235351562,1378,0.03392481803894043
2912,PQC,0.04381585121154785,0.039093732833862305,3138,0.03237557411193848
2912,AES,0.034905195236206055,0.032280683517456055,1730,0.030376672744750977
2912,No_Encryption,0.03474092483520508,0.029244422912597656,1378,0.03105926513671875
2913,PQC,0.04311728477478027,0.03857278823852539,3138,0.03243660926818848
2913,AES,0.04369401931762695,0.03170204162597656,1730,0.03398609161376953
2913,No_Encryption,0.03322410583496094,0.029662609100341797,1378,0.03634166717529297
2914,PQC,0.03987622261047363,0.03767251968383789,3138,0.03379344940185547
2914,AES,0.036812543869018555,0.03324699401855469,1730,0.03313398361206055
2914,No_Encryption,0.03480100631713867,0.028738737106323242,1378,0.03713679313659668
2915,PQC,0.040464162826538086,0.039644479751586914,3138,0.03508186340332031
2915,AES,0.03531622886657715,0.03273606300354004,1730,0.03434157371520996
2915,No_Encryption,0.03263401985168457,0.028999805450439453,1378,0.035254716873168945
2916,PQC,0.03770613670349121,0.035483360290527344,3138,0.03387117385864258
2916,AES,0.03637242317199707,0.03371095657348633,1730,0.034685611724853516
2916,No_Encryption,0.03249001502990723,0.030592679977416992,1378,0.03458046913146973
2917,PQC,0.0384519100189209,0.03949570655822754,3138,0.031560420989990234
2917,AES,0.03855133056640625,0.03606557846069336,1730,0.03494000434875488
2917,No_Encryption,0.0365753173828125,0.030589818954467773,1378,0.03472447395324707
2918,PQC,0.04238438606262207,0.036701202392578125,3138,0.030851364135742188
2918,AES,0.03500843048095703,0.032735586166381836,1730,0.029346227645874023
2918,No_Encryption,0.03283238410949707,0.029440879821777344,1378,0.03288984298706055
2919,PQC,0.03978562355041504,0.03736519813537598,3138,0.03258061408996582
2919,AES,0.03524518013000488,0.03241729736328125,1730,0.03423643112182617
2919,No_Encryption,0.030106544494628906,0.027396202087402344,1378,0.03327131271362305
2920,PQC,0.04114031791687012,0.03726935386657715,3138,0.029627084732055664
2920,AES,0.04445075988769531,0.03168892860412598,1730,0.029380321502685547
2920,No_Encryption,0.03546881675720215,0.03298163414001465,1378,0.033820152282714844
2921,PQC,0.06711530685424805,0.04705333709716797,3138,0.037766218185424805
2921,AES,0.042591094970703125,0.03772091865539551,1730,0.04029059410095215
2921,No_Encryption,0.03571581840515137,0.03157973289489746,1378,0.04082345962524414
2922,PQC,0.05072474479675293,0.043183326721191406,3138,0.04017353057861328
2922,AES,0.03958582878112793,0.04047989845275879,1730,0.03389286994934082
2922,No_Encryption,0.04419350624084473,0.030986309051513672,1378,0.033379554748535156
2923,PQC,0.04464602470397949,0.03983020782470703,3138,0.04008364677429199
2923,AES,0.03753995895385742,0.03820991516113281,1730,0.032309532165527344
2923,No_Encryption,0.04212522506713867,0.03227686882019043,1378,0.03378653526306152
2924,PQC,0.046195030212402344,0.0360865592956543,3138,0.033138275146484375
2924,AES,0.03749275207519531,0.03430318832397461,1730,0.03394770622253418
2924,No_Encryption,0.041860342025756836,0.03342080116271973,1378,0.035736083984375
2925,PQC,0.04157710075378418,0.03763461112976074,3138,0.03735613822937012
2925,AES,0.03611922264099121,0.03823041915893555,1730,0.03669381141662598
2925,No_Encryption,0.03434157371520996,0.03446030616760254,1378,0.036337852478027344
2926,PQC,0.05864262580871582,0.04176139831542969,3138,0.03586840629577637
2926,AES,0.03633594512939453,0.03467273712158203,1730,0.038843393325805664
2926,No_Encryption,0.03467059135437012,0.031621694564819336,1378,0.03448772430419922
2927,PQC,0.05173230171203613,0.04547405242919922,3138,0.036920785903930664
2927,AES,0.03901553153991699,0.030387401580810547,1730,0.03367471694946289
2927,No_Encryption,0.036055803298950195,0.03006720542907715,1378,0.03384590148925781
2928,PQC,0.04936861991882324,0.03956437110900879,3138,0.036177873611450195
2928,AES,0.03525590896606445,0.03274106979370117,1730,0.03172421455383301
2928,No_Encryption,0.02998495101928711,0.031113386154174805,1378,0.0313258171081543
2929,PQC,0.03435039520263672,0.03429532051086426,3138,0.030643463134765625
2929,AES,0.034342050552368164,0.03157234191894531,1730,0.0322115421295166
2929,No_Encryption,0.032816410064697266,0.028517961502075195,1378,0.029339075088500977
2930,PQC,0.04001736640930176,0.032990455627441406,3138,0.028691768646240234
2930,AES,0.031435251235961914,0.030027389526367188,1730,0.028411388397216797
2930,No_Encryption,0.033718109130859375,0.025729894638061523,1378,0.030878543853759766
2931,PQC,0.04065203666687012,0.03763937950134277,3138,0.032442569732666016
2931,AES,0.035848379135131836,0.03112936019897461,1730,0.03290987014770508
2931,No_Encryption,0.03454709053039551,0.030150651931762695,1378,0.03070998191833496
2932,PQC,0.0431826114654541,0.03675103187561035,3138,0.031465768814086914
2932,AES,0.034577369689941406,0.032067298889160156,1730,0.03295254707336426
2932,No_Encryption,0.032935380935668945,0.030189037322998047,1378,0.034216880798339844
2933,PQC,0.04043912887573242,0.04259204864501953,3138,0.038514137268066406
2933,AES,0.03590559959411621,0.03702259063720703,1730,0.03243422508239746
2933,No_Encryption,0.03639388084411621,0.0300595760345459,1378,0.03669142723083496
2934,PQC,0.07215762138366699,0.04712820053100586,3138,0.03691411018371582
2934,AES,0.04596400260925293,0.040441036224365234,1730,0.04147458076477051
2934,No_Encryption,0.04216194152832031,0.03062915802001953,1378,0.03492307662963867
2935,PQC,0.04071044921875,0.0419619083404541,3138,0.03724503517150879
2935,AES,0.04274702072143555,0.03658246994018555,1730,0.03315854072570801
2935,No_Encryption,0.039809226989746094,0.034189701080322266,1378,0.03907632827758789
2936,PQC,0.044237375259399414,0.04350399971008301,3138,0.03602862358093262
2936,AES,0.04191398620605469,0.03746461868286133,1730,0.03446817398071289
2936,No_Encryption,0.03360462188720703,0.03293323516845703,1378,0.035368919372558594
2937,PQC,0.04508638381958008,0.04070687294006348,3138,0.03161048889160156
2937,AES,0.040608882904052734,0.035495758056640625,1730,0.03407740592956543
2937,No_Encryption,0.04801034927368164,0.035745859146118164,1378,0.03769874572753906
2938,PQC,0.038483381271362305,0.04120206832885742,3138,0.0346829891204834
2938,AES,0.034706830978393555,0.0355374813079834,1730,0.03375744819641113
2938,No_Encryption,0.0411229133605957,0.0306246280670166,1378,0.03776907920837402
2939,PQC,0.046602487564086914,0.0372314453125,3138,0.031041622161865234
2939,AES,0.033771514892578125,0.037549734115600586,1730,0.03552651405334473
2939,No_Encryption,0.03512072563171387,0.03209114074707031,1378,0.034453630447387695
2940,PQC,0.04140448570251465,0.04605865478515625,3138,0.0316014289855957
2940,AES,0.03742504119873047,0.03619790077209473,1730,0.03205752372741699
2940,No_Encryption,0.03445601463317871,0.03396964073181152,1378,0.033733367919921875
2941,PQC,0.04026031494140625,0.03755068778991699,3138,0.03459429740905762
2941,AES,0.03666806221008301,0.03253173828125,1730,0.033077239990234375
2941,No_Encryption,0.03245973587036133,0.032419681549072266,1378,0.03408098220825195
2942,PQC,0.0412447452545166,0.042998552322387695,3138,0.03394913673400879
2942,AES,0.032372474670410156,0.03216838836669922,1730,0.032219886779785156
2942,No_Encryption,0.033103227615356445,0.02990865707397461,1378,0.032509565353393555
2943,PQC,0.03962516784667969,0.03718709945678711,3138,0.03421616554260254
2943,AES,0.03683924674987793,0.034287214279174805,1730,0.03428959846496582
2943,No_Encryption,0.036641597747802734,0.02992534637451172,1378,0.03834033012390137
2944,PQC,0.03580522537231445,0.034931182861328125,3138,0.03046894073486328
2944,AES,0.044573307037353516,0.03212857246398926,1730,0.03004932403564453
2944,No_Encryption,0.03538155555725098,0.028390169143676758,1378,0.031036853790283203
2945,PQC,0.04354596138000488,0.03795170783996582,3138,0.034776926040649414
2945,AES,0.03451800346374512,0.03307795524597168,1730,0.039011240005493164
2945,No_Encryption,0.03045201301574707,0.02800607681274414,1378,0.034798383712768555
2946,PQC,0.04125547409057617,0.03696012496948242,3138,0.03267240524291992
2946,AES,0.032845497131347656,0.032764434814453125,1730,0.03517603874206543
2946,No_Encryption,0.03883194923400879,0.031485557556152344,1378,0.03420519828796387
2947,PQC,0.040967702865600586,0.03882598876953125,3138,0.03397107124328613
2947,AES,0.03597664833068848,0.03419375419616699,1730,0.03580784797668457
2947,No_Encryption,0.047952890396118164,0.03541922569274902,1378,0.04109907150268555
2948,PQC,0.04410362243652344,0.043731689453125,3138,0.03614330291748047
2948,AES,0.03678393363952637,0.03706502914428711,1730,0.037718772888183594
2948,No_Encryption,0.03612995147705078,0.03307223320007324,1378,0.042304039001464844
2949,PQC,0.04107356071472168,0.04234123229980469,3138,0.03609585762023926
2949,AES,0.038736820220947266,0.035242319107055664,1730,0.03189706802368164
2949,No_Encryption,0.04103207588195801,0.029326438903808594,1378,0.03277158737182617
2950,PQC,0.04371500015258789,0.03693652153015137,3138,0.03362441062927246
2950,AES,0.03467273712158203,0.03451824188232422,1730,0.03172445297241211
2950,No_Encryption,0.030167341232299805,0.03002643585205078,1378,0.030694007873535156
2951,PQC,0.04097437858581543,0.03658938407897949,3138,0.03182554244995117
2951,AES,0.03650212287902832,0.031906843185424805,1730,0.03177595138549805
2951,No_Encryption,0.03734326362609863,0.027024507522583008,1378,0.032405853271484375
2952,PQC,0.03741049766540527,0.03382468223571777,3138,0.028639793395996094
2952,AES,0.030515193939208984,0.03065037727355957,1730,0.02919483184814453
2952,No_Encryption,0.03236269950866699,0.02735590934753418,1378,0.029546260833740234
2953,PQC,0.0344240665435791,0.03213071823120117,3138,0.028135299682617188
2953,AES,0.033394575119018555,0.032158851623535156,1730,0.029730558395385742
2953,No_Encryption,0.030353307723999023,0.027316808700561523,1378,0.029669523239135742
2954,PQC,0.0378875732421875,0.034987449645996094,3138,0.029181957244873047
2954,AES,0.03290820121765137,0.029840707778930664,1730,0.030369043350219727
2954,No_Encryption,0.03263592720031738,0.02726578712463379,1378,0.029263973236083984
2955,PQC,0.03519248962402344,0.033492088317871094,3138,0.027690649032592773
2955,AES,0.031185150146484375,0.030159711837768555,1730,0.030366897583007812
2955,No_Encryption,0.02887582778930664,0.026182889938354492,1378,0.028506040573120117
2956,PQC,0.03439044952392578,0.03282284736633301,3138,0.030413389205932617
2956,AES,0.031138181686401367,0.029057741165161133,1730,0.030505657196044922
2956,No_Encryption,0.029356002807617188,0.026152372360229492,1378,0.03232312202453613
2957,PQC,0.035128116607666016,0.03342556953430176,3138,0.028415679931640625
2957,AES,0.028476238250732422,0.03030705451965332,1730,0.02919483184814453
2957,No_Encryption,0.03204345703125,0.02610015869140625,1378,0.02840900421142578
2958,PQC,0.03668332099914551,0.033460378646850586,3138,0.028604984283447266
2958,AES,0.03170156478881836,0.030524015426635742,1730,0.029496192932128906
2958,No_Encryption,0.02701425552368164,0.026821613311767578,1378,0.03009629249572754
2959,PQC,0.03523612022399902,0.03336644172668457,3138,0.02959275245666504
2959,AES,0.030884504318237305,0.029668569564819336,1730,0.03092336654663086
2959,No_Encryption,0.03307509422302246,0.027784109115600586,1378,0.03302121162414551
2960,PQC,0.0356898307800293,0.03705143928527832,3138,0.029117345809936523
2960,AES,0.03268766403198242,0.029705047607421875,1730,0.027227163314819336
2960,No_Encryption,0.03060173988342285,0.0269315242767334,1378,0.03061056137084961
2961,PQC,0.03841757774353027,0.035546302795410156,3138,0.029671907424926758
2961,AES,0.03094649314880371,0.029407739639282227,1730,0.03003072738647461
2961,No_Encryption,0.027902603149414062,0.02745652198791504,1378,0.028600454330444336
2962,PQC,0.0340268611907959,0.03279829025268555,3138,0.02834463119506836
2962,AES,0.03244447708129883,0.03150653839111328,1730,0.03359031677246094
2962,No_Encryption,0.0395207405090332,0.03323221206665039,1378,0.03260660171508789
2963,PQC,0.03734731674194336,0.03595280647277832,3138,0.03393101692199707
2963,AES,0.034203290939331055,0.030092954635620117,1730,0.03004598617553711
2963,No_Encryption,0.030295372009277344,0.02732992172241211,1378,0.03295612335205078
2964,PQC,0.0354921817779541,0.03484797477722168,3138,0.03167891502380371
2964,AES,0.040308237075805664,0.03414011001586914,1730,0.03235888481140137
2964,No_Encryption,0.029814481735229492,0.02677321434020996,1378,0.03104090690612793
2965,PQC,0.04504203796386719,0.040042877197265625,3138,0.02956223487854004
2965,AES,0.029758930206298828,0.028896331787109375,1730,0.028525590896606445
2965,No_Encryption,0.02881455421447754,0.026336193084716797,1378,0.03619384765625
2966,PQC,0.03658318519592285,0.03207969665527344,3138,0.02825927734375
2966,AES,0.03276515007019043,0.030383825302124023,1730,0.03430747985839844
2966,No_Encryption,0.030161380767822266,0.027204513549804688,1378,0.030894041061401367
2967,PQC,0.03659653663635254,0.03391408920288086,3138,0.02751755714416504
2967,AES,0.02866983413696289,0.028929948806762695,1730,0.02965092658996582
2967,No_Encryption,0.030030488967895508,0.02724623680114746,1378,0.03202223777770996
2968,PQC,0.03699517250061035,0.03461027145385742,3138,0.030946969985961914
2968,AES,0.03146100044250488,0.032440185546875,1730,0.03028273582458496
2968,No_Encryption,0.028740406036376953,0.027909040451049805,1378,0.031024932861328125
2969,PQC,0.036275386810302734,0.035161495208740234,3138,0.028055667877197266
2969,AES,0.04176044464111328,0.02933216094970703,1730,0.028654813766479492
2969,No_Encryption,0.03369545936584473,0.02798604965209961,1378,0.02996373176574707
2970,PQC,0.03651714324951172,0.03408503532409668,3138,0.02839064598083496
2970,AES,0.029908180236816406,0.031195402145385742,1730,0.028281688690185547
2970,No_Encryption,0.034795284271240234,0.026563167572021484,1378,0.030703067779541016
2971,PQC,0.0358273983001709,0.03663778305053711,3138,0.030628681182861328
2971,AES,0.029366731643676758,0.0314488410949707,1730,0.02970123291015625
2971,No_Encryption,0.02982473373413086,0.02712535858154297,1378,0.03514671325683594
2972,PQC,0.035433053970336914,0.040558815002441406,3138,0.031562089920043945
2972,AES,0.039690494537353516,0.032448768615722656,1730,0.032308101654052734
2972,No_Encryption,0.028754472732543945,0.025900602340698242,1378,0.0313568115234375
2973,PQC,0.04026460647583008,0.034416913986206055,3138,0.030206680297851562
2973,AES,0.030138492584228516,0.030521869659423828,1730,0.029555559158325195
2973,No_Encryption,0.02796030044555664,0.02687668800354004,1378,0.03389549255371094
2974,PQC,0.03716397285461426,0.034479379653930664,3138,0.03037428855895996
2974,AES,0.03055429458618164,0.032988548278808594,1730,0.031186819076538086
2974,No_Encryption,0.03853464126586914,0.027060985565185547,1378,0.029858827590942383
2975,PQC,0.03703761100769043,0.03571939468383789,3138,0.030158042907714844
2975,AES,0.030011892318725586,0.02881598472595215,1730,0.030339956283569336
2975,No_Encryption,0.03142046928405762,0.028141498565673828,1378,0.031039953231811523
2976,PQC,0.03605461120605469,0.03453540802001953,3138,0.0285494327545166
2976,AES,0.031380414962768555,0.03114461898803711,1730,0.03032541275024414
2976,No_Encryption,0.026907920837402344,0.02650904655456543,1378,0.02978682518005371
2977,PQC,0.03646540641784668,0.034620046615600586,3138,0.03700113296508789
2977,AES,0.040413618087768555,0.034873008728027344,1730,0.032945871353149414
2977,No_Encryption,0.03530383110046387,0.030015945434570312,1378,0.031220197677612305
2978,PQC,0.038387298583984375,0.03766298294067383,3138,0.031925201416015625
2978,AES,0.035512685775756836,0.03078317642211914,1730,0.03025984764099121
2978,No_Encryption,0.028763771057128906,0.026103496551513672,1378,0.03081536293029785
2979,PQC,0.0343780517578125,0.03554701805114746,3138,0.029473304748535156
2979,AES,0.031281232833862305,0.030223846435546875,1730,0.030127525329589844
2979,No_Encryption,0.029410600662231445,0.03011155128479004,1378,0.031974077224731445
2980,PQC,0.03724336624145508,0.03311920166015625,3138,0.02977895736694336
2980,AES,0.03299975395202637,0.02992987632751465,1730,0.029494285583496094
2980,No_Encryption,0.038779258728027344,0.029227733612060547,1378,0.03108978271484375
2981,PQC,0.04200148582458496,0.033768415451049805,3138,0.03183460235595703
2981,AES,0.03546452522277832,0.030797481536865234,1730,0.03230905532836914
2981,No_Encryption,0.032233238220214844,0.027207612991333008,1378,0.02989816665649414
2982,PQC,0.03462362289428711,0.03736591339111328,3138,0.03212785720825195
2982,AES,0.04134654998779297,0.03159928321838379,1730,0.028636932373046875
2982,No_Encryption,0.032135009765625,0.02603602409362793,1378,0.02961254119873047
2983,PQC,0.03798627853393555,0.0343928337097168,3138,0.028732776641845703
2983,AES,0.03272294998168945,0.02979135513305664,1730,0.02890801429748535
2983,No_Encryption,0.02974414825439453,0.027095556259155273,1378,0.03000640869140625
2984,PQC,0.03317975997924805,0.034369468688964844,3138,0.02849125862121582
2984,AES,0.028263330459594727,0.028649091720581055,1730,0.02858901023864746
2984,No_Encryption,0.0289461612701416,0.025969266891479492,1378,0.02869892120361328
2985,PQC,0.03739643096923828,0.034366607666015625,3138,0.02756357192993164
2985,AES,0.03028249740600586,0.030137300491333008,1730,0.0275723934173584
2985,No_Encryption,0.030817270278930664,0.02638864517211914,1378,0.02902841567993164
2986,PQC,0.03873038291931152,0.03590989112854004,3138,0.02941107749938965
2986,AES,0.03198099136352539,0.030095577239990234,1730,0.027877330780029297
2986,No_Encryption,0.02852916717529297,0.027161359786987305,1378,0.030074119567871094
2987,PQC,0.038352012634277344,0.03226947784423828,3138,0.028798341751098633
2987,AES,0.02941727638244629,0.030078411102294922,1730,0.03011918067932129
2987,No_Encryption,0.0298006534576416,0.02585124969482422,1378,0.028909921646118164
2988,PQC,0.03618979454040527,0.03466367721557617,3138,0.03229331970214844
2988,AES,0.03347897529602051,0.029657602310180664,1730,0.027511119842529297
2988,No_Encryption,0.02796006202697754,0.026311874389648438,1378,0.029586315155029297
2989,PQC,0.04233050346374512,0.03465080261230469,3138,0.030950307846069336
2989,AES,0.032303810119628906,0.029448986053466797,1730,0.02823162078857422
2989,No_Encryption,0.02894449234008789,0.026920080184936523,1378,0.02807760238647461
2990,PQC,0.03520035743713379,0.032538414001464844,3138,0.02800583839416504
2990,AES,0.030450105667114258,0.02928757667541504,1730,0.03212881088256836
2990,No_Encryption,0.02946925163269043,0.025556564331054688,1378,0.029742956161499023
2991,PQC,0.03893613815307617,0.033426523208618164,3138,0.029425621032714844
2991,AES,0.031002044677734375,0.029564380645751953,1730,0.03128981590270996
2991,No_Encryption,0.029874563217163086,0.025773286819458008,1378,0.029909133911132812
2992,PQC,0.0345613956451416,0.037492990493774414,3138,0.029164552688598633
2992,AES,0.0345759391784668,0.03008127212524414,1730,0.027198314666748047
2992,No_Encryption,0.02642202377319336,0.026551485061645508,1378,0.028339624404907227
2993,PQC,0.03499484062194824,0.03373885154724121,3138,0.02703714370727539
2993,AES,0.028805255889892578,0.029309988021850586,1730,0.027539968490600586
2993,No_Encryption,0.03233528137207031,0.03135538101196289,1378,0.03656935691833496
2994,PQC,0.03971052169799805,0.04071521759033203,3138,0.03279447555541992
2994,AES,0.031225204467773438,0.03041672706604004,1730,0.03080582618713379
2994,No_Encryption,0.03127336502075195,0.02621603012084961,1378,0.03062748908996582
2995,PQC,0.038164377212524414,0.03426313400268555,3138,0.029126882553100586
2995,AES,0.03455376625061035,0.031241178512573242,1730,0.029348373413085938
2995,No_Encryption,0.028191328048706055,0.026700735092163086,1378,0.02961897850036621
2996,PQC,0.03549695014953613,0.03352999687194824,3138,0.028125286102294922
2996,AES,0.03225541114807129,0.027800798416137695,1730,0.03189587593078613
2996,No_Encryption,0.030345916748046875,0.027758121490478516,1378,0.028076887130737305
2997,PQC,0.03628873825073242,0.033654212951660156,3138,0.028441667556762695
2997,AES,0.030618667602539062,0.031961679458618164,1730,0.029520511627197266
2997,No_Encryption,0.02773261070251465,0.02721881866455078,1378,0.030934572219848633
2998,PQC,0.03589057922363281,0.03453350067138672,3138,0.029961347579956055
2998,AES,0.032083988189697266,0.029752016067504883,1730,0.030449390411376953
2998,No_Encryption,0.028351545333862305,0.02704310417175293,1378,0.03004765510559082
2999,PQC,0.0372006893157959,0.034920454025268555,3138,0.027373790740966797
2999,AES,0.030131101608276367,0.0293581485748291,1730,0.029793262481689453
2999,No_Encryption,0.029238462448120117,0.026592254638671875,1378,0.030792951583862305
3000,PQC,0.03553366661071777,0.03497123718261719,3138,0.02770686149597168
3000,AES,0.03307366371154785,0.030224323272705078,1730,0.029212474822998047
3000,No_Encryption,0.02764749526977539,0.027141332626342773,1378,0.030248641967773438
3001,PQC,0.03620290756225586,0.03551483154296875,3138,0.028952598571777344
3001,AES,0.029706478118896484,0.028044700622558594,1730,0.031931161880493164
3001,No_Encryption,0.03586626052856445,0.027646303176879883,1378,0.03348517417907715
3002,PQC,0.03708004951477051,0.03474736213684082,3138,0.027892112731933594
3002,AES,0.03250622749328613,0.03250622749328613,1730,0.03240823745727539
3002,No_Encryption,0.028167009353637695,0.026060104370117188,1378,0.030199766159057617
3003,PQC,0.033774375915527344,0.03429007530212402,3138,0.029643535614013672
3003,AES,0.030770540237426758,0.030294179916381836,1730,0.029152631759643555
3003,No_Encryption,0.03216981887817383,0.02763986587524414,1378,0.030485868453979492
3004,PQC,0.03575396537780762,0.035240888595581055,3138,0.0299527645111084
3004,AES,0.029721736907958984,0.03155040740966797,1730,0.027851104736328125
3004,No_Encryption,0.028218984603881836,0.02730727195739746,1378,0.03104996681213379
3005,PQC,0.03809928894042969,0.03726983070373535,3138,0.03000164031982422
3005,AES,0.035585880279541016,0.03145623207092285,1730,0.02925276756286621
3005,No_Encryption,0.03266453742980957,0.025948286056518555,1378,0.028944730758666992
3006,PQC,0.042321205139160156,0.03639483451843262,3138,0.029674053192138672
3006,AES,0.03460979461669922,0.032755136489868164,1730,0.030501365661621094
3006,No_Encryption,0.028570890426635742,0.030522584915161133,1378,0.03468656539916992
3007,PQC,0.03679251670837402,0.03540158271789551,3138,0.0296628475189209
3007,AES,0.030636310577392578,0.03130030632019043,1730,0.029356002807617188
3007,No_Encryption,0.03236889839172363,0.026796340942382812,1378,0.029186248779296875
3008,PQC,0.04107069969177246,0.0348048210144043,3138,0.030669689178466797
3008,AES,0.04148459434509277,0.03593134880065918,1730,0.03309369087219238
3008,No_Encryption,0.03267025947570801,0.028873205184936523,1378,0.03639030456542969
3009,PQC,0.044855356216430664,0.03443455696105957,3138,0.029214143753051758
3009,AES,0.03239250183105469,0.033107757568359375,1730,0.0303342342376709
3009,No_Encryption,0.030204296112060547,0.02960968017578125,1378,0.031224966049194336
3010,PQC,0.035843849182128906,0.03622174263000488,3138,0.031137466430664062
3010,AES,0.029660463333129883,0.030786752700805664,1730,0.03043961524963379
3010,No_Encryption,0.033840179443359375,0.028096437454223633,1378,0.03144335746765137
3011,PQC,0.03783822059631348,0.03891777992248535,3138,0.028911352157592773
3011,AES,0.02979135513305664,0.030469417572021484,1730,0.02915644645690918
3011,No_Encryption,0.029323339462280273,0.026831626892089844,1378,0.030306339263916016
3012,PQC,0.03498578071594238,0.034295082092285156,3138,0.031217098236083984
3012,AES,0.03193354606628418,0.0288546085357666,1730,0.030323266983032227
3012,No_Encryption,0.027734041213989258,0.02763533592224121,1378,0.028615236282348633
3013,PQC,0.040096282958984375,0.03547310829162598,3138,0.0323486328125
3013,AES,0.03440999984741211,0.033551931381225586,1730,0.029181957244873047
3013,No_Encryption,0.02960658073425293,0.027739524841308594,1378,0.030975818634033203
3014,PQC,0.03854775428771973,0.03523397445678711,3138,0.02518486976623535
3014,AES,0.0221402645111084,0.022675037384033203,1730,0.022085905075073242
3014,No_Encryption,0.023303985595703125,0.01694488525390625,1378,0.020134687423706055
3015,PQC,0.020905494689941406,0.02277827262878418,3138,0.018099308013916016
3015,AES,0.02106189727783203,0.017788410186767578,1730,0.01800227165222168
3015,No_Encryption,0.01818704605102539,0.014842748641967773,1378,0.019197702407836914
3016,PQC,0.021924734115600586,0.01950979232788086,3138,0.017374277114868164
3016,AES,0.019631385803222656,0.018320322036743164,1730,0.017272233963012695
3016,No_Encryption,0.022358179092407227,0.015555143356323242,1378,0.01713705062866211
3017,PQC,0.023001909255981445,0.01969766616821289,3138,0.01740550994873047
3017,AES,0.01939558982849121,0.01681375503540039,1730,0.0179598331451416
3017,No_Encryption,0.019301891326904297,0.016913652420043945,1378,0.01798272132873535
3018,PQC,0.024291038513183594,0.019229412078857422,3138,0.01710057258605957
3018,AES,0.01982879638671875,0.019507169723510742,1730,0.018023014068603516
3018,No_Encryption,0.021885395050048828,0.0183868408203125,1378,0.01828598976135254
3019,PQC,0.021998882293701172,0.020606517791748047,3138,0.01695561408996582
3019,AES,0.019005775451660156,0.019842863082885742,1730,0.018590211868286133
3019,No_Encryption,0.01791691780090332,0.01531219482421875,1378,0.017365694046020508
3020,PQC,0.02056288719177246,0.020605802536010742,3138,0.01797795295715332
3020,AES,0.018848180770874023,0.01689434051513672,1730,0.01860332489013672
3020,No_Encryption,0.018558740615844727,0.014540910720825195,1378,0.017033100128173828
3021,PQC,0.021953105926513672,0.019203662872314453,3138,0.018392324447631836
3021,AES,0.018741607666015625,0.01916027069091797,1730,0.01902294158935547
3021,No_Encryption,0.023653268814086914,0.015545845031738281,1378,0.01707148551940918
3022,PQC,0.025002479553222656,0.019943952560424805,3138,0.019844532012939453
3022,AES,0.019295454025268555,0.019141674041748047,1730,0.018259763717651367
3022,No_Encryption,0.025721073150634766,0.016232728958129883,1378,0.018342018127441406
3023,PQC,0.0242462158203125,0.020238161087036133,3138,0.018340349197387695
3023,AES,0.01982569694519043,0.017034053802490234,1730,0.017682790756225586
3023,No_Encryption,0.01852726936340332,0.01673269271850586,1378,0.017755508422851562
3024,PQC,0.02171158790588379,0.021098613739013672,3138,0.01791977882385254
3024,AES,0.019276142120361328,0.016275644302368164,1730,0.018056869506835938
3024,No_Encryption,0.018382549285888672,0.017122507095336914,1378,0.02303481101989746
3025,PQC,0.024494409561157227,0.020268678665161133,3138,0.01697254180908203
3025,AES,0.022876262664794922,0.018387794494628906,1730,0.018335342407226562
3025,No_Encryption,0.018536806106567383,0.015926361083984375,1378,0.017887115478515625
3026,PQC,0.024809598922729492,0.020406484603881836,3138,0.01849818229675293
3026,AES,0.019754409790039062,0.017695903778076172,1730,0.01720738410949707
3026,No_Encryption,0.01894092559814453,0.015020608901977539,1378,0.018704652786254883
3027,PQC,0.02313828468322754,0.021396636962890625,3138,0.01705646514892578
3027,AES,0.020882606506347656,0.019333839416503906,1730,0.018098115921020508
3027,No_Encryption,0.018518447875976562,0.015305757522583008,1378,0.019226551055908203
3028,PQC,0.021895647048950195,0.020650386810302734,3138,0.017993688583374023
3028,AES,0.02135467529296875,0.017268896102905273,1730,0.01710200309753418
3028,No_Encryption,0.021422147750854492,0.01630234718322754,1378,0.020089387893676758
3029,PQC,0.024423599243164062,0.019756555557250977,3138,0.017886877059936523
3029,AES,0.0195462703704834,0.017596006393432617,1730,0.020092248916625977
3029,No_Encryption,0.021915435791015625,0.01612234115600586,1378,0.017536163330078125
3030,PQC,0.02247333526611328,0.022309064865112305,3138,0.018146514892578125
3030,AES,0.019829750061035156,0.01749110221862793,1730,0.0173189640045166
3030,No_Encryption,0.018217802047729492,0.016216278076171875,1378,0.016978979110717773
3031,PQC,0.02377915382385254,0.02009105682373047,3138,0.0179135799407959
3031,AES,0.020129680633544922,0.019060611724853516,1730,0.01822519302368164
3031,No_Encryption,0.01849532127380371,0.01650261878967285,1378,0.018144845962524414
3032,PQC,0.024292469024658203,0.019462108612060547,3138,0.01640939712524414
3032,AES,0.022510290145874023,0.01661992073059082,1730,0.017338991165161133
3032,No_Encryption,0.01876354217529297,0.015492916107177734,1378,0.01908731460571289
3033,PQC,0.022448301315307617,0.019362449645996094,3138,0.017364501953125
3033,AES,0.02102828025817871,0.018512487411499023,1730,0.01788187026977539
3033,No_Encryption,0.019674062728881836,0.016129016876220703,1378,0.018182754516601562
3034,PQC,0.021247148513793945,0.019444704055786133,3138,0.017302989959716797
3034,AES,0.019443273544311523,0.018038511276245117,1730,0.017122983932495117
3034,No_Encryption,0.02326822280883789,0.015714168548583984,1378,0.01981067657470703
3035,PQC,0.02525043487548828,0.01947617530822754,3138,0.018522977828979492
3035,AES,0.019982337951660156,0.017469406127929688,1730,0.017998933792114258
3035,No_Encryption,0.01810765266418457,0.016116619110107422,1378,0.018686532974243164
3036,PQC,0.022288799285888672,0.020405054092407227,3138,0.01667642593383789
3036,AES,0.02112579345703125,0.01695394515991211,1730,0.01871013641357422
3036,No_Encryption,0.021504878997802734,0.016381263732910156,1378,0.01828789710998535
3037,PQC,0.021565914154052734,0.020944595336914062,3138,0.017204999923706055
3037,AES,0.02028059959411621,0.017505884170532227,1730,0.017516136169433594
3037,No_Encryption,0.019387245178222656,0.01589059829711914,1378,0.018927574157714844
3038,PQC,0.02131509780883789,0.019931316375732422,3138,0.01693892478942871
3038,AES,0.022739410400390625,0.01807713508605957,1730,0.01730036735534668
3038,No_Encryption,0.017795801162719727,0.01554727554321289,1378,0.018198490142822266
3039,PQC,0.02353811264038086,0.019323348999023438,3138,0.017794132232666016
3039,AES,0.019025802612304688,0.017285585403442383,1730,0.01661086082458496
3039,No_Encryption,0.02372288703918457,0.016697168350219727,1378,0.01686549186706543
3040,PQC,0.021961688995361328,0.021343469619750977,3138,0.018327951431274414
3040,AES,0.02000570297241211,0.017386198043823242,1730,0.018242835998535156
3040,No_Encryption,0.019259929656982422,0.016391992568969727,1378,0.017726421356201172
3041,PQC,0.021623849868774414,0.02179431915283203,3138,0.018265724182128906
3041,AES,0.02166271209716797,0.016959667205810547,1730,0.019995689392089844
3041,No_Encryption,0.018692970275878906,0.01644158363342285,1378,0.017920970916748047
3042,PQC,0.023192405700683594,0.020179033279418945,3138,0.017287015914916992
3042,AES,0.019112348556518555,0.016734600067138672,1730,0.018483400344848633
3042,No_Encryption,0.01709580421447754,0.016120195388793945,1378,0.018031835556030273
3043,PQC,0.021263837814331055,0.020482540130615234,3138,0.020791292190551758
3043,AES,0.020205259323120117,0.017928361892700195,1730,0.017508983612060547
3043,No_Encryption,0.019008874893188477,0.015349149703979492,1378,0.01918649673461914
3044,PQC,0.021656513214111328,0.01969289779663086,3138,0.018309593200683594
3044,AES,0.019139766693115234,0.017473697662353516,1730,0.024938583374023438
3044,No_Encryption,0.023134708404541016,0.015205860137939453,1378,0.01890873908996582
3045,PQC,0.02171492576599121,0.01926422119140625,3138,0.01830911636352539
3045,AES,0.019136428833007812,0.017058372497558594,1730,0.019439697265625
3045,No_Encryption,0.018337488174438477,0.01680731773376465,1378,0.017897844314575195
3046,PQC,0.02181386947631836,0.019154787063598633,3138,0.017435073852539062
3046,AES,0.020692825317382812,0.016669034957885742,1730,0.019453763961791992
3046,No_Encryption,0.02286052703857422,0.015708208084106445,1378,0.0179746150970459
3047,PQC,0.0224153995513916,0.020871639251708984,3138,0.01873779296875
3047,AES,0.02427053451538086,0.01835465431213379,1730,0.01956033706665039
3047,No_Encryption,0.01824474334716797,0.0152740478515625,1378,0.017429828643798828
3048,PQC,0.02331829071044922,0.020113229751586914,3138,0.01642322540283203
3048,AES,0.019162416458129883,0.01788783073425293,1730,0.017324209213256836
3048,No_Encryption,0.01837468147277832,0.01645064353942871,1378,0.01868295669555664
3049,PQC,0.021996259689331055,0.019496679306030273,3138,0.01718878746032715
3049,AES,0.02164483070373535,0.01821756362915039,1730,0.019515037536621094
3049,No_Encryption,0.01974344253540039,0.01518869400024414,1378,0.019626140594482422
3050,PQC,0.023233652114868164,0.021416664123535156,3138,0.018788576126098633
3050,AES,0.02136683464050293,0.017004728317260742,1730,0.018302202224731445
3050,No_Encryption,0.018352985382080078,0.01626300811767578,1378,0.016437292098999023
3051,PQC,0.025088071823120117,0.021320581436157227,3138,0.017511606216430664
3051,AES,0.019832134246826172,0.01819777488708496,1730,0.01785445213317871
3051,No_Encryption,0.018213510513305664,0.01625680923461914,1378,0.018151283264160156
3052,PQC,0.023378849029541016,0.018999814987182617,3138,0.017046213150024414
3052,AES,0.02354907989501953,0.01765894889831543,1730,0.0189974308013916
3052,No_Encryption,0.01915907859802246,0.015757322311401367,1378,0.01819133758544922
3053,PQC,0.024033546447753906,0.020111560821533203,3138,0.016987323760986328
3053,AES,0.02065873146057129,0.01716160774230957,1730,0.016973495483398438
3053,No_Encryption,0.018727779388427734,0.015210151672363281,1378,0.018345355987548828
3054,PQC,0.020481109619140625,0.019841432571411133,3138,0.016530275344848633
3054,AES,0.023038864135742188,0.017256736755371094,1730,0.017080068588256836
3054,No_Encryption,0.018225908279418945,0.01610565185546875,1378,0.01906418800354004
3055,PQC,0.023131132125854492,0.019725322723388672,3138,0.017663002014160156
3055,AES,0.01904582977294922,0.018816232681274414,1730,0.017252445220947266
3055,No_Encryption,0.021860122680664062,0.016229629516601562,1378,0.019351482391357422
3056,PQC,0.021986007690429688,0.018347501754760742,3138,0.017177343368530273
3056,AES,0.017721891403198242,0.016492843627929688,1730,0.01753830909729004
3056,No_Encryption,0.02307581901550293,0.0162508487701416,1378,0.01672649383544922
3057,PQC,0.021852493286132812,0.020015954971313477,3138,0.018013954162597656
3057,AES,0.021126985549926758,0.01802539825439453,1730,0.01773667335510254
3057,No_Encryption,0.017822980880737305,0.015072345733642578,1378,0.018717527389526367
3058,PQC,0.022017240524291992,0.019843339920043945,3138,0.01653575897216797
3058,AES,0.018129825592041016,0.0179593563079834,1730,0.01689767837524414
3058,No_Encryption,0.022187471389770508,0.015276670455932617,1378,0.01762104034423828
3059,PQC,0.023051977157592773,0.018892765045166016,3138,0.016968488693237305
3059,AES,0.01894831657409668,0.017636775970458984,1730,0.018402576446533203
3059,No_Encryption,0.017699480056762695,0.015627145767211914,1378,0.01858973503112793
3060,PQC,0.0223996639251709,0.01997518539428711,3138,0.017095327377319336
3060,AES,0.019227027893066406,0.018074750900268555,1730,0.017673015594482422
3060,No_Encryption,0.018453359603881836,0.016131162643432617,1378,0.021624326705932617
3061,PQC,0.021181821823120117,0.020178794860839844,3138,0.016657352447509766
3061,AES,0.01999831199645996,0.01739645004272461,1730,0.01775383949279785
3061,No_Encryption,0.0193636417388916,0.015228271484375,1378,0.018115997314453125
3062,PQC,0.025600910186767578,0.020441293716430664,3138,0.016979455947875977
3062,AES,0.01915907859802246,0.01756119728088379,1730,0.017362117767333984
3062,No_Encryption,0.018550634384155273,0.015058040618896484,1378,0.016893863677978516
3063,PQC,0.024888038635253906,0.019762754440307617,3138,0.017650127410888672
3063,AES,0.01865243911743164,0.018584012985229492,1730,0.01656484603881836
3063,No_Encryption,0.019083499908447266,0.016156435012817383,1378,0.017061233520507812
3064,PQC,0.02112746238708496,0.021449565887451172,3138,0.0240325927734375
3064,AES,0.020738840103149414,0.017478466033935547,1730,0.01800251007080078
3064,No_Encryption,0.02007317543029785,0.01791214942932129,1378,0.01930379867553711
3065,PQC,0.022375822067260742,0.020034313201904297,3138,0.016695737838745117
3065,AES,0.020300865173339844,0.017833232879638672,1730,0.017598867416381836
3065,No_Encryption,0.018618106842041016,0.016405105590820312,1378,0.01921534538269043
3066,PQC,0.025903701782226562,0.020489931106567383,3138,0.018245458602905273
3066,AES,0.01901412010192871,0.017774105072021484,1730,0.0184173583984375
3066,No_Encryption,0.01731133460998535,0.016384124755859375,1378,0.01759505271911621
3067,PQC,0.02253580093383789,0.01978754997253418,3138,0.019388198852539062
3067,AES,0.02357006072998047,0.017409086227416992,1730,0.019625186920166016
3067,No_Encryption,0.01840043067932129,0.015641212463378906,1378,0.017491817474365234
3068,PQC,0.0225830078125,0.01980900764465332,3138,0.0176544189453125
3068,AES,0.019619226455688477,0.01867985725402832,1730,0.018993139266967773
3068,No_Encryption,0.021382808685302734,0.015128850936889648,1378,0.01823735237121582
3069,PQC,0.02252507209777832,0.019716978073120117,3138,0.01834893226623535
3069,AES,0.021818161010742188,0.01806497573852539,1730,0.019611358642578125
3069,No_Encryption,0.021370410919189453,0.01595163345336914,1378,0.01935100555419922
3070,PQC,0.021232128143310547,0.019826889038085938,3138,0.018845319747924805
3070,AES,0.022300243377685547,0.01844501495361328,1730,0.01871967315673828
3070,No_Encryption,0.022282838821411133,0.01580214500427246,1378,0.0177462100982666
3071,PQC,0.021831274032592773,0.019444704055786133,3138,0.019200801849365234
3071,AES,0.025896310806274414,0.017903804779052734,1730,0.01727437973022461
3071,No_Encryption,0.018382787704467773,0.016371488571166992,1378,0.01633620262145996
3072,PQC,0.022292613983154297,0.019799232482910156,3138,0.019034862518310547
3072,AES,0.018588542938232422,0.01743173599243164,1730,0.018611907958984375
3072,No_Encryption,0.01965022087097168,0.01693868637084961,1378,0.01927018165588379
3073,PQC,0.02331066131591797,0.020329952239990234,3138,0.017288923263549805
3073,AES,0.022316694259643555,0.017835378646850586,1730,0.018662691116333008
3073,No_Encryption,0.017725706100463867,0.015721559524536133,1378,0.020000219345092773
3074,PQC,0.02298116683959961,0.01964592933654785,3138,0.016852140426635742
3074,AES,0.019286155700683594,0.017995595932006836,1730,0.017790794372558594
3074,No_Encryption,0.01869964599609375,0.015649795532226562,1378,0.01826333999633789
3075,PQC,0.024653911590576172,0.021724462509155273,3138,0.02048349380493164
3075,AES,0.017805099487304688,0.01915740966796875,1730,0.01821136474609375
3075,No_Encryption,0.01831984519958496,0.014986991882324219,1378,0.017227888107299805
3076,PQC,0.02380537986755371,0.01970362663269043,3138,0.01783609390258789
3076,AES,0.02476191520690918,0.018909454345703125,1730,0.017649173736572266
3076,No_Encryption,0.020282506942749023,0.016692638397216797,1378,0.01978588104248047
3077,PQC,0.022713184356689453,0.020952463150024414,3138,0.017785310745239258
3077,AES,0.019381284713745117,0.018199920654296875,1730,0.01891160011291504
3077,No_Encryption,0.019531965255737305,0.01646590232849121,1378,0.01836228370666504
3078,PQC,0.022358417510986328,0.020132064819335938,3138,0.01899862289428711
3078,AES,0.019964218139648438,0.016979455947875977,1730,0.018346786499023438
3078,No_Encryption,0.018873214721679688,0.016445636749267578,1378,0.017998933792114258
3079,PQC,0.022816181182861328,0.021152257919311523,3138,0.017531871795654297
3079,AES,0.020115375518798828,0.018938064575195312,1730,0.018724679946899414
3079,No_Encryption,0.018358945846557617,0.015840768814086914,1378,0.01783919334411621
3080,PQC,0.021282672882080078,0.020201683044433594,3138,0.017421960830688477
3080,AES,0.020203113555908203,0.018851757049560547,1730,0.016625404357910156
3080,No_Encryption,0.018042564392089844,0.01590728759765625,1378,0.017310380935668945
3081,PQC,0.023953676223754883,0.02065277099609375,3138,0.01799798011779785
3081,AES,0.022027969360351562,0.018394947052001953,1730,0.017931699752807617
3081,No_Encryption,0.019396305084228516,0.015923261642456055,1378,0.018204927444458008
3082,PQC,0.02308034896850586,0.02039647102355957,3138,0.019178152084350586
3082,AES,0.019149303436279297,0.017942190170288086,1730,0.01890087127685547
3082,No_Encryption,0.01992034912109375,0.017026901245117188,1378,0.01742267608642578
3083,PQC,0.02344369888305664,0.02093505859375,3138,0.017729520797729492
3083,AES,0.02577495574951172,0.023452281951904297,1730,0.020659685134887695
3083,No_Encryption,0.01886153221130371,0.016920089721679688,1378,0.017969846725463867
3084,PQC,0.022202730178833008,0.019837617874145508,3138,0.018254756927490234
3084,AES,0.019011974334716797,0.017857074737548828,1730,0.018632173538208008
3084,No_Encryption,0.019515037536621094,0.017004966735839844,1378,0.018178701400756836
3085,PQC,0.0217893123626709,0.020847797393798828,3138,0.01829361915588379
3085,AES,0.018038034439086914,0.017671823501586914,1730,0.017889022827148438
3085,No_Encryption,0.017583131790161133,0.015228748321533203,1378,0.018701791763305664
3086,PQC,0.021892786026000977,0.023987770080566406,3138,0.018590688705444336
3086,AES,0.021730422973632812,0.01699376106262207,1730,0.01838231086730957
3086,No_Encryption,0.017726898193359375,0.015886306762695312,1378,0.02022838592529297
3087,PQC,0.021582365036010742,0.020288705825805664,3138,0.01733231544494629
3087,AES,0.021100759506225586,0.018862009048461914,1730,0.017696857452392578
3087,No_Encryption,0.020485877990722656,0.015624046325683594,1378,0.01914358139038086
3088,PQC,0.02229022979736328,0.020070791244506836,3138,0.019670486450195312
3088,AES,0.019849777221679688,0.01890110969543457,1730,0.016757488250732422
3088,No_Encryption,0.020839691162109375,0.016656160354614258,1378,0.017336606979370117
3089,PQC,0.02315044403076172,0.020124435424804688,3138,0.018125534057617188
3089,AES,0.019374847412109375,0.01755547523498535,1730,0.017623186111450195
3089,No_Encryption,0.017891407012939453,0.016326189041137695,1378,0.01848912239074707
3090,PQC,0.02169489860534668,0.01996755599975586,3138,0.01711893081665039
3090,AES,0.021730422973632812,0.02103710174560547,1730,0.018761634826660156
3090,No_Encryption,0.022005558013916016,0.01572108268737793,1378,0.02049875259399414
3091,PQC,0.021717548370361328,0.019689559936523438,3138,0.01769709587097168
3091,AES,0.019690752029418945,0.01829814910888672,1730,0.01895618438720703
3091,No_Encryption,0.01808905601501465,0.01640915870666504,1378,0.018761157989501953
3092,PQC,0.02149510383605957,0.023015260696411133,3138,0.017992496490478516
3092,AES,0.021053314208984375,0.01703786849975586,1730,0.01828598976135254
3092,No_Encryption,0.018123388290405273,0.016143321990966797,1378,0.018667936325073242
3093,PQC,0.021216869354248047,0.020440101623535156,3138,0.01709771156311035
3093,AES,0.026318073272705078,0.017264604568481445,1730,0.01705479621887207
3093,No_Encryption,0.018182039260864258,0.01660919189453125,1378,0.018125534057617188
3094,PQC,0.02138209342956543,0.02041149139404297,3138,0.01788926124572754
3094,AES,0.018727540969848633,0.01824021339416504,1730,0.017746448516845703
3094,No_Encryption,0.01799321174621582,0.01631450653076172,1378,0.017672300338745117
3095,PQC,0.02412867546081543,0.020232439041137695,3138,0.01843118667602539
3095,AES,0.019720077514648438,0.018132686614990234,1730,0.018598079681396484
3095,No_Encryption,0.01858377456665039,0.016947269439697266,1378,0.018732547760009766
3096,PQC,0.02816033363342285,0.020258188247680664,3138,0.01809978485107422
3096,AES,0.019862651824951172,0.017963409423828125,1730,0.018882274627685547
3096,No_Encryption,0.018522262573242188,0.016418933868408203,1378,0.017559051513671875
3097,PQC,0.02281665802001953,0.02017974853515625,3138,0.017232418060302734
3097,AES,0.018277883529663086,0.019364118576049805,1730,0.01854848861694336
3097,No_Encryption,0.018403053283691406,0.015923023223876953,1378,0.018955469131469727
3098,PQC,0.02218031883239746,0.02278923988342285,3138,0.019451379776000977
3098,AES,0.020115137100219727,0.017732620239257812,1730,0.019224882125854492
3098,No_Encryption,0.01841902732849121,0.015970945358276367,1378,0.019016504287719727
3099,PQC,0.021976947784423828,0.021290302276611328,3138,0.017440319061279297
3099,AES,0.018249034881591797,0.019186973571777344,1730,0.01931285858154297
3099,No_Encryption,0.021606922149658203,0.017011404037475586,1378,0.019043922424316406
3100,PQC,0.021076202392578125,0.020221233367919922,3138,0.017662763595581055
3100,AES,0.02208995819091797,0.01896190643310547,1730,0.018447399139404297
3100,No_Encryption,0.019726991653442383,0.016139984130859375,1378,0.018698453903198242
3101,PQC,0.02471303939819336,0.021717309951782227,3138,0.019586801528930664
3101,AES,0.019613027572631836,0.01991105079650879,1730,0.02092885971069336
3101,No_Encryption,0.024158000946044922,0.01697397232055664,1378,0.022795438766479492
3102,PQC,0.033928632736206055,0.02425360679626465,3138,0.021480083465576172
3102,AES,0.02056598663330078,0.019849300384521484,1730,0.0185544490814209
3102,No_Encryption,0.01811838150024414,0.016640424728393555,1378,0.01953268051147461
3103,PQC,0.02396225929260254,0.02113819122314453,3138,0.01712489128112793
3103,AES,0.024746417999267578,0.018790245056152344,1730,0.01832294464111328
3103,No_Encryption,0.020321369171142578,0.016465425491333008,1378,0.01925826072692871
3104,PQC,0.022446155548095703,0.023347139358520508,3138,0.01810312271118164
3104,AES,0.01931905746459961,0.01951313018798828,1730,0.021970748901367188
3104,No_Encryption,0.02322840690612793,0.016991138458251953,1378,0.020529508590698242
3105,PQC,0.02324390411376953,0.021925687789916992,3138,0.020067930221557617
3105,AES,0.023071765899658203,0.019349336624145508,1730,0.019725799560546875
3105,No_Encryption,0.019437313079833984,0.017776966094970703,1378,0.018648862838745117
3106,PQC,0.024881362915039062,0.02050185203552246,3138,0.019618511199951172
3106,AES,0.026110410690307617,0.019336223602294922,1730,0.01813220977783203
3106,No_Encryption,0.01892542839050293,0.01715826988220215,1378,0.018698930740356445
3107,PQC,0.024088382720947266,0.020131587982177734,3138,0.017511606216430664
3107,AES,0.019693851470947266,0.017789363861083984,1730,0.020526647567749023
3107,No_Encryption,0.017170429229736328,0.01747751235961914,1378,0.017508268356323242
3108,PQC,0.025975704193115234,0.02192068099975586,3138,0.019081592559814453
3108,AES,0.018317461013793945,0.017633438110351562,1730,0.02091813087463379
3108,No_Encryption,0.018534421920776367,0.017395496368408203,1378,0.017904043197631836
3109,PQC,0.021438121795654297,0.02073216438293457,3138,0.017006397247314453
3109,AES,0.019200801849365234,0.018236160278320312,1730,0.018895864486694336
3109,No_Encryption,0.01746344566345215,0.015599966049194336,1378,0.018946170806884766
3110,PQC,0.021631717681884766,0.021207094192504883,3138,0.017473459243774414
3110,AES,0.022657155990600586,0.01694631576538086,1730,0.017525196075439453
3110,No_Encryption,0.018525123596191406,0.016102075576782227,1378,0.019516944885253906
3111,PQC,0.023142337799072266,0.020434856414794922,3138,0.018240928649902344
3111,AES,0.020131349563598633,0.019199132919311523,1730,0.018153905868530273
3111,No_Encryption,0.01975083351135254,0.015825271606445312,1378,0.018761873245239258
3112,PQC,0.021024703979492188,0.02347707748413086,3138,0.0170745849609375
3112,AES,0.019382476806640625,0.01839470863342285,1730,0.017985820770263672
3112,No_Encryption,0.018420696258544922,0.015738487243652344,1378,0.0191347599029541
3113,PQC,0.021929264068603516,0.01953887939453125,3138,0.01800227165222168
3113,AES,0.019994258880615234,0.018021345138549805,1730,0.01943206787109375
3113,No_Encryption,0.018569231033325195,0.016338586807250977,1378,0.01938152313232422
3114,PQC,0.02165985107421875,0.020259380340576172,3138,0.017490625381469727
3114,AES,0.020591259002685547,0.01876688003540039,1730,0.018707275390625
3114,No_Encryption,0.017760038375854492,0.016649246215820312,1378,0.01845574378967285
3115,PQC,0.020869731903076172,0.0198361873626709,3138,0.016623258590698242
3115,AES,0.018998146057128906,0.017432212829589844,1730,0.01854538917541504
3115,No_Encryption,0.019133329391479492,0.015146493911743164,1378,0.018373966217041016
3116,PQC,0.021727561950683594,0.02050018310546875,3138,0.018531084060668945
3116,AES,0.020916461944580078,0.01868152618408203,1730,0.017774581909179688
3116,No_Encryption,0.019121170043945312,0.016443967819213867,1378,0.018471240997314453
3117,PQC,0.021682024002075195,0.01944255828857422,3138,0.017988204956054688
3117,AES,0.02200460433959961,0.018419504165649414,1730,0.018054723739624023
3117,No_Encryption,0.019763946533203125,0.01654195785522461,1378,0.01724076271057129
3118,PQC,0.023195266723632812,0.023892879486083984,3138,0.018515348434448242
3118,AES,0.018871784210205078,0.017905235290527344,1730,0.017353057861328125
3118,No_Encryption,0.02058577537536621,0.01628899574279785,1378,0.01840972900390625
3119,PQC,0.02223491668701172,0.01998162269592285,3138,0.0175631046295166
3119,AES,0.019657611846923828,0.01819467544555664,1730,0.01871967315673828
3119,No_Encryption,0.01846933364868164,0.01580190658569336,1378,0.017749547958374023
3120,PQC,0.021695613861083984,0.0193939208984375,3138,0.020608901977539062
3120,AES,0.01976323127746582,0.017607927322387695,1730,0.02036571502685547
3120,No_Encryption,0.019858837127685547,0.0163729190826416,1378,0.019025802612304688
3121,PQC,0.02772665023803711,0.0202481746673584,3138,0.024625062942504883
3121,AES,0.02125716209411621,0.01825714111328125,1730,0.018775224685668945
3121,No_Encryption,0.017956256866455078,0.01646733283996582,1378,0.0181577205657959
3122,PQC,0.02346014976501465,0.02038264274597168,3138,0.01789379119873047
3122,AES,0.02419424057006836,0.0183258056640625,1730,0.02086019515991211
3122,No_Encryption,0.019246816635131836,0.01653599739074707,1378,0.018622875213623047
3123,PQC,0.023444652557373047,0.0212862491607666,3138,0.018087148666381836
3123,AES,0.02005147933959961,0.016984224319458008,1730,0.017372608184814453
3123,No_Encryption,0.019186973571777344,0.016648292541503906,1378,0.019085168838500977
3124,PQC,0.02206587791442871,0.021566152572631836,3138,0.01725602149963379
3124,AES,0.0188140869140625,0.017666339874267578,1730,0.016280412673950195
3124,No_Encryption,0.020089387893676758,0.016431808471679688,1378,0.020781517028808594
3125,PQC,0.022311687469482422,0.019810199737548828,3138,0.01810908317565918
3125,AES,0.02098679542541504,0.018543243408203125,1730,0.017591238021850586
3125,No_Encryption,0.0187225341796875,0.016621112823486328,1378,0.01926422119140625
3126,PQC,0.022510051727294922,0.02147364616394043,3138,0.01819920539855957
3126,AES,0.018199920654296875,0.0178678035736084,1730,0.01873636245727539
3126,No_Encryption,0.018602848052978516,0.016530275344848633,1378,0.01747608184814453
3127,PQC,0.024936199188232422,0.02010512351989746,3138,0.018090486526489258
3127,AES,0.02208566665649414,0.01775074005126953,1730,0.01754283905029297
3127,No_Encryption,0.017966032028198242,0.016411781311035156,1378,0.018522024154663086
3128,PQC,0.020983457565307617,0.01972484588623047,3138,0.01771855354309082
3128,AES,0.019785165786743164,0.017139196395874023,1730,0.017927169799804688
3128,No_Encryption,0.0191192626953125,0.016108274459838867,1378,0.018322467803955078
3129,PQC,0.021080493927001953,0.02215886116027832,3138,0.018474817276000977
3129,AES,0.025527000427246094,0.018524885177612305,1730,0.02109360694885254
3129,No_Encryption,0.01934051513671875,0.015383481979370117,1378,0.01829385757446289
3130,PQC,0.021354198455810547,0.022034645080566406,3138,0.019077062606811523
3130,AES,0.0196533203125,0.01885366439819336,1730,0.018884658813476562
3130,No_Encryption,0.018401145935058594,0.01563715934753418,1378,0.018115997314453125
3131,PQC,0.022480010986328125,0.020344018936157227,3138,0.016805648803710938
3131,AES,0.018288612365722656,0.01789093017578125,1730,0.01760077476501465
3131,No_Encryption,0.020854711532592773,0.01619553565979004,1378,0.01894545555114746
3132,PQC,0.0234830379486084,0.021215200424194336,3138,0.019933462142944336
3132,AES,0.019388198852539062,0.019057273864746094,1730,0.019098520278930664
3132,No_Encryption,0.02135300636291504,0.015787124633789062,1378,0.019917726516723633
3133,PQC,0.02865123748779297,0.019602060317993164,3138,0.01753687858581543
3133,AES,0.019091129302978516,0.01856088638305664,1730,0.019107341766357422
3133,No_Encryption,0.021244287490844727,0.015583276748657227,1378,0.018225669860839844
3134,PQC,0.02295064926147461,0.019829988479614258,3138,0.01877903938293457
3134,AES,0.01864790916442871,0.018851757049560547,1730,0.01910257339477539
3134,No_Encryption,0.02148604393005371,0.017330169677734375,1378,0.020659208297729492
3135,PQC,0.027823448181152344,0.022330284118652344,3138,0.02109074592590332
3135,AES,0.03085470199584961,0.020787954330444336,1730,0.022186279296875
3135,No_Encryption,0.023108959197998047,0.020911455154418945,1378,0.02517247200012207
3136,PQC,0.027415752410888672,0.026264429092407227,3138,0.023449182510375977
3136,AES,0.02494335174560547,0.024255990982055664,1730,0.024217844009399414
3136,No_Encryption,0.030158281326293945,0.023830175399780273,1378,0.026144027709960938
3137,PQC,0.03075432777404785,0.02992868423461914,3138,0.025111913681030273
3137,AES,0.031400442123413086,0.027486562728881836,1730,0.027998685836791992
3137,No_Encryption,0.025281667709350586,0.023377418518066406,1378,0.02648019790649414
3138,PQC,0.03227591514587402,0.03160595893859863,3138,0.02849268913269043
3138,AES,0.02844715118408203,0.027074337005615234,1730,0.02685689926147461
3138,No_Encryption,0.026288986206054688,0.0240781307220459,1378,0.027449846267700195
3139,PQC,0.03201103210449219,0.031820058822631836,3138,0.03555440902709961
3139,AES,0.043955326080322266,0.03194093704223633,1730,0.03204512596130371
3139,No_Encryption,0.030286073684692383,0.029466867446899414,1378,0.03492021560668945
3140,PQC,0.04018568992614746,0.034111738204956055,3138,0.03025197982788086
3140,AES,0.033173322677612305,0.029758453369140625,1730,0.027686357498168945
3140,No_Encryption,0.042992591857910156,0.026569843292236328,1378,0.03071904182434082
3141,PQC,0.03607773780822754,0.032001495361328125,3138,0.030728578567504883
3141,AES,0.02780628204345703,0.02819657325744629,1730,0.0274198055267334
3141,No_Encryption,0.026668787002563477,0.0247042179107666,1378,0.030440807342529297
3142,PQC,0.03372311592102051,0.03327584266662598,3138,0.026403427124023438
3142,AES,0.03342914581298828,0.0287783145904541,1730,0.026361465454101562
3142,No_Encryption,0.031008243560791016,0.025949716567993164,1378,0.028293609619140625
3143,PQC,0.03569650650024414,0.034147024154663086,3138,0.029036521911621094
3143,AES,0.032814979553222656,0.027849912643432617,1730,0.0283963680267334
3143,No_Encryption,0.028398752212524414,0.025090932846069336,1378,0.02776050567626953
3144,PQC,0.0341188907623291,0.031835317611694336,3138,0.0268862247467041
3144,AES,0.03258085250854492,0.02803969383239746,1730,0.027194738388061523
3144,No_Encryption,0.026891231536865234,0.025064468383789062,1378,0.028362274169921875
3145,PQC,0.03300285339355469,0.033921241760253906,3138,0.02787470817565918
3145,AES,0.0279693603515625,0.0278780460357666,1730,0.027759313583374023
3145,No_Encryption,0.026160717010498047,0.027067899703979492,1378,0.030562877655029297
3146,PQC,0.04054856300354004,0.03261923789978027,3138,0.029676198959350586
3146,AES,0.032950401306152344,0.02869582176208496,1730,0.02831721305847168
3146,No_Encryption,0.027451515197753906,0.024562835693359375,1378,0.029577970504760742
3147,PQC,0.033185720443725586,0.03332233428955078,3138,0.026835203170776367
3147,AES,0.030334949493408203,0.027254819869995117,1730,0.027213573455810547
3147,No_Encryption,0.02923130989074707,0.02618861198425293,1378,0.02794170379638672
3148,PQC,0.03423500061035156,0.03259420394897461,3138,0.027081966400146484
3148,AES,0.02910304069519043,0.028698205947875977,1730,0.02704930305480957
3148,No_Encryption,0.02915191650390625,0.02615976333618164,1378,0.029671669006347656
3149,PQC,0.0366063117980957,0.03297066688537598,3138,0.028366804122924805
3149,AES,0.027357101440429688,0.027881622314453125,1730,0.027738571166992188
3149,No_Encryption,0.02689528465270996,0.02587747573852539,1378,0.02659296989440918
3150,PQC,0.0347597599029541,0.034972190856933594,3138,0.02964496612548828
3150,AES,0.030306339263916016,0.03055119514465332,1730,0.028513193130493164
3150,No_Encryption,0.03160381317138672,0.026758432388305664,1378,0.028972625732421875
3151,PQC,0.037323713302612305,0.03445744514465332,3138,0.026897907257080078
3151,AES,0.03351402282714844,0.02798771858215332,1730,0.02817511558532715
3151,No_Encryption,0.027049779891967773,0.025600671768188477,1378,0.030083417892456055
3152,PQC,0.034473419189453125,0.03379249572753906,3138,0.02665090560913086
3152,AES,0.03333568572998047,0.028851985931396484,1730,0.029813051223754883
3152,No_Encryption,0.036145925521850586,0.026381731033325195,1378,0.031231403350830078
3153,PQC,0.03554987907409668,0.034424543380737305,3138,0.030620336532592773
3153,AES,0.036043643951416016,0.03208565711975098,1730,0.030894994735717773
3153,No_Encryption,0.029573440551757812,0.027202367782592773,1378,0.028944969177246094
3154,PQC,0.04065752029418945,0.03402352333068848,3138,0.028794050216674805
3154,AES,0.032311439514160156,0.028757810592651367,1730,0.030647754669189453
3154,No_Encryption,0.028011083602905273,0.026413440704345703,1378,0.03823423385620117
3155,PQC,0.043753862380981445,0.035803794860839844,3138,0.02945685386657715
3155,AES,0.028213977813720703,0.023753881454467773,1730,0.02271556854248047
3155,No_Encryption,0.021888256072998047,0.01922297477722168,1378,0.020857572555541992
3156,PQC,0.024007558822631836,0.0235445499420166,3138,0.018548250198364258
3156,AES,0.02103447914123535,0.019294023513793945,1730,0.01828932762145996
3156,No_Encryption,0.01858234405517578,0.017246723175048828,1378,0.0195159912109375
3157,PQC,0.022727012634277344,0.022103309631347656,3138,0.018988609313964844
3157,AES,0.021486282348632812,0.01807427406311035,1730,0.01754903793334961
3157,No_Encryption,0.019349098205566406,0.01647806167602539,1378,0.017973661422729492
3158,PQC,0.02498912811279297,0.020422935485839844,3138,0.018088817596435547
3158,AES,0.02056741714477539,0.017808914184570312,1730,0.017665863037109375
3158,No_Encryption,0.020299196243286133,0.016446352005004883,1378,0.020493268966674805
3159,PQC,0.021979093551635742,0.02069544792175293,3138,0.01720404624938965
3159,AES,0.019179821014404297,0.01797318458557129,1730,0.017746448516845703
3159,No_Encryption,0.021712779998779297,0.016893386840820312,1378,0.01751875877380371
3160,PQC,0.023660659790039062,0.01864314079284668,3138,0.017821073532104492
3160,AES,0.022144079208374023,0.01934957504272461,1730,0.018926143646240234
3160,No_Encryption,0.019420146942138672,0.016443967819213867,1378,0.01871347427368164
3161,PQC,0.02246880531311035,0.0207064151763916,3138,0.01763439178466797
3161,AES,0.020738601684570312,0.01855611801147461,1730,0.019590377807617188
3161,No_Encryption,0.01878070831298828,0.017127513885498047,1378,0.017386436462402344
3162,PQC,0.022614002227783203,0.019002437591552734,3138,0.017698287963867188
3162,AES,0.01884770393371582,0.01839160919189453,1730,0.018332958221435547
3162,No_Encryption,0.01847672462463379,0.015948772430419922,1378,0.019147634506225586
3163,PQC,0.022531509399414062,0.0197446346282959,3138,0.017275333404541016
3163,AES,0.018982410430908203,0.017768144607543945,1730,0.018096923828125
3163,No_Encryption,0.01975727081298828,0.01574563980102539,1378,0.020087003707885742
3164,PQC,0.021572113037109375,0.020911216735839844,3138,0.017333269119262695
3164,AES,0.0218505859375,0.01849508285522461,1730,0.01922130584716797
3164,No_Encryption,0.018967151641845703,0.015455007553100586,1378,0.018767356872558594
3165,PQC,0.021204233169555664,0.01952052116394043,3138,0.016908645629882812
3165,AES,0.018984079360961914,0.017957448959350586,1730,0.01766824722290039
3165,No_Encryption,0.02127861976623535,0.015751361846923828,1378,0.017417430877685547
3166,PQC,0.025266647338867188,0.020229101181030273,3138,0.020037412643432617
3166,AES,0.021859169006347656,0.01776409149169922,1730,0.01747584342956543
3166,No_Encryption,0.020174741744995117,0.015552282333374023,1378,0.018088579177856445
3167,PQC,0.029868364334106445,0.01992940902709961,3138,0.01854681968688965
3167,AES,0.019145727157592773,0.01832437515258789,1730,0.01755547523498535
3167,No_Encryption,0.017735004425048828,0.015629053115844727,1378,0.019799232482910156
3168,PQC,0.023067235946655273,0.019314050674438477,3138,0.0165708065032959
3168,AES,0.018877267837524414,0.017948150634765625,1730,0.017576217651367188
3168,No_Encryption,0.01768660545349121,0.01525425910949707,1378,0.018425464630126953
3169,PQC,0.02114081382751465,0.02021002769470215,3138,0.016486644744873047
3169,AES,0.01964259147644043,0.018697261810302734,1730,0.017717599868774414
3169,No_Encryption,0.01767444610595703,0.016002893447875977,1378,0.01856064796447754
3170,PQC,0.021834135055541992,0.020748615264892578,3138,0.017506837844848633
3170,AES,0.019791603088378906,0.018243074417114258,1730,0.018896102905273438
3170,No_Encryption,0.0185701847076416,0.016319990158081055,1378,0.01727604866027832
3171,PQC,0.02320575714111328,0.020430803298950195,3138,0.019065380096435547
3171,AES,0.019684314727783203,0.019185543060302734,1730,0.019212722778320312
3171,No_Encryption,0.023247241973876953,0.021011829376220703,1378,0.021665573120117188
3172,PQC,0.027009248733520508,0.02614116668701172,3138,0.02482461929321289
3172,AES,0.028298616409301758,0.024245262145996094,1730,0.023775100708007812
3172,No_Encryption,0.023332834243774414,0.022426128387451172,1378,0.024595022201538086
3173,PQC,0.030470848083496094,0.029440879821777344,3138,0.02642989158630371
3173,AES,0.02529597282409668,0.025747060775756836,1730,0.025957584381103516
3173,No_Encryption,0.031218767166137695,0.027994394302368164,1378,0.03042125701904297
3174,PQC,0.03542304039001465,0.0337369441986084,3138,0.030175209045410156
3174,AES,0.029586076736450195,0.02946949005126953,1730,0.029383420944213867
3174,No_Encryption,0.027209997177124023,0.025261640548706055,1378,0.02989816665649414
3175,PQC,0.03360390663146973,0.028908729553222656,3138,0.027421951293945312
3175,AES,0.028328895568847656,0.028451204299926758,1730,0.027316808700561523
3175,No_Encryption,0.026892900466918945,0.024244308471679688,1378,0.028321266174316406
3176,PQC,0.03403282165527344,0.03240537643432617,3138,0.026465892791748047
3176,AES,0.028187990188598633,0.026110172271728516,1730,0.02618122100830078
3176,No_Encryption,0.026065349578857422,0.023792505264282227,1378,0.027550220489501953
3177,PQC,0.03344893455505371,0.033533573150634766,3138,0.025760412216186523
3177,AES,0.029078245162963867,0.027770042419433594,1730,0.0291748046875
3177,No_Encryption,0.028604984283447266,0.025264739990234375,1378,0.029404401779174805
3178,PQC,0.035722970962524414,0.03488039970397949,3138,0.02706170082092285
3178,AES,0.02919793128967285,0.028055667877197266,1730,0.027373790740966797
3178,No_Encryption,0.027573585510253906,0.026555776596069336,1378,0.02954554557800293
3179,PQC,0.034040212631225586,0.031082868576049805,3138,0.028219223022460938
3179,AES,0.03891563415527344,0.027913570404052734,1730,0.027127981185913086
3179,No_Encryption,0.026192903518676758,0.024170398712158203,1378,0.030030012130737305
3180,PQC,0.03654742240905762,0.036815643310546875,3138,0.027339696884155273
3180,AES,0.031113624572753906,0.02788996696472168,1730,0.028303146362304688
3180,No_Encryption,0.030457496643066406,0.024921417236328125,1378,0.030770301818847656
3181,PQC,0.03391456604003906,0.030847787857055664,3138,0.02626633644104004
3181,AES,0.027921438217163086,0.028919696807861328,1730,0.029027462005615234
3181,No_Encryption,0.026330232620239258,0.02472400665283203,1378,0.027368545532226562
3182,PQC,0.03130483627319336,0.032634735107421875,3138,0.02899456024169922
3182,AES,0.032224178314208984,0.02964925765991211,1730,0.028103351593017578
3182,No_Encryption,0.03265738487243652,0.025702714920043945,1378,0.027339935302734375
3183,PQC,0.03210878372192383,0.03099822998046875,3138,0.02646160125732422
3183,AES,0.03214073181152344,0.03036332130432129,1730,0.028539657592773438
3183,No_Encryption,0.030930280685424805,0.02610635757446289,1378,0.02771735191345215
3184,PQC,0.03191733360290527,0.03164052963256836,3138,0.026819467544555664
3184,AES,0.03257012367248535,0.027750492095947266,1730,0.029680967330932617
3184,No_Encryption,0.02751779556274414,0.025108814239501953,1378,0.028223514556884766
3185,PQC,0.0349729061126709,0.029015779495239258,3138,0.022446155548095703
3185,AES,0.024338483810424805,0.022021055221557617,1730,0.021796226501464844
3185,No_Encryption,0.020362377166748047,0.01854991912841797,1378,0.019395828247070312
3186,PQC,0.02866077423095703,0.02367234230041504,3138,0.019032001495361328
3186,AES,0.024191617965698242,0.019939661026000977,1730,0.018633365631103516
3186,No_Encryption,0.018375635147094727,0.016818523406982422,1378,0.018683433532714844
3187,PQC,0.02255868911743164,0.019678592681884766,3138,0.01716017723083496
3187,AES,0.019062280654907227,0.018036842346191406,1730,0.019274473190307617
3187,No_Encryption,0.017367839813232422,0.01653122901916504,1378,0.018172025680541992
3188,PQC,0.022160768508911133,0.020221710205078125,3138,0.018245697021484375
3188,AES,0.0212862491607666,0.017715930938720703,1730,0.018083572387695312
3188,No_Encryption,0.01934194564819336,0.01624011993408203,1378,0.018240928649902344
3189,PQC,0.021491289138793945,0.020666837692260742,3138,0.018264293670654297
3189,AES,0.020849227905273438,0.018340349197387695,1730,0.017866134643554688
3189,No_Encryption,0.018763303756713867,0.015555858612060547,1378,0.01857781410217285
3190,PQC,0.023308992385864258,0.020830154418945312,3138,0.020053863525390625
3190,AES,0.019134521484375,0.019290685653686523,1730,0.018824338912963867
3190,No_Encryption,0.018221378326416016,0.015947341918945312,1378,0.018221139907836914
3191,PQC,0.02737569808959961,0.028308629989624023,3138,0.0193936824798584
3191,AES,0.019601821899414062,0.019301414489746094,1730,0.018848419189453125
3191,No_Encryption,0.017594099044799805,0.01589655876159668,1378,0.019196033477783203
3192,PQC,0.021040678024291992,0.0207211971282959,3138,0.017695903778076172
3192,AES,0.018891096115112305,0.019298076629638672,1730,0.02002429962158203
3192,No_Encryption,0.019316673278808594,0.01695108413696289,1378,0.018792152404785156
3193,PQC,0.02231287956237793,0.020527124404907227,3138,0.019041061401367188
3193,AES,0.021117687225341797,0.018378257751464844,1730,0.018045902252197266
3193,No_Encryption,0.021327972412109375,0.016811132431030273,1378,0.018189191818237305
3194,PQC,0.02585315704345703,0.02123880386352539,3138,0.018703460693359375
3194,AES,0.01886439323425293,0.020281076431274414,1730,0.017612934112548828
3194,No_Encryption,0.018746376037597656,0.015977144241333008,1378,0.01872992515563965
3195,PQC,0.025543689727783203,0.019784212112426758,3138,0.01846623420715332
3195,AES,0.01831674575805664,0.017117023468017578,1730,0.018299579620361328
3195,No_Encryption,0.018955469131469727,0.01779770851135254,1378,0.01726055145263672
3196,PQC,0.024934768676757812,0.02106952667236328,3138,0.018079280853271484
3196,AES,0.020911455154418945,0.016989707946777344,1730,0.017519712448120117
3196,No_Encryption,0.018023252487182617,0.015400171279907227,1378,0.018209457397460938
3197,PQC,0.022101879119873047,0.02101755142211914,3138,0.01764655113220215
3197,AES,0.019078731536865234,0.017365455627441406,1730,0.017800569534301758
3197,No_Encryption,0.02048492431640625,0.015836238861083984,1378,0.020632266998291016
3198,PQC,0.02561497688293457,0.020743608474731445,3138,0.017050504684448242
3198,AES,0.01978278160095215,0.017287015914916992,1730,0.017398357391357422
3198,No_Encryption,0.019075870513916016,0.016227245330810547,1378,0.018187522888183594
3199,PQC,0.02473163604736328,0.02482914924621582,3138,0.020463228225708008
3199,AES,0.02062678337097168,0.018065690994262695,1730,0.018215417861938477
3199,No_Encryption,0.019567012786865234,0.016605377197265625,1378,0.018209457397460938
3200,PQC,0.02775430679321289,0.019962072372436523,3138,0.01785588264465332
3200,AES,0.0192413330078125,0.018230676651000977,1730,0.018019437789916992
3200,No_Encryption,0.01902484893798828,0.016435861587524414,1378,0.01935553550720215
3201,PQC,0.022109031677246094,0.021545886993408203,3138,0.019342422485351562
3201,AES,0.02098393440246582,0.021032333374023438,1730,0.02214360237121582
3201,No_Encryption,0.02213120460510254,0.021295547485351562,1378,0.024611473083496094
3202,PQC,0.03109884262084961,0.02835845947265625,3138,0.023858070373535156
3202,AES,0.025285959243774414,0.02528214454650879,1730,0.02441859245300293
3202,No_Encryption,0.026634931564331055,0.024015426635742188,1378,0.028129100799560547
3203,PQC,0.040772199630737305,0.02967548370361328,3138,0.027175426483154297
3203,AES,0.030511856079101562,0.02637958526611328,1730,0.026234865188598633
3203,No_Encryption,0.029663801193237305,0.024219751358032227,1378,0.026991844177246094
3204,PQC,0.030480384826660156,0.031775474548339844,3138,0.027252197265625
3204,AES,0.02763056755065918,0.027509689331054688,1730,0.027616500854492188
3204,No_Encryption,0.026676654815673828,0.024182558059692383,1378,0.028628110885620117
3205,PQC,0.03183317184448242,0.031780242919921875,3138,0.026781797409057617
3205,AES,0.028626441955566406,0.030667781829833984,1730,0.027828693389892578
3205,No_Encryption,0.02807760238647461,0.024747610092163086,1378,0.02975153923034668
3206,PQC,0.03534650802612305,0.03136563301086426,3138,0.02709507942199707
3206,AES,0.0326998233795166,0.02756357192993164,1730,0.025391817092895508
3206,No_Encryption,0.030841588973999023,0.02543354034423828,1378,0.03033614158630371
3207,PQC,0.03343915939331055,0.03325057029724121,3138,0.030392169952392578
3207,AES,0.0282135009765625,0.027489185333251953,1730,0.02767205238342285
3207,No_Encryption,0.030951738357543945,0.024179697036743164,1378,0.028705120086669922
3208,PQC,0.02877640724182129,0.02786993980407715,3138,0.021814823150634766
3208,AES,0.021878957748413086,0.02209639549255371,1730,0.01996588706970215
3208,No_Encryption,0.022185087203979492,0.01839756965637207,1378,0.0206601619720459
3209,PQC,0.027030467987060547,0.02117466926574707,3138,0.01992177963256836
3209,AES,0.019004106521606445,0.01866745948791504,1730,0.019319772720336914
3209,No_Encryption,0.019800662994384766,0.0168759822845459,1378,0.024549007415771484
3210,PQC,0.026166915893554688,0.020992517471313477,3138,0.019177913665771484
3210,AES,0.021634340286254883,0.01873636245727539,1730,0.01906561851501465
3210,No_Encryption,0.021117687225341797,0.017161846160888672,1378,0.018680810928344727
3211,PQC,0.022812366485595703,0.02249741554260254,3138,0.01938629150390625
3211,AES,0.019422531127929688,0.019165992736816406,1730,0.01766681671142578
3211,No_Encryption,0.019942045211791992,0.01724720001220703,1378,0.018372774124145508
3212,PQC,0.022403478622436523,0.019525766372680664,3138,0.017674684524536133
3212,AES,0.018961668014526367,0.018315553665161133,1730,0.01891326904296875
3212,No_Encryption,0.019297361373901367,0.016493797302246094,1378,0.018283843994140625
3213,PQC,0.02173924446105957,0.01997828483581543,3138,0.01812291145324707
3213,AES,0.01830124855041504,0.01739335060119629,1730,0.018455982208251953
3213,No_Encryption,0.02156519889831543,0.0159451961517334,1378,0.0182952880859375
3214,PQC,0.02373337745666504,0.020500659942626953,3138,0.016706466674804688
3214,AES,0.01991558074951172,0.017792224884033203,1730,0.01868724822998047
3214,No_Encryption,0.022055625915527344,0.015483379364013672,1378,0.017975330352783203
3215,PQC,0.020467281341552734,0.020311832427978516,3138,0.01826024055480957
3215,AES,0.019802093505859375,0.01819443702697754,1730,0.01788806915283203
3215,No_Encryption,0.01925349235534668,0.0156707763671875,1378,0.01886439323425293
3216,PQC,0.021476030349731445,0.021083593368530273,3138,0.01883840560913086
3216,AES,0.019748210906982422,0.018025636672973633,1730,0.018622398376464844
3216,No_Encryption,0.018664121627807617,0.015781164169311523,1378,0.019130945205688477
3217,PQC,0.022877216339111328,0.02004098892211914,3138,0.017830848693847656
3217,AES,0.019347667694091797,0.01879429817199707,1730,0.016947507858276367
3217,No_Encryption,0.019209861755371094,0.016956806182861328,1378,0.018095970153808594
3218,PQC,0.0251615047454834,0.020299673080444336,3138,0.0183563232421875
3218,AES,0.019805908203125,0.017595529556274414,1730,0.018141746520996094
3218,No_Encryption,0.01942133903503418,0.018013954162597656,1378,0.017747879028320312
3219,PQC,0.02779865264892578,0.020079612731933594,3138,0.018293142318725586
3219,AES,0.018915653228759766,0.017438888549804688,1730,0.018505334854125977
3219,No_Encryption,0.018850088119506836,0.01682281494140625,1378,0.017299652099609375
3220,PQC,0.02239060401916504,0.019858360290527344,3138,0.01727128028869629
3220,AES,0.01979994773864746,0.02004408836364746,1730,0.019854307174682617
3220,No_Encryption,0.018033266067504883,0.016485214233398438,1378,0.018645286560058594
3221,PQC,0.021157026290893555,0.020563125610351562,3138,0.016917943954467773
3221,AES,0.020526885986328125,0.018771886825561523,1730,0.018221616744995117
3221,No_Encryption,0.020345449447631836,0.01618027687072754,1378,0.021013975143432617
3222,PQC,0.02366471290588379,0.02203202247619629,3138,0.017618656158447266
3222,AES,0.019997835159301758,0.017642974853515625,1730,0.017212867736816406
3222,No_Encryption,0.0189361572265625,0.016767501831054688,1378,0.017848491668701172
3223,PQC,0.020586013793945312,0.019315004348754883,3138,0.01859426498413086
3223,AES,0.01903080940246582,0.019011259078979492,1730,0.018358469009399414
3223,No_Encryption,0.01874995231628418,0.01685786247253418,1378,0.019127368927001953
3224,PQC,0.022710323333740234,0.02232956886291504,3138,0.020827531814575195
3224,AES,0.020442485809326172,0.02097177505493164,1730,0.02066802978515625
3224,No_Encryption,0.022339582443237305,0.019366741180419922,1378,0.02288651466369629
3225,PQC,0.0371401309967041,0.027851104736328125,3138,0.024370908737182617
3225,AES,0.024754047393798828,0.025608301162719727,1730,0.02631688117980957
3225,No_Encryption,0.02849268913269043,0.02356863021850586,1378,0.027937650680541992
3226,PQC,0.03055572509765625,0.029508113861083984,3138,0.0275421142578125
3226,AES,0.029419898986816406,0.02743053436279297,1730,0.027286291122436523
3226,No_Encryption,0.025313138961791992,0.025548934936523438,1378,0.026716232299804688
3227,PQC,0.03186655044555664,0.031675100326538086,3138,0.02904677391052246
3227,AES,0.028234481811523438,0.027948856353759766,1730,0.025704622268676758
3227,No_Encryption,0.027489662170410156,0.023776531219482422,1378,0.028734207153320312
3228,PQC,0.030548810958862305,0.03175783157348633,3138,0.032263994216918945
3228,AES,0.04158902168273926,0.03301882743835449,1730,0.030213356018066406
3228,No_Encryption,0.03255891799926758,0.02688288688659668,1378,0.030554771423339844
3229,PQC,0.03494906425476074,0.03309464454650879,3138,0.03203082084655762
3229,AES,0.03151583671569824,0.02956533432006836,1730,0.03051924705505371
3229,No_Encryption,0.027608394622802734,0.027146577835083008,1378,0.032195329666137695
3230,PQC,0.03998208045959473,0.03544425964355469,3138,0.028870820999145508
3230,AES,0.03188800811767578,0.028579235076904297,1730,0.029489517211914062
3230,No_Encryption,0.02982807159423828,0.02515554428100586,1378,0.029859066009521484
3231,PQC,0.03552079200744629,0.03273820877075195,3138,0.02886056900024414
3231,AES,0.03647422790527344,0.03155064582824707,1730,0.03204631805419922
3231,No_Encryption,0.028383255004882812,0.025565385818481445,1378,0.03159809112548828
3232,PQC,0.03970980644226074,0.03409218788146973,3138,0.02836012840270996
3232,AES,0.030610322952270508,0.02932286262512207,1730,0.029343128204345703
3232,No_Encryption,0.02800750732421875,0.0249173641204834,1378,0.028963327407836914
3233,PQC,0.036501169204711914,0.03492856025695801,3138,0.03174257278442383
3233,AES,0.03500866889953613,0.03075385093688965,1730,0.02838754653930664
3233,No_Encryption,0.028492450714111328,0.026488780975341797,1378,0.028096914291381836
3234,PQC,0.04424023628234863,0.03238821029663086,3138,0.029126882553100586
3234,AES,0.0333559513092041,0.02741098403930664,1730,0.028867006301879883
3234,No_Encryption,0.025394678115844727,0.024605512619018555,1378,0.029679059982299805
3235,PQC,0.03324007987976074,0.031992197036743164,3138,0.027308225631713867
3235,AES,0.029140949249267578,0.02784132957458496,1730,0.02785778045654297
3235,No_Encryption,0.02613544464111328,0.024564266204833984,1378,0.029527664184570312
3236,PQC,0.03708219528198242,0.03185439109802246,3138,0.02731919288635254
3236,AES,0.02863621711730957,0.028885602951049805,1730,0.031191587448120117
3236,No_Encryption,0.028278589248657227,0.02583789825439453,1378,0.030672311782836914
3237,PQC,0.03356671333312988,0.03246307373046875,3138,0.031253814697265625
3237,AES,0.030748844146728516,0.027306556701660156,1730,0.022943973541259766
3237,No_Encryption,0.023382186889648438,0.02036142349243164,1378,0.02173900604248047
3238,PQC,0.025456905364990234,0.0274355411529541,3138,0.020491600036621094
3238,AES,0.021269798278808594,0.019983768463134766,1730,0.018795013427734375
3238,No_Encryption,0.022527456283569336,0.016891956329345703,1378,0.019245386123657227
3239,PQC,0.029010295867919922,0.020737648010253906,3138,0.01788043975830078
3239,AES,0.019683122634887695,0.020116567611694336,1730,0.01992201805114746
3239,No_Encryption,0.01807260513305664,0.016560077667236328,1378,0.01938915252685547
3240,PQC,0.02352166175842285,0.020228862762451172,3138,0.01760411262512207
3240,AES,0.01913285255432129,0.01772165298461914,1730,0.017456531524658203
3240,No_Encryption,0.018113136291503906,0.015218019485473633,1378,0.018010616302490234
3241,PQC,0.0213320255279541,0.019542932510375977,3138,0.01919102668762207
3241,AES,0.019185781478881836,0.01835489273071289,1730,0.01782393455505371
3241,No_Encryption,0.020515918731689453,0.016831398010253906,1378,0.01878666877746582
3242,PQC,0.021072864532470703,0.020780086517333984,3138,0.018398046493530273
3242,AES,0.018939495086669922,0.01827073097229004,1730,0.016442060470581055
3242,No_Encryption,0.018306255340576172,0.0158233642578125,1378,0.017000198364257812
3243,PQC,0.02174234390258789,0.019280433654785156,3138,0.017680644989013672
3243,AES,0.021979093551635742,0.020403623580932617,1730,0.019171714782714844
3243,No_Encryption,0.018032550811767578,0.015811443328857422,1378,0.017437458038330078
3244,PQC,0.022034883499145508,0.01973271369934082,3138,0.016963481903076172
3244,AES,0.02278614044189453,0.016994237899780273,1730,0.018698930740356445
3244,No_Encryption,0.018036365509033203,0.015844106674194336,1378,0.01862359046936035
3245,PQC,0.023871421813964844,0.020405292510986328,3138,0.017070293426513672
3245,AES,0.02212214469909668,0.01771712303161621,1730,0.01802539825439453
3245,No_Encryption,0.025003671646118164,0.016309738159179688,1378,0.02389693260192871
3246,PQC,0.028275251388549805,0.02112889289855957,3138,0.01782703399658203
3246,AES,0.02382063865661621,0.018166303634643555,1730,0.019139766693115234
3246,No_Encryption,0.01840829849243164,0.017273902893066406,1378,0.0194394588470459
3247,PQC,0.021266460418701172,0.021308183670043945,3138,0.01901865005493164
3247,AES,0.01924443244934082,0.018161773681640625,1730,0.019580841064453125
3247,No_Encryption,0.024313926696777344,0.016803503036499023,1378,0.01930403709411621
3248,PQC,0.02474069595336914,0.02079296112060547,3138,0.01859760284423828
3248,AES,0.01944708824157715,0.01727128028869629,1730,0.01777958869934082
3248,No_Encryption,0.019266605377197266,0.01567673683166504,1378,0.019938945770263672
3249,PQC,0.02653813362121582,0.02106332778930664,3138,0.017673492431640625
3249,AES,0.01891469955444336,0.01742386817932129,1730,0.017951011657714844
3249,No_Encryption,0.01835942268371582,0.015494823455810547,1378,0.018779277801513672
3250,PQC,0.02088141441345215,0.020049333572387695,3138,0.0179903507232666
3250,AES,0.019541263580322266,0.01896190643310547,1730,0.01789116859436035
3250,No_Encryption,0.01947808265686035,0.015860319137573242,1378,0.019913911819458008
3251,PQC,0.0209658145904541,0.021087169647216797,3138,0.018664836883544922
3251,AES,0.021185874938964844,0.01900935173034668,1730,0.01771855354309082
3251,No_Encryption,0.0203554630279541,0.0165102481842041,1378,0.017328739166259766
3252,PQC,0.02675151824951172,0.02025294303894043,3138,0.01892566680908203
3252,AES,0.01869034767150879,0.018374919891357422,1730,0.018828153610229492
3252,No_Encryption,0.01804518699645996,0.016484498977661133,1378,0.018938064575195312
3253,PQC,0.024187803268432617,0.020330429077148438,3138,0.017164230346679688
3253,AES,0.019155502319335938,0.018002033233642578,1730,0.02017378807067871
3253,No_Encryption,0.020783185958862305,0.016847848892211914,1378,0.01743030548095703
3254,PQC,0.023760080337524414,0.020127296447753906,3138,0.016982555389404297
3254,AES,0.020148754119873047,0.017317771911621094,1730,0.018053293228149414
3254,No_Encryption,0.018126726150512695,0.015664339065551758,1378,0.018879413604736328
3255,PQC,0.024283409118652344,0.02035045623779297,3138,0.01734638214111328
3255,AES,0.019871234893798828,0.017713546752929688,1730,0.017318010330200195
3255,No_Encryption,0.01950693130493164,0.01555180549621582,1378,0.01882457733154297
3256,PQC,0.023375511169433594,0.022500276565551758,3138,0.017748117446899414
3256,AES,0.018876314163208008,0.017858028411865234,1730,0.01711440086364746
3256,No_Encryption,0.02374863624572754,0.015647172927856445,1378,0.01977086067199707
3257,PQC,0.029462099075317383,0.02048206329345703,3138,0.018067121505737305
3257,AES,0.019703388214111328,0.018460512161254883,1730,0.017179012298583984
3257,No_Encryption,0.02001786231994629,0.016350984573364258,1378,0.020045995712280273
3258,PQC,0.021311521530151367,0.02052760124206543,3138,0.016703367233276367
3258,AES,0.01784968376159668,0.01774430274963379,1730,0.018236875534057617
3258,No_Encryption,0.021369218826293945,0.015902280807495117,1378,0.017979145050048828
3259,PQC,0.021073579788208008,0.020625591278076172,3138,0.017928123474121094
3259,AES,0.01999211311340332,0.016757965087890625,1730,0.0168764591217041
3259,No_Encryption,0.017699003219604492,0.016422748565673828,1378,0.0181429386138916
3260,PQC,0.021272897720336914,0.01978611946105957,3138,0.017620086669921875
3260,AES,0.018922090530395508,0.01731085777282715,1730,0.018477201461791992
3260,No_Encryption,0.01821303367614746,0.015957355499267578,1378,0.01790618896484375
3261,PQC,0.021680831909179688,0.020159244537353516,3138,0.01793956756591797
3261,AES,0.018672943115234375,0.017028093338012695,1730,0.017763614654541016
3261,No_Encryption,0.019048213958740234,0.014842748641967773,1378,0.017678022384643555
3262,PQC,0.02257513999938965,0.02274918556213379,3138,0.018785715103149414
3262,AES,0.019765853881835938,0.01927638053894043,1730,0.017266035079956055
3262,No_Encryption,0.019026517868041992,0.015972137451171875,1378,0.01753067970275879
3263,PQC,0.022424936294555664,0.020687341690063477,3138,0.018429279327392578
3263,AES,0.02007317543029785,0.018493175506591797,1730,0.017801523208618164
3263,No_Encryption,0.018607378005981445,0.01651453971862793,1378,0.01843428611755371
3264,PQC,0.0253448486328125,0.02104020118713379,3138,0.019701242446899414
3264,AES,0.019896268844604492,0.019939184188842773,1730,0.018035888671875
3264,No_Encryption,0.018364429473876953,0.016794443130493164,1378,0.017550230026245117
3265,PQC,0.02692866325378418,0.02852177619934082,3138,0.020159244537353516
3265,AES,0.019169330596923828,0.01849198341369629,1730,0.01794600486755371
3265,No_Encryption,0.0207216739654541,0.016629695892333984,1378,0.018661975860595703
3266,PQC,0.024106264114379883,0.01989293098449707,3138,0.01885247230529785
3266,AES,0.019196271896362305,0.019207477569580078,1730,0.018336772918701172
3266,No_Encryption,0.019309520721435547,0.016506671905517578,1378,0.017914295196533203
3267,PQC,0.022936582565307617,0.02204298973083496,3138,0.01907634735107422
3267,AES,0.01883840560913086,0.018048524856567383,1730,0.017624378204345703
3267,No_Encryption,0.018046140670776367,0.01601243019104004,1378,0.01809525489807129
3268,PQC,0.02177596092224121,0.01915264129638672,3138,0.018291234970092773
3268,AES,0.02324080467224121,0.01872396469116211,1730,0.018836498260498047
3268,No_Encryption,0.02003622055053711,0.016577482223510742,1378,0.019401073455810547
3269,PQC,0.02183246612548828,0.022006988525390625,3138,0.0174257755279541
3269,AES,0.020889759063720703,0.017755985260009766,1730,0.0193479061126709
3269,No_Encryption,0.019056320190429688,0.015969514846801758,1378,0.01963210105895996
3270,PQC,0.025320768356323242,0.02002859115600586,3138,0.016169309616088867
3270,AES,0.025036334991455078,0.019644498825073242,1730,0.020499706268310547
3270,No_Encryption,0.02219700813293457,0.016902446746826172,1378,0.017571210861206055
3271,PQC,0.023978710174560547,0.019805908203125,3138,0.01738595962524414
3271,AES,0.02246689796447754,0.017389774322509766,1730,0.017653465270996094
3271,No_Encryption,0.018735647201538086,0.015564441680908203,1378,0.017601966857910156
3272,PQC,0.023492813110351562,0.020226716995239258,3138,0.016635656356811523
3272,AES,0.02001333236694336,0.018604040145874023,1730,0.017614364624023438
3272,No_Encryption,0.0186612606048584,0.015819072723388672,1378,0.01845836639404297
3273,PQC,0.021227121353149414,0.01974964141845703,3138,0.017861127853393555
3273,AES,0.019608497619628906,0.019203662872314453,1730,0.018003463745117188
3273,No_Encryption,0.021286725997924805,0.01673746109008789,1378,0.01752185821533203
3274,PQC,0.025163888931274414,0.02121138572692871,3138,0.01801753044128418
3274,AES,0.021900177001953125,0.02034735679626465,1730,0.020116567611694336
3274,No_Encryption,0.020633220672607422,0.01873326301574707,1378,0.02358388900756836
3275,PQC,0.025945186614990234,0.02672886848449707,3138,0.022501707077026367
3275,AES,0.024703264236450195,0.024403810501098633,1730,0.023941516876220703
3275,No_Encryption,0.026197433471679688,0.022095680236816406,1378,0.02415943145751953
3276,PQC,0.03022027015686035,0.030034780502319336,3138,0.024842262268066406
3276,AES,0.030083656311035156,0.026926040649414062,1730,0.026267528533935547
3276,No_Encryption,0.024404525756835938,0.024430274963378906,1378,0.025034666061401367
3277,PQC,0.02916574478149414,0.030070066452026367,3138,0.026408672332763672
3277,AES,0.029424428939819336,0.025640487670898438,1730,0.025356054306030273
3277,No_Encryption,0.02767181396484375,0.0247955322265625,1378,0.02687239646911621
3278,PQC,0.02968001365661621,0.030929088592529297,3138,0.026743650436401367
3278,AES,0.0298309326171875,0.026016950607299805,1730,0.026688575744628906
3278,No_Encryption,0.0282440185546875,0.024086475372314453,1378,0.028290510177612305
3279,PQC,0.0396876335144043,0.03037738800048828,3138,0.025362491607666016
3279,AES,0.030201435089111328,0.027814149856567383,1730,0.027942895889282227
3279,No_Encryption,0.03027033805847168,0.025112152099609375,1378,0.029896974563598633
3280,PQC,0.03955364227294922,0.031467437744140625,3138,0.030878543853759766
3280,AES,0.02711772918701172,0.028722047805786133,1730,0.028687238693237305
3280,No_Encryption,0.03378176689147949,0.025477170944213867,1378,0.029268264770507812
3281,PQC,0.034574270248413086,0.030511856079101562,3138,0.02789473533630371
3281,AES,0.031449317932128906,0.028525114059448242,1730,0.03017258644104004
3281,No_Encryption,0.0281369686126709,0.025781869888305664,1378,0.030431747436523438
3282,PQC,0.04176211357116699,0.035059213638305664,3138,0.02846240997314453
3282,AES,0.036669254302978516,0.02887582778930664,1730,0.029475927352905273
3282,No_Encryption,0.031513214111328125,0.028048038482666016,1378,0.03172564506530762
3283,PQC,0.03720235824584961,0.0344240665435791,3138,0.029421329498291016
3283,AES,0.046233415603637695,0.0399775505065918,1730,0.03541135787963867
3283,No_Encryption,0.04463839530944824,0.03295564651489258,1378,0.034467458724975586
3284,PQC,0.03939485549926758,0.03831768035888672,3138,0.030923128128051758
3284,AES,0.0325312614440918,0.030167579650878906,1730,0.029874563217163086
3284,No_Encryption,0.02918076515197754,0.028074264526367188,1378,0.03261137008666992
3285,PQC,0.04514026641845703,0.03387951850891113,3138,0.028639793395996094
3285,AES,0.03322577476501465,0.031543731689453125,1730,0.027807950973510742
3285,No_Encryption,0.03240084648132324,0.028550148010253906,1378,0.028595685958862305
3286,PQC,0.03541755676269531,0.03515219688415527,3138,0.028670787811279297
3286,AES,0.02901434898376465,0.029454708099365234,1730,0.029361963272094727
3286,No_Encryption,0.02772998809814453,0.02733016014099121,1378,0.02909708023071289
3287,PQC,0.03564882278442383,0.032629966735839844,3138,0.027590513229370117
3287,AES,0.028388023376464844,0.029888153076171875,1730,0.027529478073120117
3287,No_Encryption,0.0312807559967041,0.02265310287475586,1378,0.02339959144592285
3288,PQC,0.029176712036132812,0.022458314895629883,3138,0.020337343215942383
3288,AES,0.01934981346130371,0.02103710174560547,1730,0.019816160202026367
3288,No_Encryption,0.02584528923034668,0.0177609920501709,1378,0.018878936767578125
3289,PQC,0.022562503814697266,0.021220684051513672,3138,0.017594337463378906
3289,AES,0.022116422653198242,0.019473791122436523,1730,0.01685357093811035
3289,No_Encryption,0.02216935157775879,0.016844749450683594,1378,0.017964601516723633
3290,PQC,0.02245354652404785,0.02014899253845215,3138,0.019597530364990234
3290,AES,0.018745899200439453,0.019965410232543945,1730,0.01727581024169922
3290,No_Encryption,0.01843714714050293,0.017028331756591797,1378,0.02015376091003418
3291,PQC,0.022214889526367188,0.01952385902404785,3138,0.018679380416870117
3291,AES,0.020827293395996094,0.017263174057006836,1730,0.0166323184967041
3291,No_Encryption,0.01780533790588379,0.015994787216186523,1378,0.01873326301574707
3292,PQC,0.028705358505249023,0.021183490753173828,3138,0.017423152923583984
3292,AES,0.019211769104003906,0.017911434173583984,1730,0.019026517868041992
3292,No_Encryption,0.017904281616210938,0.015972614288330078,1378,0.01779937744140625
3293,PQC,0.022572755813598633,0.020961999893188477,3138,0.01671886444091797
3293,AES,0.020023345947265625,0.01752161979675293,1730,0.018558502197265625
3293,No_Encryption,0.019793272018432617,0.015428304672241211,1378,0.0198516845703125
3294,PQC,0.021607398986816406,0.020845890045166016,3138,0.01667332649230957
3294,AES,0.020237207412719727,0.01828765869140625,1730,0.01719212532043457
3294,No_Encryption,0.019312620162963867,0.016785144805908203,1378,0.01887369155883789
3295,PQC,0.021846294403076172,0.01998114585876465,3138,0.018183469772338867
3295,AES,0.019229412078857422,0.018410444259643555,1730,0.01770758628845215
3295,No_Encryption,0.01918172836303711,0.016287565231323242,1378,0.017128467559814453
3296,PQC,0.023493051528930664,0.019351482391357422,3138,0.018475055694580078
3296,AES,0.018873929977416992,0.017312288284301758,1730,0.019222497940063477
3296,No_Encryption,0.023096561431884766,0.0164945125579834,1378,0.017686843872070312
3297,PQC,0.02499985694885254,0.019435882568359375,3138,0.017584800720214844
3297,AES,0.019738197326660156,0.01674032211303711,1730,0.017508506774902344
3297,No_Encryption,0.017982959747314453,0.016320228576660156,1378,0.018930673599243164
3298,PQC,0.02147650718688965,0.020364999771118164,3138,0.018524646759033203
3298,AES,0.019802093505859375,0.01747298240661621,1730,0.0175783634185791
3298,No_Encryption,0.01966404914855957,0.015940189361572266,1378,0.018747329711914062
3299,PQC,0.023353099822998047,0.020462751388549805,3138,0.01703476905822754
3299,AES,0.01991581916809082,0.018258333206176758,1730,0.017771244049072266
3299,No_Encryption,0.0179445743560791,0.016045808792114258,1378,0.017419815063476562
3300,PQC,0.02116084098815918,0.019921064376831055,3138,0.01770949363708496
3300,AES,0.019934415817260742,0.01731562614440918,1730,0.017492055892944336
3300,No_Encryption,0.0221710205078125,0.01646280288696289,1378,0.018041133880615234
3301,PQC,0.022177696228027344,0.019309520721435547,3138,0.018454790115356445
3301,AES,0.019294261932373047,0.018259525299072266,1730,0.01874256134033203
3301,No_Encryption,0.01829361915588379,0.015898704528808594,1378,0.018482446670532227
3302,PQC,0.02110910415649414,0.03088855743408203,3138,0.019472837448120117
3302,AES,0.026053190231323242,0.019574403762817383,1730,0.018485069274902344
3302,No_Encryption,0.017262935638427734,0.01690387725830078,1378,0.02004837989807129
3303,PQC,0.022084951400756836,0.01987767219543457,3138,0.018477201461791992
3303,AES,0.019007444381713867,0.01791214942932129,1730,0.017885208129882812
3303,No_Encryption,0.017519235610961914,0.016731739044189453,1378,0.018992185592651367
3304,PQC,0.02318286895751953,0.02083444595336914,3138,0.0190889835357666
3304,AES,0.02009868621826172,0.017979860305786133,1730,0.018512248992919922
3304,No_Encryption,0.019857168197631836,0.016124248504638672,1378,0.01856255531311035
3305,PQC,0.02197122573852539,0.02256464958190918,3138,0.01767420768737793
3305,AES,0.01926898956298828,0.01800847053527832,1730,0.016939878463745117
3305,No_Encryption,0.01899886131286621,0.01595473289489746,1378,0.017555952072143555
3306,PQC,0.02005147933959961,0.02024078369140625,3138,0.016855716705322266
3306,AES,0.027625322341918945,0.018978118896484375,1730,0.017768144607543945
3306,No_Encryption,0.018796920776367188,0.015590667724609375,1378,0.019032955169677734
3307,PQC,0.024067401885986328,0.021657943725585938,3138,0.017270803451538086
3307,AES,0.01887035369873047,0.018503904342651367,1730,0.017870187759399414
3307,No_Encryption,0.018445968627929688,0.016336917877197266,1378,0.017580747604370117
3308,PQC,0.023707151412963867,0.0200653076171875,3138,0.0169069766998291
3308,AES,0.021377086639404297,0.017711400985717773,1730,0.018069744110107422
3308,No_Encryption,0.017060041427612305,0.016679048538208008,1378,0.01965022087097168
3309,PQC,0.02477717399597168,0.020350933074951172,3138,0.017566680908203125
3309,AES,0.020176172256469727,0.017412424087524414,1730,0.018912553787231445
3309,No_Encryption,0.01871013641357422,0.015210390090942383,1378,0.019626855850219727
3310,PQC,0.024103164672851562,0.021253585815429688,3138,0.017538785934448242
3310,AES,0.01927924156188965,0.01676487922668457,1730,0.01844310760498047
3310,No_Encryption,0.017118453979492188,0.016112327575683594,1378,0.020064830780029297
3311,PQC,0.023136138916015625,0.022157669067382812,3138,0.017161846160888672
3311,AES,0.018605709075927734,0.018537282943725586,1730,0.017918109893798828
3311,No_Encryption,0.019360065460205078,0.015504837036132812,1378,0.017116308212280273
3312,PQC,0.023816347122192383,0.02128005027770996,3138,0.018129587173461914
3312,AES,0.025199413299560547,0.018154382705688477,1730,0.017668962478637695
3312,No_Encryption,0.019128084182739258,0.016840696334838867,1378,0.017751216888427734
3313,PQC,0.026022672653198242,0.01981830596923828,3138,0.01790595054626465
3313,AES,0.017713308334350586,0.017571449279785156,1730,0.017527341842651367
3313,No_Encryption,0.01816868782043457,0.016286611557006836,1378,0.019358396530151367
3314,PQC,0.021596908569335938,0.021229267120361328,3138,0.01868271827697754
3314,AES,0.020946025848388672,0.01983332633972168,1730,0.020937442779541016
3314,No_Encryption,0.01897716522216797,0.01890397071838379,1378,0.02097010612487793
3315,PQC,0.025047779083251953,0.02574610710144043,3138,0.023752689361572266
3315,AES,0.023648738861083984,0.023388147354125977,1730,0.023988723754882812
3315,No_Encryption,0.022701740264892578,0.022035598754882812,1378,0.023523330688476562
3316,PQC,0.03415369987487793,0.030017375946044922,3138,0.025942087173461914
3316,AES,0.03300881385803223,0.024747371673583984,1730,0.025651216506958008
3316,No_Encryption,0.02335047721862793,0.02274012565612793,1378,0.0258786678314209
3317,PQC,0.03902626037597656,0.03199410438537598,3138,0.026065587997436523
3317,AES,0.02717280387878418,0.026426315307617188,1730,0.02513742446899414
3317,No_Encryption,0.024179935455322266,0.022379159927368164,1378,0.026654481887817383
3318,PQC,0.0320131778717041,0.030048370361328125,3138,0.026097536087036133
3318,AES,0.03006768226623535,0.026486635208129883,1730,0.025419950485229492
3318,No_Encryption,0.026073455810546875,0.024103641510009766,1378,0.03077244758605957
3319,PQC,0.030211925506591797,0.030125856399536133,3138,0.027460813522338867
3319,AES,0.026157617568969727,0.02623128890991211,1730,0.02682662010192871
3319,No_Encryption,0.026864290237426758,0.02417445182800293,1378,0.029503345489501953
3320,PQC,0.037181854248046875,0.030492067337036133,3138,0.0278322696685791
3320,AES,0.03370475769042969,0.026247024536132812,1730,0.02829432487487793
3320,No_Encryption,0.0294191837310791,0.026396989822387695,1378,0.035803794860839844
3321,PQC,0.04115915298461914,0.034024715423583984,3138,0.026926517486572266
3321,AES,0.028794527053833008,0.026462078094482422,1730,0.02448892593383789
3321,No_Encryption,0.022510290145874023,0.019143342971801758,1378,0.021218538284301758
3322,PQC,0.02602219581604004,0.0227200984954834,3138,0.0206758975982666
3322,AES,0.020986080169677734,0.018056631088256836,1730,0.01914525032043457
3322,No_Encryption,0.01919245719909668,0.015779495239257812,1378,0.018687009811401367
3323,PQC,0.02456355094909668,0.021109580993652344,3138,0.01866626739501953
3323,AES,0.018436431884765625,0.01995682716369629,1730,0.020339488983154297
3323,No_Encryption,0.018708229064941406,0.016122102737426758,1378,0.018519163131713867
3324,PQC,0.02321910858154297,0.022028684616088867,3138,0.01863551139831543
3324,AES,0.019481658935546875,0.018465518951416016,1730,0.01734137535095215
3324,No_Encryption,0.020975828170776367,0.016359806060791016,1378,0.018128633499145508
3325,PQC,0.022348880767822266,0.021085500717163086,3138,0.01702594757080078
3325,AES,0.01860356330871582,0.017554759979248047,1730,0.01827216148376465
3325,No_Encryption,0.023401737213134766,0.01646900177001953,1378,0.01932239532470703
3326,PQC,0.021764278411865234,0.020616531372070312,3138,0.017607927322387695
3326,AES,0.020064353942871094,0.017853260040283203,1730,0.018564224243164062
3326,No_Encryption,0.019216299057006836,0.01673603057861328,1378,0.018527746200561523
3327,PQC,0.01979207992553711,0.02087569236755371,3138,0.017026901245117188
3327,AES,0.01920342445373535,0.01657843589782715,1730,0.017638444900512695
3327,No_Encryption,0.01818060874938965,0.015810012817382812,1378,0.01774311065673828
3328,PQC,0.021250247955322266,0.01955389976501465,3138,0.016882896423339844
3328,AES,0.01900792121887207,0.01802825927734375,1730,0.01783013343811035
3328,No_Encryption,0.017525434494018555,0.0157625675201416,1378,0.018422603607177734
3329,PQC,0.028607845306396484,0.01954174041748047,3138,0.017577409744262695
3329,AES,0.019736766815185547,0.01881098747253418,1730,0.02003192901611328
3329,No_Encryption,0.019767045974731445,0.01598834991455078,1378,0.01963520050048828
3330,PQC,0.027125120162963867,0.019768714904785156,3138,0.01904749870300293
3330,AES,0.02241349220275879,0.02100062370300293,1730,0.01825571060180664
3330,No_Encryption,0.020772457122802734,0.016053199768066406,1378,0.017847299575805664
3331,PQC,0.020046472549438477,0.01927042007446289,3138,0.01822662353515625
3331,AES,0.01996302604675293,0.017045259475708008,1730,0.017397642135620117
3331,No_Encryption,0.018408775329589844,0.01739335060119629,1378,0.018942594528198242
3332,PQC,0.026564359664916992,0.02152562141418457,3138,0.019194364547729492
3332,AES,0.02235579490661621,0.020628690719604492,1730,0.020549535751342773
3332,No_Encryption,0.020673274993896484,0.01997852325439453,1378,0.02172994613647461
3333,PQC,0.02650165557861328,0.025874853134155273,3138,0.022717714309692383
3333,AES,0.02501511573791504,0.023922443389892578,1730,0.024947166442871094
3333,No_Encryption,0.024094581604003906,0.02267146110534668,1378,0.02267169952392578
3334,PQC,0.028677701950073242,0.029932022094726562,3138,0.025455713272094727
3334,AES,0.026937484741210938,0.026394128799438477,1730,0.026506900787353516
3334,No_Encryption,0.02415919303894043,0.024396896362304688,1378,0.028144359588623047
3335,PQC,0.03592705726623535,0.02929830551147461,3138,0.02601766586303711
3335,AES,0.025950908660888672,0.025858163833618164,1730,0.024470806121826172
3335,No_Encryption,0.023227930068969727,0.02075362205505371,1378,0.02459716796875
3336,PQC,0.026777267456054688,0.024169445037841797,3138,0.020244836807250977
3336,AES,0.020578384399414062,0.019792795181274414,1730,0.01826786994934082
3336,No_Encryption,0.018111228942871094,0.0175168514251709,1378,0.019113779067993164
3337,PQC,0.02169036865234375,0.020664215087890625,3138,0.01772618293762207
3337,AES,0.0208585262298584,0.01853203773498535,1730,0.019347190856933594
3337,No_Encryption,0.018693923950195312,0.016222000122070312,1378,0.019016027450561523
3338,PQC,0.023819923400878906,0.021385669708251953,3138,0.0190126895904541
3338,AES,0.01965188980102539,0.01786065101623535,1730,0.018265485763549805
3338,No_Encryption,0.018602371215820312,0.015471458435058594,1378,0.018483400344848633
3339,PQC,0.02140355110168457,0.02163982391357422,3138,0.018208980560302734
3339,AES,0.02004694938659668,0.019713401794433594,1730,0.022344589233398438
3339,No_Encryption,0.022413253784179688,0.017938852310180664,1378,0.019412517547607422
3340,PQC,0.021175622940063477,0.021610736846923828,3138,0.019103288650512695
3340,AES,0.024106979370117188,0.017964839935302734,1730,0.017456769943237305
3340,No_Encryption,0.018931150436401367,0.016495943069458008,1378,0.019826173782348633
3341,PQC,0.02181243896484375,0.021146774291992188,3138,0.017163753509521484
3341,AES,0.018836021423339844,0.019084692001342773,1730,0.018680810928344727
3341,No_Encryption,0.017766237258911133,0.015914201736450195,1378,0.018076419830322266
3342,PQC,0.02157115936279297,0.019893884658813477,3138,0.018991947174072266
3342,AES,0.020345449447631836,0.02012181282043457,1730,0.019675016403198242
3342,No_Encryption,0.02010655403137207,0.01632547378540039,1378,0.01763319969177246
3343,PQC,0.024510622024536133,0.021123647689819336,3138,0.017621994018554688
3343,AES,0.018596410751342773,0.01868891716003418,1730,0.017308473587036133
3343,No_Encryption,0.020699739456176758,0.015752792358398438,1378,0.017947912216186523
3344,PQC,0.025232553482055664,0.024878501892089844,3138,0.018532991409301758
3344,AES,0.019541501998901367,0.01747417449951172,1730,0.018854856491088867
3344,No_Encryption,0.022996902465820312,0.016463756561279297,1378,0.02000570297241211
3345,PQC,0.021500825881958008,0.020083904266357422,3138,0.0165860652923584
3345,AES,0.019822120666503906,0.017490148544311523,1730,0.018059730529785156
3345,No_Encryption,0.02117323875427246,0.016437292098999023,1378,0.018291711807250977
3346,PQC,0.02795553207397461,0.020128250122070312,3138,0.018843650817871094
3346,AES,0.024686336517333984,0.017943620681762695,1730,0.01702284812927246
3346,No_Encryption,0.017533540725708008,0.015499353408813477,1378,0.017407894134521484
3347,PQC,0.020258188247680664,0.022340774536132812,3138,0.017941951751708984
3347,AES,0.022467374801635742,0.01788616180419922,1730,0.01857137680053711
3347,No_Encryption,0.020793914794921875,0.016295909881591797,1378,0.020264625549316406
3348,PQC,0.022766828536987305,0.019478321075439453,3138,0.01705169677734375
3348,AES,0.021311044692993164,0.018315792083740234,1730,0.017596721649169922
3348,No_Encryption,0.018422603607177734,0.01598668098449707,1378,0.01851630210876465
3349,PQC,0.022694110870361328,0.02093052864074707,3138,0.01761317253112793
3349,AES,0.02031421661376953,0.018722057342529297,1730,0.017864227294921875
3349,No_Encryption,0.018164873123168945,0.016333818435668945,1378,0.019296884536743164
3350,PQC,0.023477554321289062,0.023478984832763672,3138,0.01818108558654785
3350,AES,0.018571853637695312,0.01813530921936035,1730,0.02003622055053711
3350,No_Encryption,0.020135164260864258,0.016140222549438477,1378,0.018698930740356445
3351,PQC,0.02419877052307129,0.02113938331604004,3138,0.020911216735839844
3351,AES,0.020527362823486328,0.018941879272460938,1730,0.018130064010620117
3351,No_Encryption,0.01868748664855957,0.016344547271728516,1378,0.017825603485107422
3352,PQC,0.024113178253173828,0.021089792251586914,3138,0.018260478973388672
3352,AES,0.022400379180908203,0.01884913444519043,1730,0.01913166046142578
3352,No_Encryption,0.02033543586730957,0.017017841339111328,1378,0.017244815826416016
3353,PQC,0.023148536682128906,0.019631624221801758,3138,0.020174741744995117
3353,AES,0.020072460174560547,0.018405675888061523,1730,0.018865108489990234
3353,No_Encryption,0.017338275909423828,0.016510725021362305,1378,0.01763010025024414
3354,PQC,0.024578571319580078,0.021083354949951172,3138,0.017307519912719727
3354,AES,0.019176721572875977,0.016980409622192383,1730,0.01906752586364746
3354,No_Encryption,0.017522573471069336,0.01631927490234375,1378,0.017194032669067383
3355,PQC,0.021369218826293945,0.0226898193359375,3138,0.018766164779663086
3355,AES,0.024000167846679688,0.017826557159423828,1730,0.01724386215209961
3355,No_Encryption,0.017621278762817383,0.015422344207763672,1378,0.020231246948242188
3356,PQC,0.020689725875854492,0.019647836685180664,3138,0.018607139587402344
3356,AES,0.018717527389526367,0.01906442642211914,1730,0.018486499786376953
3356,No_Encryption,0.01890730857849121,0.016051769256591797,1378,0.019923686981201172
3357,PQC,0.02254343032836914,0.019414901733398438,3138,0.017812728881835938
3357,AES,0.018473386764526367,0.01790452003479004,1730,0.018452882766723633
3357,No_Encryption,0.024167537689208984,0.016077041625976562,1378,0.01846456527709961
3358,PQC,0.022536039352416992,0.019489765167236328,3138,0.017548561096191406
3358,AES,0.019356966018676758,0.01723790168762207,1730,0.018218517303466797
3358,No_Encryption,0.019583702087402344,0.016020536422729492,1378,0.017903804779052734
3359,PQC,0.021578311920166016,0.0207366943359375,3138,0.017247915267944336
3359,AES,0.018666982650756836,0.01712632179260254,1730,0.025542259216308594
3359,No_Encryption,0.021520376205444336,0.01709771156311035,1378,0.018784523010253906
3360,PQC,0.02495431900024414,0.020555496215820312,3138,0.017539501190185547
3360,AES,0.01900768280029297,0.01735091209411621,1730,0.018874406814575195
3360,No_Encryption,0.01999950408935547,0.016110658645629883,1378,0.0191500186920166
3361,PQC,0.024142026901245117,0.020877361297607422,3138,0.01825881004333496
3361,AES,0.019788026809692383,0.01826310157775879,1730,0.018711328506469727
3361,No_Encryption,0.01830577850341797,0.016956567764282227,1378,0.01958298683166504
3362,PQC,0.022007465362548828,0.024953603744506836,3138,0.02042865753173828
3362,AES,0.023266315460205078,0.020117759704589844,1730,0.021289825439453125
3362,No_Encryption,0.020468473434448242,0.02051091194152832,1378,0.024502038955688477
3363,PQC,0.03291010856628418,0.026385784149169922,3138,0.022446870803833008
3363,AES,0.02423834800720215,0.024529457092285156,1730,0.024676084518432617
3363,No_Encryption,0.023268461227416992,0.024501800537109375,1378,0.028421640396118164
3364,PQC,0.034861087799072266,0.02941584587097168,3138,0.02714848518371582
3364,AES,0.026764392852783203,0.027804851531982422,1730,0.028683900833129883
3364,No_Encryption,0.024677276611328125,0.02291274070739746,1378,0.026391267776489258
3365,PQC,0.03392291069030762,0.028528690338134766,3138,0.026026248931884766
3365,AES,0.030923128128051758,0.0274350643157959,1730,0.026471376419067383
3365,No_Encryption,0.027892589569091797,0.024621963500976562,1378,0.0272829532623291
3366,PQC,0.03181719779968262,0.029593467712402344,3138,0.025124788284301758
3366,AES,0.026038646697998047,0.02635478973388672,1730,0.025254487991333008
3366,No_Encryption,0.025761842727661133,0.024170398712158203,1378,0.02682018280029297
3367,PQC,0.039620161056518555,0.03150439262390137,3138,0.025743484497070312
3367,AES,0.03221893310546875,0.027791261672973633,1730,0.027075529098510742
3367,No_Encryption,0.02491617202758789,0.024863243103027344,1378,0.027325868606567383
3368,PQC,0.03751707077026367,0.03173375129699707,3138,0.027256250381469727
3368,AES,0.029951810836791992,0.02943730354309082,1730,0.028369426727294922
3368,No_Encryption,0.03261423110961914,0.025188922882080078,1378,0.028840303421020508
3369,PQC,0.031332969665527344,0.03217577934265137,3138,0.027138233184814453
3369,AES,0.02683115005493164,0.028696298599243164,1730,0.027158498764038086
3369,No_Encryption,0.03261113166809082,0.024799108505249023,1378,0.025773286819458008
3370,PQC,0.03297853469848633,0.03374814987182617,3138,0.028059959411621094
3370,AES,0.031195640563964844,0.026470661163330078,1730,0.029247045516967773
3370,No_Encryption,0.029040098190307617,0.02579641342163086,1378,0.02708125114440918
3371,PQC,0.03438115119934082,0.0315401554107666,3138,0.026609182357788086
3371,AES,0.0275876522064209,0.02639460563659668,1730,0.02724480628967285
3371,No_Encryption,0.03134894371032715,0.026020526885986328,1378,0.03178811073303223
3372,PQC,0.03399968147277832,0.03140521049499512,3138,0.029814720153808594
3372,AES,0.033785343170166016,0.027570247650146484,1730,0.02680230140686035
3372,No_Encryption,0.02553868293762207,0.023301124572753906,1378,0.025366783142089844
3373,PQC,0.030735015869140625,0.02521491050720215,3138,0.024315595626831055
3373,AES,0.022734642028808594,0.022280454635620117,1730,0.0206298828125
3373,No_Encryption,0.027113676071166992,0.019889354705810547,1378,0.02065277099609375
3374,PQC,0.027563095092773438,0.02029728889465332,3138,0.018331527709960938
3374,AES,0.02140498161315918,0.01989459991455078,1730,0.017923593521118164
3374,No_Encryption,0.018580913543701172,0.016399145126342773,1378,0.017963886260986328
3375,PQC,0.02537846565246582,0.020276784896850586,3138,0.018273353576660156
3375,AES,0.01787853240966797,0.017954587936401367,1730,0.017928123474121094
3375,No_Encryption,0.019819259643554688,0.016226530075073242,1378,0.018208980560302734
3376,PQC,0.02238321304321289,0.02006387710571289,3138,0.017419815063476562
3376,AES,0.018984317779541016,0.017744064331054688,1730,0.01815176010131836
3376,No_Encryption,0.017491817474365234,0.01714158058166504,1378,0.019635438919067383
3377,PQC,0.025376319885253906,0.020625591278076172,3138,0.018433809280395508
3377,AES,0.020192861557006836,0.01738762855529785,1730,0.020125865936279297
3377,No_Encryption,0.031821489334106445,0.019243478775024414,1378,0.018910884857177734
3378,PQC,0.022299766540527344,0.020064353942871094,3138,0.018128156661987305
3378,AES,0.018530607223510742,0.018206119537353516,1730,0.018381595611572266
3378,No_Encryption,0.018505573272705078,0.016224384307861328,1378,0.01837158203125
3379,PQC,0.0254666805267334,0.019824504852294922,3138,0.01734614372253418
3379,AES,0.01894998550415039,0.017438411712646484,1730,0.01891613006591797
3379,No_Encryption,0.020255327224731445,0.016068458557128906,1378,0.018024682998657227
3380,PQC,0.021435976028442383,0.02093672752380371,3138,0.017399072647094727
3380,AES,0.018729686737060547,0.017471790313720703,1730,0.019102811813354492
3380,No_Encryption,0.01983046531677246,0.01543283462524414,1378,0.018333911895751953
3381,PQC,0.0215604305267334,0.01949620246887207,3138,0.01891803741455078
3381,AES,0.020772218704223633,0.017883777618408203,1730,0.01743936538696289
3381,No_Encryption,0.019370317459106445,0.016392230987548828,1378,0.01772475242614746
3382,PQC,0.02227187156677246,0.020144224166870117,3138,0.0178525447845459
3382,AES,0.018984317779541016,0.01778388023376465,1730,0.018742084503173828
3382,No_Encryption,0.017328262329101562,0.015790224075317383,1378,0.0172576904296875
3383,PQC,0.02127385139465332,0.019719362258911133,3138,0.017497777938842773
3383,AES,0.021990060806274414,0.01710653305053711,1730,0.017759323120117188
3383,No_Encryption,0.017502307891845703,0.01578998565673828,1378,0.01801323890686035
3384,PQC,0.026873350143432617,0.0228121280670166,3138,0.019028186798095703
3384,AES,0.023151636123657227,0.017556428909301758,1730,0.018048763275146484
3384,No_Encryption,0.01897454261779785,0.016952991485595703,1378,0.01792764663696289
3385,PQC,0.023806095123291016,0.021357059478759766,3138,0.01856517791748047
3385,AES,0.02008223533630371,0.018141746520996094,1730,0.01792621612548828
3385,No_Encryption,0.01777815818786621,0.016369104385375977,1378,0.018993616104125977
3386,PQC,0.022985219955444336,0.021004199981689453,3138,0.018363475799560547
3386,AES,0.02426314353942871,0.019379377365112305,1730,0.01778888702392578
3386,No_Encryption,0.021142005920410156,0.01523447036743164,1378,0.018416881561279297
3387,PQC,0.021741151809692383,0.02040719985961914,3138,0.016805410385131836
3387,AES,0.018552303314208984,0.017885684967041016,1730,0.017240285873413086
3387,No_Encryption,0.018507003784179688,0.016557693481445312,1378,0.017669677734375
3388,PQC,0.02255725860595703,0.018930435180664062,3138,0.018386363983154297
3388,AES,0.018686771392822266,0.01670241355895996,1730,0.01812744140625
3388,No_Encryption,0.02050638198852539,0.01718282699584961,1378,0.018999338150024414
3389,PQC,0.025637149810791016,0.01986527442932129,3138,0.019309043884277344
3389,AES,0.019504308700561523,0.018060684204101562,1730,0.018208026885986328
3389,No_Encryption,0.018930435180664062,0.0166323184967041,1378,0.018003225326538086
3390,PQC,0.0212552547454834,0.020624160766601562,3138,0.017588138580322266
3390,AES,0.01920175552368164,0.017499446868896484,1730,0.017737150192260742
3390,No_Encryption,0.02564263343811035,0.015617847442626953,1378,0.019138097763061523
3391,PQC,0.02098393440246582,0.02028036117553711,3138,0.016585588455200195
3391,AES,0.021137237548828125,0.01880621910095215,1730,0.017966032028198242
3391,No_Encryption,0.018139123916625977,0.015265464782714844,1378,0.01795506477355957
3392,PQC,0.023955821990966797,0.019722700119018555,3138,0.01849365234375
3392,AES,0.021457910537719727,0.019056320190429688,1730,0.017680883407592773
3392,No_Encryption,0.019681930541992188,0.015504598617553711,1378,0.018353700637817383
3393,PQC,0.0220034122467041,0.020540475845336914,3138,0.0187225341796875
3393,AES,0.020127296447753906,0.01978588104248047,1730,0.018681764602661133
3393,No_Encryption,0.019335031509399414,0.017941951751708984,1378,0.02033853530883789
3394,PQC,0.02407217025756836,0.023537874221801758,3138,0.021721839904785156
3394,AES,0.02378249168395996,0.021827220916748047,1730,0.02267169952392578
3394,No_Encryption,0.025395631790161133,0.02166604995727539,1378,0.023499250411987305
3395,PQC,0.03315019607543945,0.030037403106689453,3138,0.022952556610107422
3395,AES,0.025192737579345703,0.026029348373413086,1730,0.028264284133911133
3395,No_Encryption,0.02273702621459961,0.0227963924407959,1378,0.025608539581298828
3396,PQC,0.03308510780334473,0.02895045280456543,3138,0.02485942840576172
3396,AES,0.035888671875,0.03635859489440918,1730,0.03236675262451172
3396,No_Encryption,0.029665231704711914,0.026024818420410156,1378,0.03251338005065918
3397,PQC,0.036406517028808594,0.03618645668029785,3138,0.028176069259643555
3397,AES,0.032266855239868164,0.029742717742919922,1730,0.03131914138793945
3397,No_Encryption,0.02906036376953125,0.024218320846557617,1378,0.030008554458618164
3398,PQC,0.032427072525024414,0.03210902214050293,3138,0.029256820678710938
3398,AES,0.030675172805786133,0.0280609130859375,1730,0.027942180633544922
3398,No_Encryption,0.031809091567993164,0.02682352066040039,1378,0.03234267234802246
3399,PQC,0.039891958236694336,0.03324413299560547,3138,0.027954816818237305
3399,AES,0.030463457107543945,0.03172492980957031,1730,0.02954864501953125
3399,No_Encryption,0.030525684356689453,0.02629566192626953,1378,0.028766155242919922
3400,PQC,0.032617807388305664,0.029405832290649414,3138,0.02645134925842285
3400,AES,0.026556015014648438,0.02919793128967285,1730,0.027970314025878906
3400,No_Encryption,0.02952885627746582,0.02432847023010254,1378,0.02615976333618164
3401,PQC,0.032831668853759766,0.031809091567993164,3138,0.028209209442138672
3401,AES,0.029001951217651367,0.027385234832763672,1730,0.02700972557067871
3401,No_Encryption,0.028534412384033203,0.025325775146484375,1378,0.030199766159057617
3402,PQC,0.03300118446350098,0.03482794761657715,3138,0.025310754776000977
3402,AES,0.029862403869628906,0.027025699615478516,1730,0.027097463607788086
3402,No_Encryption,0.026289701461791992,0.02539229393005371,1378,0.03171586990356445
3403,PQC,0.032105207443237305,0.033655643463134766,3138,0.027669906616210938
3403,AES,0.031907081604003906,0.027100563049316406,1730,0.026339054107666016
3403,No_Encryption,0.02929973602294922,0.024477243423461914,1378,0.027817487716674805
3404,PQC,0.03060293197631836,0.028762340545654297,3138,0.023393869400024414
3404,AES,0.022844791412353516,0.021660327911376953,1730,0.020611286163330078
3404,No_Encryption,0.01954483985900879,0.01723790168762207,1378,0.019239187240600586
3405,PQC,0.02760767936706543,0.0233612060546875,3138,0.019343852996826172
3405,AES,0.01961684226989746,0.018574953079223633,1730,0.019178390502929688
3405,No_Encryption,0.017584562301635742,0.01606154441833496,1378,0.018238306045532227
3406,PQC,0.022286415100097656,0.02048039436340332,3138,0.01774907112121582
3406,AES,0.020892620086669922,0.017930269241333008,1730,0.021073579788208008
3406,No_Encryption,0.017742633819580078,0.016298532485961914,1378,0.017757892608642578
3407,PQC,0.021544218063354492,0.019903182983398438,3138,0.01729440689086914
3407,AES,0.01933765411376953,0.017073392868041992,1730,0.019463062286376953
3407,No_Encryption,0.01817917823791504,0.015582799911499023,1378,0.018669605255126953
3408,PQC,0.022357940673828125,0.020711183547973633,3138,0.016983985900878906
3408,AES,0.021859407424926758,0.018326759338378906,1730,0.019381046295166016
3408,No_Encryption,0.01820683479309082,0.015329122543334961,1378,0.018051862716674805
3409,PQC,0.0226593017578125,0.02010345458984375,3138,0.017653226852416992
3409,AES,0.0203554630279541,0.018681764602661133,1730,0.018322467803955078
3409,No_Encryption,0.01950359344482422,0.01611471176147461,1378,0.01792597770690918
3410,PQC,0.023419857025146484,0.019541501998901367,3138,0.017319440841674805
3410,AES,0.018723487854003906,0.018326282501220703,1730,0.017599105834960938
3410,No_Encryption,0.02060532569885254,0.016864299774169922,1378,0.01734304428100586
3411,PQC,0.022611379623413086,0.02050495147705078,3138,0.018032312393188477
3411,AES,0.01940631866455078,0.017621994018554688,1730,0.020781755447387695
3411,No_Encryption,0.0177919864654541,0.016089916229248047,1378,0.018190622329711914
3412,PQC,0.022850990295410156,0.02085590362548828,3138,0.016688823699951172
3412,AES,0.019863128662109375,0.01819133758544922,1730,0.01971149444580078
3412,No_Encryption,0.017453908920288086,0.01609492301940918,1378,0.018073558807373047
3413,PQC,0.022914886474609375,0.021595478057861328,3138,0.018655061721801758
3413,AES,0.01963043212890625,0.017819881439208984,1730,0.018984079360961914
3413,No_Encryption,0.018497705459594727,0.01570916175842285,1378,0.018877029418945312
3414,PQC,0.02308511734008789,0.020947694778442383,3138,0.01769852638244629
3414,AES,0.019748687744140625,0.017441749572753906,1730,0.01707005500793457
3414,No_Encryption,0.018635034561157227,0.015681982040405273,1378,0.018700361251831055
3415,PQC,0.02347254753112793,0.02009725570678711,3138,0.018076658248901367
3415,AES,0.018602848052978516,0.018134355545043945,1730,0.017409801483154297
3415,No_Encryption,0.02625751495361328,0.020907878875732422,1378,0.019055843353271484
3416,PQC,0.024259090423583984,0.022576332092285156,3138,0.017796754837036133
3416,AES,0.019295215606689453,0.01863551139831543,1730,0.018350839614868164
3416,No_Encryption,0.020281076431274414,0.016030073165893555,1378,0.01698899269104004
3417,PQC,0.02166152000427246,0.020196914672851562,3138,0.017690420150756836
3417,AES,0.01915454864501953,0.01799798011779785,1730,0.01800537109375
3417,No_Encryption,0.020487070083618164,0.016370058059692383,1378,0.019536495208740234
3418,PQC,0.022200822830200195,0.020680665969848633,3138,0.018224000930786133
3418,AES,0.019495010375976562,0.01809215545654297,1730,0.018894433975219727
3418,No_Encryption,0.018820762634277344,0.016394615173339844,1378,0.020685672760009766
3419,PQC,0.022095203399658203,0.021106958389282227,3138,0.018326997756958008
3419,AES,0.020438194274902344,0.020503997802734375,1730,0.018733739852905273
3419,No_Encryption,0.01892232894897461,0.01647472381591797,1378,0.018622398376464844
3420,PQC,0.022842884063720703,0.02170729637145996,3138,0.01877427101135254
3420,AES,0.01926708221435547,0.017874479293823242,1730,0.0165555477142334
3420,No_Encryption,0.01979804039001465,0.01611185073852539,1378,0.018804073333740234
3421,PQC,0.024290084838867188,0.020288944244384766,3138,0.018434524536132812
3421,AES,0.021347522735595703,0.01801443099975586,1730,0.018383502960205078
3421,No_Encryption,0.019116878509521484,0.015882015228271484,1378,0.017655611038208008
3422,PQC,0.022032976150512695,0.020999431610107422,3138,0.01751875877380371
3422,AES,0.022981643676757812,0.01801013946533203,1730,0.019237518310546875
3422,No_Encryption,0.018088340759277344,0.015943050384521484,1378,0.018706083297729492
3423,PQC,0.02082061767578125,0.02023029327392578,3138,0.017548799514770508
3423,AES,0.023421764373779297,0.018462181091308594,1730,0.018846988677978516
3423,No_Encryption,0.017881393432617188,0.015539884567260742,1378,0.01856064796447754
3424,PQC,0.021808385848999023,0.02028059959411621,3138,0.016986608505249023
3424,AES,0.022126197814941406,0.019100189208984375,1730,0.017388343811035156
3424,No_Encryption,0.017732620239257812,0.016383647918701172,1378,0.019768476486206055
3425,PQC,0.023994922637939453,0.021027326583862305,3138,0.019031286239624023
3425,AES,0.019571781158447266,0.018384695053100586,1730,0.019611835479736328
3425,No_Encryption,0.019643783569335938,0.01862788200378418,1378,0.02119159698486328
3426,PQC,0.02945542335510254,0.0267179012298584,3138,0.022523164749145508
3426,AES,0.026126384735107422,0.023944854736328125,1730,0.023233652114868164
3426,No_Encryption,0.022521018981933594,0.023068666458129883,1378,0.024335145950317383
3427,PQC,0.02886486053466797,0.028279781341552734,3138,0.02377605438232422
3427,AES,0.0273282527923584,0.025788068771362305,1730,0.024428367614746094
3427,No_Encryption,0.027501821517944336,0.023627519607543945,1378,0.0264432430267334
3428,PQC,0.03311324119567871,0.030015230178833008,3138,0.02616429328918457
3428,AES,0.029852628707885742,0.026548147201538086,1730,0.027467012405395508
3428,No_Encryption,0.02933979034423828,0.025410175323486328,1378,0.026171445846557617
3429,PQC,0.03405356407165527,0.03172039985656738,3138,0.028919458389282227
3429,AES,0.027647972106933594,0.028059959411621094,1730,0.026723384857177734
3429,No_Encryption,0.026416540145874023,0.026458263397216797,1378,0.030263662338256836
3430,PQC,0.03732132911682129,0.03263139724731445,3138,0.028197050094604492
3430,AES,0.029173612594604492,0.029307126998901367,1730,0.027892589569091797
3430,No_Encryption,0.033475399017333984,0.02515554428100586,1378,0.0301513671875
3431,PQC,0.03345012664794922,0.031368255615234375,3138,0.028255462646484375
3431,AES,0.028621673583984375,0.02792525291442871,1730,0.026030778884887695
3431,No_Encryption,0.03249359130859375,0.025615215301513672,1378,0.027329444885253906
3432,PQC,0.03546571731567383,0.03154349327087402,3138,0.029843568801879883
3432,AES,0.02816319465637207,0.02862715721130371,1730,0.027785301208496094
3432,No_Encryption,0.027769088745117188,0.026372432708740234,1378,0.02959895133972168
3433,PQC,0.031838178634643555,0.031020164489746094,3138,0.027364730834960938
3433,AES,0.03444409370422363,0.02969527244567871,1730,0.03095865249633789
3433,No_Encryption,0.04141402244567871,0.029711008071899414,1378,0.03140759468078613
3434,PQC,0.03689217567443848,0.035063743591308594,3138,0.03187131881713867
3434,AES,0.03446555137634277,0.029093503952026367,1730,0.0293729305267334
3434,No_Encryption,0.030977249145507812,0.025998830795288086,1378,0.029987096786499023
3435,PQC,0.037148475646972656,0.03355574607849121,3138,0.029391765594482422
3435,AES,0.03601884841918945,0.030862808227539062,1730,0.027730226516723633
3435,No_Encryption,0.027981281280517578,0.022050142288208008,1378,0.024172544479370117
3436,PQC,0.026410579681396484,0.0243527889251709,3138,0.020743846893310547
3436,AES,0.02147388458251953,0.01923656463623047,1730,0.02051687240600586
3436,No_Encryption,0.02222156524658203,0.018376827239990234,1378,0.01929759979248047
3437,PQC,0.023469209671020508,0.0234830379486084,3138,0.020155668258666992
3437,AES,0.020214557647705078,0.019386768341064453,1730,0.020724773406982422
3437,No_Encryption,0.020369291305541992,0.01648688316345215,1378,0.019834041595458984
3438,PQC,0.026891708374023438,0.019546031951904297,3138,0.01863837242126465
3438,AES,0.023922204971313477,0.018138885498046875,1730,0.01880788803100586
3438,No_Encryption,0.017306804656982422,0.01601696014404297,1378,0.01886725425720215
3439,PQC,0.022183895111083984,0.02000117301940918,3138,0.017087221145629883
3439,AES,0.01962876319885254,0.01764988899230957,1730,0.01824498176574707
3439,No_Encryption,0.017978668212890625,0.016249895095825195,1378,0.017237186431884766
3440,PQC,0.021335363388061523,0.020590782165527344,3138,0.017017364501953125
3440,AES,0.020497798919677734,0.018570899963378906,1730,0.020943880081176758
3440,No_Encryption,0.017781496047973633,0.015541315078735352,1378,0.01829051971435547
3441,PQC,0.020525693893432617,0.020132780075073242,3138,0.017003297805786133
3441,AES,0.018362045288085938,0.01764369010925293,1730,0.017069101333618164
3441,No_Encryption,0.02340102195739746,0.015587806701660156,1378,0.01805877685546875
3442,PQC,0.022334575653076172,0.02362203598022461,3138,0.01837444305419922
3442,AES,0.02282571792602539,0.018377304077148438,1730,0.018636703491210938
3442,No_Encryption,0.01917266845703125,0.014865875244140625,1378,0.01856088638305664
3443,PQC,0.021450281143188477,0.01951742172241211,3138,0.019356489181518555
3443,AES,0.020787477493286133,0.019083023071289062,1730,0.017844200134277344
3443,No_Encryption,0.02073502540588379,0.016049861907958984,1378,0.018548250198364258
3444,PQC,0.022572755813598633,0.018834829330444336,3138,0.017777204513549805
3444,AES,0.02189159393310547,0.018389463424682617,1730,0.01734638214111328
3444,No_Encryption,0.01872730255126953,0.01642298698425293,1378,0.01898336410522461
3445,PQC,0.02395772933959961,0.020162343978881836,3138,0.017394304275512695
3445,AES,0.0193483829498291,0.01846790313720703,1730,0.018971920013427734
3445,No_Encryption,0.021882057189941406,0.01620936393737793,1378,0.01759028434753418
3446,PQC,0.02152419090270996,0.020109176635742188,3138,0.01733684539794922
3446,AES,0.020284414291381836,0.01753997802734375,1730,0.01825261116027832
3446,No_Encryption,0.019264936447143555,0.016079425811767578,1378,0.018343448638916016
3447,PQC,0.02209162712097168,0.020958662033081055,3138,0.0180051326751709
3447,AES,0.019150972366333008,0.017290353775024414,1730,0.017706871032714844
3447,No_Encryption,0.019491910934448242,0.016680002212524414,1378,0.01877307891845703
3448,PQC,0.022856712341308594,0.020431995391845703,3138,0.018365859985351562
3448,AES,0.017380952835083008,0.01858806610107422,1730,0.0178525447845459
3448,No_Encryption,0.01815319061279297,0.01606917381286621,1378,0.017889022827148438
3449,PQC,0.022757530212402344,0.019803285598754883,3138,0.017412424087524414
3449,AES,0.01881575584411621,0.01766228675842285,1730,0.018177032470703125
3449,No_Encryption,0.01808929443359375,0.01673603057861328,1378,0.017385482788085938
3450,PQC,0.022005081176757812,0.020290136337280273,3138,0.017284631729125977
3450,AES,0.018506288528442383,0.01848888397216797,1730,0.017754554748535156
3450,No_Encryption,0.02286982536315918,0.015092134475708008,1378,0.019443511962890625
3451,PQC,0.024428129196166992,0.020048856735229492,3138,0.018805742263793945
3451,AES,0.019350051879882812,0.01714348793029785,1730,0.01762080192565918
3451,No_Encryption,0.023033618927001953,0.016990184783935547,1378,0.02274489402770996
3452,PQC,0.029124021530151367,0.024338960647583008,3138,0.0225374698638916
3452,AES,0.021759748458862305,0.021448850631713867,1730,0.02129054069519043
3452,No_Encryption,0.028531312942504883,0.020684480667114258,1378,0.023492097854614258
3453,PQC,0.027975797653198242,0.027822256088256836,3138,0.02498173713684082
3453,AES,0.043708086013793945,0.0310518741607666,1730,0.02835536003112793
3453,No_Encryption,0.02626800537109375,0.024394989013671875,1378,0.028435707092285156
3454,PQC,0.0348360538482666,0.032402992248535156,3138,0.02861332893371582
3454,AES,0.031679391860961914,0.028954744338989258,1730,0.02666449546813965
3454,No_Encryption,0.02916407585144043,0.025243043899536133,1378,0.02992415428161621
3455,PQC,0.03331708908081055,0.0317082405090332,3138,0.02633213996887207
3455,AES,0.031237363815307617,0.021335601806640625,1730,0.022518157958984375
3455,No_Encryption,0.020155668258666992,0.017930269241333008,1378,0.019870519638061523
3456,PQC,0.025632143020629883,0.02171945571899414,3138,0.01839160919189453
3456,AES,0.018797636032104492,0.018397092819213867,1730,0.01946234703063965
3456,No_Encryption,0.02057027816772461,0.01714944839477539,1378,0.02101874351501465
3457,PQC,0.02542281150817871,0.020843029022216797,3138,0.018752574920654297
3457,AES,0.01863861083984375,0.017307281494140625,1730,0.017735719680786133
3457,No_Encryption,0.0185089111328125,0.016022682189941406,1378,0.018164634704589844
3458,PQC,0.03043842315673828,0.02040410041809082,3138,0.019068479537963867
3458,AES,0.019717931747436523,0.017253398895263672,1730,0.018528461456298828
3458,No_Encryption,0.01983165740966797,0.01748347282409668,1378,0.018284320831298828
3459,PQC,0.025464773178100586,0.020972728729248047,3138,0.018249988555908203
3459,AES,0.020272493362426758,0.01767587661743164,1730,0.018491029739379883
3459,No_Encryption,0.0162503719329834,0.016399383544921875,1378,0.02090597152709961
3460,PQC,0.022127866744995117,0.021529674530029297,3138,0.017293214797973633
3460,AES,0.020914793014526367,0.019981861114501953,1730,0.021028518676757812
3460,No_Encryption,0.023501873016357422,0.017979145050048828,1378,0.020041465759277344
3461,PQC,0.02469348907470703,0.024361610412597656,3138,0.022598981857299805
3461,AES,0.024644851684570312,0.02433180809020996,1730,0.022579669952392578
3461,No_Encryption,0.02291703224182129,0.021668195724487305,1378,0.023946285247802734
3462,PQC,0.029442787170410156,0.030275583267211914,3138,0.026267528533935547
3462,AES,0.02563762664794922,0.02665114402770996,1730,0.025904178619384766
3462,No_Encryption,0.024866342544555664,0.02385854721069336,1378,0.02623748779296875
3463,PQC,0.03024125099182129,0.028476953506469727,3138,0.029617786407470703
3463,AES,0.03196382522583008,0.02792835235595703,1730,0.02621912956237793
3463,No_Encryption,0.03023529052734375,0.026761770248413086,1378,0.027415752410888672
3464,PQC,0.03256797790527344,0.028231382369995117,3138,0.02465081214904785
3464,AES,0.021162986755371094,0.02067732810974121,1730,0.020745277404785156
3464,No_Encryption,0.0222012996673584,0.018620729446411133,1378,0.019651174545288086
3465,PQC,0.02530694007873535,0.02110910415649414,3138,0.020030736923217773
3465,AES,0.020035505294799805,0.018543243408203125,1730,0.018630266189575195
3465,No_Encryption,0.02144598960876465,0.01646590232849121,1378,0.017897605895996094
3466,PQC,0.022103548049926758,0.021289825439453125,3138,0.017258167266845703
3466,AES,0.020045757293701172,0.01858687400817871,1730,0.018243074417114258
3466,No_Encryption,0.020290613174438477,0.01687932014465332,1378,0.018311738967895508
3467,PQC,0.024537324905395508,0.021185874938964844,3138,0.017786741256713867
3467,AES,0.01905202865600586,0.017822265625,1730,0.01706075668334961
3467,No_Encryption,0.01896190643310547,0.016733169555664062,1378,0.016870737075805664
3468,PQC,0.026601314544677734,0.019860506057739258,3138,0.01885533332824707
3468,AES,0.02300405502319336,0.01822376251220703,1730,0.018856048583984375
3468,No_Encryption,0.01927351951599121,0.016511917114257812,1378,0.01792430877685547
3469,PQC,0.022268295288085938,0.019662141799926758,3138,0.01689743995666504
3469,AES,0.020404577255249023,0.018092632293701172,1730,0.01827859878540039
3469,No_Encryption,0.016681194305419922,0.01563262939453125,1378,0.018780946731567383
3470,PQC,0.0242919921875,0.01957869529724121,3138,0.016913175582885742
3470,AES,0.019220352172851562,0.018476486206054688,1730,0.019733905792236328
3470,No_Encryption,0.025472164154052734,0.016158580780029297,1378,0.02029728889465332
3471,PQC,0.021136999130249023,0.019721031188964844,3138,0.016501903533935547
3471,AES,0.024525165557861328,0.019475460052490234,1730,0.018216609954833984
3471,No_Encryption,0.02397298812866211,0.0183258056640625,1378,0.02301311492919922
3472,PQC,0.021863937377929688,0.02024078369140625,3138,0.020219802856445312
3472,AES,0.020289182662963867,0.017506837844848633,1730,0.018138647079467773
3472,No_Encryption,0.018108606338500977,0.016710758209228516,1378,0.017609119415283203
3473,PQC,0.024018049240112305,0.020713329315185547,3138,0.017796993255615234
3473,AES,0.0199892520904541,0.01916217803955078,1730,0.019008874893188477
3473,No_Encryption,0.018512964248657227,0.01661396026611328,1378,0.01846003532409668
3474,PQC,0.019988298416137695,0.019547224044799805,3138,0.017553091049194336
3474,AES,0.01935291290283203,0.01855325698852539,1730,0.01764702796936035
3474,No_Encryption,0.018639087677001953,0.016277790069580078,1378,0.017068147659301758
3475,PQC,0.021471500396728516,0.019727468490600586,3138,0.018665552139282227
3475,AES,0.019669532775878906,0.017180442810058594,1730,0.018809795379638672
3475,No_Encryption,0.022239208221435547,0.017180204391479492,1378,0.01749110221862793
3476,PQC,0.02420186996459961,0.01937389373779297,3138,0.018078327178955078
3476,AES,0.021417617797851562,0.018178939819335938,1730,0.019201993942260742
3476,No_Encryption,0.01717996597290039,0.015586137771606445,1378,0.016974449157714844
3477,PQC,0.02373790740966797,0.020431995391845703,3138,0.017336130142211914
3477,AES,0.019713640213012695,0.017570018768310547,1730,0.016890287399291992
3477,No_Encryption,0.017827510833740234,0.01583552360534668,1378,0.018407106399536133
3478,PQC,0.021682262420654297,0.019829750061035156,3138,0.018075942993164062
3478,AES,0.018686294555664062,0.018114089965820312,1730,0.01734757423400879
3478,No_Encryption,0.02046489715576172,0.015803813934326172,1378,0.016809701919555664
3479,PQC,0.02309727668762207,0.019494056701660156,3138,0.019270896911621094
3479,AES,0.01839470863342285,0.01816415786743164,1730,0.01954030990600586
3479,No_Encryption,0.017670154571533203,0.016530513763427734,1378,0.018096446990966797
3480,PQC,0.023163557052612305,0.02102804183959961,3138,0.020473003387451172
3480,AES,0.019475936889648438,0.020409822463989258,1730,0.02223682403564453
3480,No_Encryption,0.02021002769470215,0.01917886734008789,1378,0.022577285766601562
3481,PQC,0.0289456844329834,0.02775263786315918,3138,0.02385234832763672
3481,AES,0.026251792907714844,0.023430585861206055,1730,0.023851394653320312
3481,No_Encryption,0.022775888442993164,0.022449016571044922,1378,0.02276134490966797
3482,PQC,0.029486417770385742,0.028649091720581055,3138,0.025591373443603516
3482,AES,0.02925562858581543,0.024014949798583984,1730,0.025539159774780273
3482,No_Encryption,0.0253908634185791,0.023789167404174805,1378,0.028738975524902344
3483,PQC,0.030307769775390625,0.029255151748657227,3138,0.024622201919555664
3483,AES,0.026786327362060547,0.027341842651367188,1730,0.0255734920501709
3483,No_Encryption,0.03433537483215332,0.024690866470336914,1378,0.025228261947631836
3484,PQC,0.0328981876373291,0.031108856201171875,3138,0.02708148956298828
3484,AES,0.028046131134033203,0.028345823287963867,1730,0.028846263885498047
3484,No_Encryption,0.027428865432739258,0.025626182556152344,1378,0.029462814331054688
3485,PQC,0.0453336238861084,0.03159332275390625,3138,0.026813745498657227
3485,AES,0.031316280364990234,0.02794790267944336,1730,0.02529621124267578
3485,No_Encryption,0.025605440139770508,0.02308940887451172,1378,0.029042482376098633
3486,PQC,0.033472299575805664,0.03230547904968262,3138,0.02597832679748535
3486,AES,0.035143136978149414,0.028652191162109375,1730,0.02983236312866211
3486,No_Encryption,0.02673196792602539,0.02440810203552246,1378,0.027384042739868164
3487,PQC,0.03193306922912598,0.031963348388671875,3138,0.027507305145263672
3487,AES,0.02769184112548828,0.027845382690429688,1730,0.029172420501708984
3487,No_Encryption,0.026398181915283203,0.023891687393188477,1378,0.027486324310302734
3488,PQC,0.034940481185913086,0.03156423568725586,3138,0.027513742446899414
3488,AES,0.030353546142578125,0.027474403381347656,1730,0.02633953094482422
3488,No_Encryption,0.026397228240966797,0.025303125381469727,1378,0.029080629348754883
3489,PQC,0.031816959381103516,0.03178548812866211,3138,0.026817798614501953
3489,AES,0.028377771377563477,0.027114391326904297,1730,0.028135299682617188
3489,No_Encryption,0.0251162052154541,0.025072097778320312,1378,0.027100563049316406
3490,PQC,0.043243408203125,0.038837432861328125,3138,0.03005361557006836
3490,AES,0.03228473663330078,0.03010392189025879,1730,0.02979874610900879
3490,No_Encryption,0.029734373092651367,0.0238189697265625,1378,0.024183988571166992
3491,PQC,0.026465177536010742,0.02390909194946289,3138,0.02062678337097168
3491,AES,0.022713899612426758,0.020478487014770508,1730,0.01882481575012207
3491,No_Encryption,0.019256114959716797,0.017273426055908203,1378,0.020582914352416992
3492,PQC,0.023725032806396484,0.021441936492919922,3138,0.018472671508789062
3492,AES,0.019719362258911133,0.018796205520629883,1730,0.018721342086791992
3492,No_Encryption,0.018196582794189453,0.016057491302490234,1378,0.018147945404052734
3493,PQC,0.021265268325805664,0.02124333381652832,3138,0.01773548126220703
3493,AES,0.019195079803466797,0.01851511001586914,1730,0.017954349517822266
3493,No_Encryption,0.017863750457763672,0.015649080276489258,1378,0.01788640022277832
3494,PQC,0.021544218063354492,0.021887540817260742,3138,0.01805257797241211
3494,AES,0.018265247344970703,0.019159317016601562,1730,0.016112565994262695
3494,No_Encryption,0.0185396671295166,0.015731334686279297,1378,0.017751693725585938
3495,PQC,0.03186392784118652,0.021401405334472656,3138,0.018532514572143555
3495,AES,0.018721342086791992,0.018167734146118164,1730,0.016727685928344727
3495,No_Encryption,0.017377614974975586,0.0158841609954834,1378,0.017786741256713867
3496,PQC,0.0265805721282959,0.021686792373657227,3138,0.017345190048217773
3496,AES,0.01919245719909668,0.01804971694946289,1730,0.01972818374633789
3496,No_Encryption,0.019670963287353516,0.015822649002075195,1378,0.019960403442382812
3497,PQC,0.020798444747924805,0.019985198974609375,3138,0.018327951431274414
3497,AES,0.024265050888061523,0.017899274826049805,1730,0.018741607666015625
3497,No_Encryption,0.018937349319458008,0.016304492950439453,1378,0.01791667938232422
3498,PQC,0.02332329750061035,0.020583152770996094,3138,0.017220497131347656
3498,AES,0.020339488983154297,0.018091678619384766,1730,0.017499923706054688
3498,No_Encryption,0.018075227737426758,0.015892505645751953,1378,0.018503427505493164
3499,PQC,0.02118062973022461,0.021317243576049805,3138,0.016173362731933594
3499,AES,0.019170522689819336,0.017676115036010742,1730,0.018985509872436523
3499,No_Encryption,0.01989436149597168,0.016447067260742188,1378,0.019022703170776367
3500,PQC,0.023654699325561523,0.020914316177368164,3138,0.01905059814453125
3500,AES,0.02097320556640625,0.018051862716674805,1730,0.018589496612548828
3500,No_Encryption,0.02121281623840332,0.015983104705810547,1378,0.019260644912719727
3501,PQC,0.022334575653076172,0.021592140197753906,3138,0.018260717391967773
3501,AES,0.019059181213378906,0.017843008041381836,1730,0.017661571502685547
3501,No_Encryption,0.01724100112915039,0.016042232513427734,1378,0.017787694931030273
3502,PQC,0.026223182678222656,0.020481348037719727,3138,0.0181577205657959
3502,AES,0.01930689811706543,0.016986846923828125,1730,0.018380403518676758
3502,No_Encryption,0.017983198165893555,0.016357421875,1378,0.017584562301635742
3503,PQC,0.02907729148864746,0.019527912139892578,3138,0.01648855209350586
3503,AES,0.019629240036010742,0.01702880859375,1730,0.01844644546508789
3503,No_Encryption,0.017484426498413086,0.015513420104980469,1378,0.01757192611694336
3504,PQC,0.021770238876342773,0.01909637451171875,3138,0.017432689666748047
3504,AES,0.01902008056640625,0.018662452697753906,1730,0.01612710952758789
3504,No_Encryption,0.018124103546142578,0.016017913818359375,1378,0.01778697967529297
3505,PQC,0.02158832550048828,0.01965165138244629,3138,0.017806529998779297
3505,AES,0.02208256721496582,0.017151355743408203,1730,0.017682790756225586
3505,No_Encryption,0.01768660545349121,0.015818357467651367,1378,0.016949892044067383
3506,PQC,0.023354768753051758,0.01914501190185547,3138,0.017957210540771484
3506,AES,0.02044224739074707,0.017351150512695312,1730,0.018312454223632812
3506,No_Encryption,0.019086599349975586,0.016582250595092773,1378,0.01772451400756836
3507,PQC,0.020545482635498047,0.0204617977142334,3138,0.016843557357788086
3507,AES,0.02371668815612793,0.017963886260986328,1730,0.017283916473388672
3507,No_Encryption,0.018715381622314453,0.01666426658630371,1378,0.019089221954345703
3508,PQC,0.022133827209472656,0.02078866958618164,3138,0.017735719680786133
3508,AES,0.019198179244995117,0.016720056533813477,1730,0.01646876335144043
3508,No_Encryption,0.021526098251342773,0.015561819076538086,1378,0.025119781494140625
3509,PQC,0.023827791213989258,0.02140522003173828,3138,0.017505645751953125
3509,AES,0.02089405059814453,0.019384384155273438,1730,0.01803135871887207
3509,No_Encryption,0.01859903335571289,0.016269445419311523,1378,0.017186641693115234
3510,PQC,0.021454334259033203,0.020793437957763672,3138,0.016730070114135742
3510,AES,0.0203096866607666,0.01810288429260254,1730,0.018006563186645508
3510,No_Encryption,0.01970505714416504,0.016968727111816406,1378,0.019500255584716797
3511,PQC,0.02282881736755371,0.019565343856811523,3138,0.01964402198791504
3511,AES,0.021014928817749023,0.018694400787353516,1730,0.018230199813842773
3511,No_Encryption,0.018712282180786133,0.01725935935974121,1378,0.019339561462402344
3512,PQC,0.022678375244140625,0.02126336097717285,3138,0.01893138885498047
3512,AES,0.02034473419189453,0.019436120986938477,1730,0.020900249481201172
3512,No_Encryption,0.026015043258666992,0.019661426544189453,1378,0.022847890853881836
3513,PQC,0.025941133499145508,0.025892019271850586,3138,0.023587465286254883
3513,AES,0.02591991424560547,0.025388002395629883,1730,0.024769067764282227
3513,No_Encryption,0.024992942810058594,0.023333311080932617,1378,0.0257718563079834
3514,PQC,0.029520034790039062,0.0284881591796875,3138,0.02517390251159668
3514,AES,0.026743173599243164,0.02600693702697754,1730,0.026450634002685547
3514,No_Encryption,0.0271608829498291,0.023995161056518555,1378,0.028278827667236328
3515,PQC,0.033219099044799805,0.032010555267333984,3138,0.029155731201171875
3515,AES,0.03986549377441406,0.027749300003051758,1730,0.026953458786010742
3515,No_Encryption,0.028291940689086914,0.02356696128845215,1378,0.026967763900756836
3516,PQC,0.041098833084106445,0.02773451805114746,3138,0.025142908096313477
3516,AES,0.0264742374420166,0.02709054946899414,1730,0.024948596954345703
3516,No_Encryption,0.02533745765686035,0.0242764949798584,1378,0.025545835494995117
3517,PQC,0.031760215759277344,0.029942035675048828,3138,0.028864622116088867
3517,AES,0.02701115608215332,0.027782678604125977,1730,0.027497291564941406
3517,No_Encryption,0.02898240089416504,0.02390146255493164,1378,0.030101299285888672
3518,PQC,0.03458976745605469,0.03118133544921875,3138,0.027420520782470703
3518,AES,0.03236889839172363,0.027840852737426758,1730,0.02689814567565918
3518,No_Encryption,0.026778221130371094,0.025144100189208984,1378,0.028395891189575195
3519,PQC,0.0338900089263916,0.03806638717651367,3138,0.028939008712768555
3519,AES,0.02760004997253418,0.027549028396606445,1730,0.026238679885864258
3519,No_Encryption,0.029991626739501953,0.026085853576660156,1378,0.02835392951965332
3520,PQC,0.03373217582702637,0.032212018966674805,3138,0.02857041358947754
3520,AES,0.028604507446289062,0.027392148971557617,1730,0.027988195419311523
3520,No_Encryption,0.027231454849243164,0.026279687881469727,1378,0.027902603149414062
3521,PQC,0.03691697120666504,0.03184390068054199,3138,0.026865720748901367
3521,AES,0.0275266170501709,0.02767491340637207,1730,0.02849555015563965
3521,No_Encryption,0.026968955993652344,0.024156808853149414,1378,0.0272977352142334
3522,PQC,0.03307318687438965,0.03383278846740723,3138,0.026719093322753906
3522,AES,0.029104948043823242,0.027772188186645508,1730,0.025481224060058594
3522,No_Encryption,0.0246584415435791,0.02294158935546875,1378,0.022869348526000977
3523,PQC,0.02867889404296875,0.02732229232788086,3138,0.01999354362487793
3523,AES,0.022559642791748047,0.019210100173950195,1730,0.01848435401916504
3523,No_Encryption,0.017169952392578125,0.016269683837890625,1378,0.0195162296295166
3524,PQC,0.02161383628845215,0.02067708969116211,3138,0.018332242965698242
3524,AES,0.019549846649169922,0.01879286766052246,1730,0.019143104553222656
3524,No_Encryption,0.018911361694335938,0.016173601150512695,1378,0.01938796043395996
3525,PQC,0.027326107025146484,0.019472122192382812,3138,0.01666426658630371
3525,AES,0.018833398818969727,0.0185544490814209,1730,0.01787710189819336
3525,No_Encryption,0.018473148345947266,0.015949487686157227,1378,0.018717288970947266
3526,PQC,0.0233614444732666,0.019676923751831055,3138,0.018355369567871094
3526,AES,0.01985001564025879,0.017552614212036133,1730,0.02163839340209961
3526,No_Encryption,0.026469945907592773,0.01731729507446289,1378,0.017974853515625
3527,PQC,0.023638010025024414,0.02037525177001953,3138,0.017701387405395508
3527,AES,0.0184023380279541,0.017765045166015625,1730,0.017911672592163086
3527,No_Encryption,0.01851034164428711,0.016839265823364258,1378,0.020200252532958984
3528,PQC,0.023103713989257812,0.022062301635742188,3138,0.01884746551513672
3528,AES,0.020120620727539062,0.017579078674316406,1730,0.018086671829223633
3528,No_Encryption,0.01868581771850586,0.01690077781677246,1378,0.017104625701904297
3529,PQC,0.02129197120666504,0.019971847534179688,3138,0.017015457153320312
3529,AES,0.022239208221435547,0.01787281036376953,1730,0.01855015754699707
3529,No_Encryption,0.021632909774780273,0.015972375869750977,1378,0.019017696380615234
3530,PQC,0.022327423095703125,0.020418882369995117,3138,0.017610549926757812
3530,AES,0.02065896987915039,0.01786661148071289,1730,0.01783156394958496
3530,No_Encryption,0.018229246139526367,0.015085935592651367,1378,0.017597436904907227
3531,PQC,0.025174856185913086,0.01948070526123047,3138,0.016967296600341797
3531,AES,0.01967597007751465,0.017217636108398438,1730,0.01828932762145996
3531,No_Encryption,0.018511295318603516,0.01636052131652832,1378,0.018313169479370117
3532,PQC,0.021363019943237305,0.021522045135498047,3138,0.01840949058532715
3532,AES,0.021691322326660156,0.01903557777404785,1730,0.017394065856933594
3532,No_Encryption,0.01931285858154297,0.01592421531677246,1378,0.01776123046875
3533,PQC,0.02128911018371582,0.01961517333984375,3138,0.017241954803466797
3533,AES,0.017935514450073242,0.01776123046875,1730,0.019615888595581055
3533,No_Encryption,0.01823282241821289,0.017287254333496094,1378,0.020027637481689453
3534,PQC,0.023468732833862305,0.024270296096801758,3138,0.02102947235107422
3534,AES,0.021962881088256836,0.02265453338623047,1730,0.024755477905273438
3534,No_Encryption,0.023560285568237305,0.021001100540161133,1378,0.023511171340942383
3535,PQC,0.027383089065551758,0.027769088745117188,3138,0.024436473846435547
3535,AES,0.025798559188842773,0.025368213653564453,1730,0.025596141815185547
3535,No_Encryption,0.030281543731689453,0.02304840087890625,1378,0.02639031410217285
3536,PQC,0.030282020568847656,0.0326840877532959,3138,0.02721691131591797
3536,AES,0.026456594467163086,0.02788829803466797,1730,0.02666306495666504
3536,No_Encryption,0.029372692108154297,0.024786949157714844,1378,0.027338504791259766
3537,PQC,0.0344853401184082,0.031218528747558594,3138,0.026298999786376953
3537,AES,0.029137611389160156,0.027889251708984375,1730,0.027806520462036133
3537,No_Encryption,0.030878305435180664,0.0234835147857666,1378,0.027747154235839844
3538,PQC,0.03877615928649902,0.03453421592712402,3138,0.030000925064086914
3538,AES,0.0296938419342041,0.028357744216918945,1730,0.02706170082092285
3538,No_Encryption,0.027084827423095703,0.024471759796142578,1378,0.029228687286376953
3539,PQC,0.033349037170410156,0.031056880950927734,3138,0.0260469913482666
3539,AES,0.03394913673400879,0.028771162033081055,1730,0.028501272201538086
3539,No_Encryption,0.026967287063598633,0.023910045623779297,1378,0.030199766159057617
3540,PQC,0.03193092346191406,0.03388357162475586,3138,0.02844095230102539
3540,AES,0.02835988998413086,0.027872562408447266,1730,0.028894662857055664
3540,No_Encryption,0.026921510696411133,0.02361917495727539,1378,0.02393960952758789
3541,PQC,0.03549504280090332,0.02872180938720703,3138,0.020440101623535156
3541,AES,0.020634174346923828,0.019477367401123047,1730,0.02046513557434082
3541,No_Encryption,0.018177270889282227,0.01651930809020996,1378,0.0193173885345459
3542,PQC,0.02389049530029297,0.021961450576782227,3138,0.018450260162353516
3542,AES,0.02197265625,0.01830601692199707,1730,0.018593549728393555
3542,No_Encryption,0.017397165298461914,0.016484737396240234,1378,0.018392562866210938
3543,PQC,0.024193286895751953,0.021483898162841797,3138,0.0192258358001709
3543,AES,0.020553112030029297,0.018953323364257812,1730,0.018500566482543945
3543,No_Encryption,0.018453121185302734,0.016893863677978516,1378,0.01989912986755371
3544,PQC,0.024683475494384766,0.022083044052124023,3138,0.017052412033081055
3544,AES,0.019243240356445312,0.017731189727783203,1730,0.01934647560119629
3544,No_Encryption,0.025853872299194336,0.018764019012451172,1378,0.01975560188293457
3545,PQC,0.02524852752685547,0.020581960678100586,3138,0.017860889434814453
3545,AES,0.02353668212890625,0.018408775329589844,1730,0.01892256736755371
3545,No_Encryption,0.023241281509399414,0.016634225845336914,1378,0.018334627151489258
3546,PQC,0.02216339111328125,0.021448135375976562,3138,0.018035411834716797
3546,AES,0.0199587345123291,0.01688408851623535,1730,0.01880192756652832
3546,No_Encryption,0.01846599578857422,0.015755176544189453,1378,0.01974201202392578
3547,PQC,0.021468162536621094,0.02107381820678711,3138,0.017520666122436523
3547,AES,0.02265644073486328,0.019420862197875977,1730,0.016995906829833984
3547,No_Encryption,0.020977258682250977,0.015434503555297852,1378,0.01874375343322754
3548,PQC,0.02270340919494629,0.019999980926513672,3138,0.01729273796081543
3548,AES,0.019080162048339844,0.019034624099731445,1730,0.019147634506225586
3548,No_Encryption,0.019651412963867188,0.015463829040527344,1378,0.017503976821899414
3549,PQC,0.026715993881225586,0.019906997680664062,3138,0.01874232292175293
3549,AES,0.025079965591430664,0.019771099090576172,1730,0.017940521240234375
3549,No_Encryption,0.017573833465576172,0.017119646072387695,1378,0.01731085777282715
3550,PQC,0.022123336791992188,0.01982712745666504,3138,0.01814413070678711
3550,AES,0.018990516662597656,0.018264055252075195,1730,0.017406225204467773
3550,No_Encryption,0.018153667449951172,0.016407489776611328,1378,0.018355369567871094
3551,PQC,0.023180484771728516,0.01954174041748047,3138,0.017053604125976562
3551,AES,0.02504897117614746,0.018662214279174805,1730,0.02008819580078125
3551,No_Encryption,0.018056631088256836,0.01654815673828125,1378,0.01874995231628418
3552,PQC,0.02124500274658203,0.020285844802856445,3138,0.018819093704223633
3552,AES,0.019026994705200195,0.017370223999023438,1730,0.017204999923706055
3552,No_Encryption,0.01978778839111328,0.015720129013061523,1378,0.019582271575927734
3553,PQC,0.020956039428710938,0.020575761795043945,3138,0.017459869384765625
3553,AES,0.019588470458984375,0.019861459732055664,1730,0.016805171966552734
3553,No_Encryption,0.019058704376220703,0.016454219818115234,1378,0.01831817626953125
3554,PQC,0.021463871002197266,0.019994497299194336,3138,0.01714015007019043
3554,AES,0.018695831298828125,0.018678665161132812,1730,0.017122268676757812
3554,No_Encryption,0.021656036376953125,0.015791654586791992,1378,0.01742410659790039
3555,PQC,0.02181529998779297,0.020589590072631836,3138,0.017716169357299805
3555,AES,0.01961493492126465,0.01824665069580078,1730,0.018657445907592773
3555,No_Encryption,0.017943620681762695,0.01680755615234375,1378,0.018917083740234375
3556,PQC,0.021332263946533203,0.021266937255859375,3138,0.01657557487487793
3556,AES,0.01954174041748047,0.01779341697692871,1730,0.01738262176513672
3556,No_Encryption,0.01819467544555664,0.015671491622924805,1378,0.017352819442749023
3557,PQC,0.02204751968383789,0.020073652267456055,3138,0.017665624618530273
3557,AES,0.020208358764648438,0.017192363739013672,1730,0.018552780151367188
3557,No_Encryption,0.019478321075439453,0.016555309295654297,1378,0.018762588500976562
3558,PQC,0.021306276321411133,0.020442724227905273,3138,0.017834186553955078
3558,AES,0.02083754539489746,0.017132043838500977,1730,0.017635345458984375
3558,No_Encryption,0.022152185440063477,0.015807628631591797,1378,0.017040491104125977
3559,PQC,0.023113489151000977,0.019069433212280273,3138,0.01636481285095215
3559,AES,0.019921541213989258,0.017746448516845703,1730,0.018721342086791992
3559,No_Encryption,0.017892122268676758,0.016211748123168945,1378,0.01821732521057129
3560,PQC,0.021485567092895508,0.02039813995361328,3138,0.018657207489013672
3560,AES,0.020916461944580078,0.01678299903869629,1730,0.018137216567993164
3560,No_Encryption,0.018573522567749023,0.01718282699584961,1378,0.018793344497680664
3561,PQC,0.022178173065185547,0.02109217643737793,3138,0.017927885055541992
3561,AES,0.022010326385498047,0.018396854400634766,1730,0.01822209358215332
3561,No_Encryption,0.023331642150878906,0.0160980224609375,1378,0.018844127655029297
3562,PQC,0.021868228912353516,0.020578861236572266,3138,0.018444299697875977
3562,AES,0.020603418350219727,0.01732492446899414,1730,0.016660690307617188
3562,No_Encryption,0.0240170955657959,0.015341758728027344,1378,0.017320632934570312
3563,PQC,0.021708011627197266,0.021416425704956055,3138,0.01801156997680664
3563,AES,0.019437074661254883,0.01847529411315918,1730,0.018137693405151367
3563,No_Encryption,0.019558429718017578,0.015589714050292969,1378,0.01692676544189453
3564,PQC,0.021406888961791992,0.019232988357543945,3138,0.01858973503112793
3564,AES,0.026955127716064453,0.0207369327545166,1730,0.01876211166381836
3564,No_Encryption,0.018355369567871094,0.015886545181274414,1378,0.018102407455444336
3565,PQC,0.021623849868774414,0.021854639053344727,3138,0.017686128616333008
3565,AES,0.019159555435180664,0.01822209358215332,1730,0.017766952514648438
3565,No_Encryption,0.017207622528076172,0.017457962036132812,1378,0.019756793975830078
3566,PQC,0.02214789390563965,0.021019697189331055,3138,0.01858377456665039
3566,AES,0.021247148513793945,0.017802000045776367,1730,0.01844620704650879
3566,No_Encryption,0.01819896697998047,0.01682305335998535,1378,0.018146991729736328
3567,PQC,0.022350311279296875,0.023004531860351562,3138,0.01680469512939453
3567,AES,0.01853656768798828,0.017534971237182617,1730,0.017813444137573242
3567,No_Encryption,0.020026206970214844,0.01567220687866211,1378,0.019802331924438477
3568,PQC,0.0272519588470459,0.02385425567626953,3138,0.018161535263061523
3568,AES,0.019024372100830078,0.018476009368896484,1730,0.018199920654296875
3568,No_Encryption,0.01891493797302246,0.015424966812133789,1378,0.018559694290161133
3569,PQC,0.023342132568359375,0.02138972282409668,3138,0.017622947692871094
3569,AES,0.019676685333251953,0.017745256423950195,1730,0.017587900161743164
3569,No_Encryption,0.018156051635742188,0.016202926635742188,1378,0.01723933219909668
3570,PQC,0.021377086639404297,0.019316911697387695,3138,0.017979860305786133
3570,AES,0.02055978775024414,0.01802372932434082,1730,0.0172884464263916
3570,No_Encryption,0.017514944076538086,0.015972614288330078,1378,0.01740241050720215
3571,PQC,0.022231578826904297,0.021308183670043945,3138,0.017417430877685547
3571,AES,0.0184633731842041,0.017636775970458984,1730,0.018390178680419922
3571,No_Encryption,0.01727581024169922,0.015026569366455078,1378,0.01741814613342285
3572,PQC,0.022380828857421875,0.020536422729492188,3138,0.01808476448059082
3572,AES,0.019051313400268555,0.018189430236816406,1730,0.018047332763671875
3572,No_Encryption,0.01918649673461914,0.01852250099182129,1378,0.02239680290222168
3573,PQC,0.023076295852661133,0.022806882858276367,3138,0.020420074462890625
3573,AES,0.023015975952148438,0.02255558967590332,1730,0.023082971572875977
3573,No_Encryption,0.024434804916381836,0.022724151611328125,1378,0.024881362915039062
3574,PQC,0.032009124755859375,0.029054641723632812,3138,0.023478031158447266
3574,AES,0.024979829788208008,0.02383565902709961,1730,0.02448248863220215
3574,No_Encryption,0.02439117431640625,0.023639678955078125,1378,0.025860071182250977
3575,PQC,0.030902862548828125,0.029670000076293945,3138,0.023753881454467773
3575,AES,0.025271892547607422,0.025022029876708984,1730,0.02592158317565918
3575,No_Encryption,0.026852130889892578,0.02537703514099121,1378,0.028494596481323242
3576,PQC,0.03174281120300293,0.031580448150634766,3138,0.02631068229675293
3576,AES,0.028892993927001953,0.02669358253479004,1730,0.027377843856811523
3576,No_Encryption,0.024831771850585938,0.024755239486694336,1378,0.02773571014404297
3577,PQC,0.03429055213928223,0.03341078758239746,3138,0.02891063690185547
3577,AES,0.02744293212890625,0.026671171188354492,1730,0.029620885848999023
3577,No_Encryption,0.032134056091308594,0.02524256706237793,1378,0.027566194534301758
3578,PQC,0.03140997886657715,0.032096147537231445,3138,0.02506566047668457
3578,AES,0.03158688545227051,0.028919696807861328,1730,0.026760339736938477
3578,No_Encryption,0.031421661376953125,0.02405261993408203,1378,0.027092695236206055
3579,PQC,0.03221583366394043,0.03139543533325195,3138,0.026949167251586914
3579,AES,0.027762413024902344,0.02805495262145996,1730,0.02819967269897461
3579,No_Encryption,0.027212142944335938,0.02592921257019043,1378,0.02800726890563965
3580,PQC,0.03243565559387207,0.03158402442932129,3138,0.02940058708190918
3580,AES,0.027757644653320312,0.027240514755249023,1730,0.026653051376342773
3580,No_Encryption,0.025402307510375977,0.024166584014892578,1378,0.02837085723876953
3581,PQC,0.03507423400878906,0.03443646430969238,3138,0.029085636138916016
3581,AES,0.03392362594604492,0.0297091007232666,1730,0.026997804641723633
3581,No_Encryption,0.02605462074279785,0.028048276901245117,1378,0.028171300888061523
3582,PQC,0.03372550010681152,0.03596043586730957,3138,0.03518557548522949
3582,AES,0.031664133071899414,0.0308225154876709,1730,0.030059337615966797
3582,No_Encryption,0.03279924392700195,0.027516841888427734,1378,0.029529094696044922
3583,PQC,0.03697633743286133,0.035074710845947266,3138,0.028540372848510742
3583,AES,0.03434634208679199,0.02951216697692871,1730,0.028656005859375
3583,No_Encryption,0.028074026107788086,0.023904800415039062,1378,0.02907705307006836
3584,PQC,0.0444035530090332,0.03322291374206543,3138,0.029755592346191406
3584,AES,0.030025243759155273,0.025780439376831055,1730,0.02801060676574707
3584,No_Encryption,0.028499841690063477,0.023430347442626953,1378,0.028748750686645508
3585,PQC,0.03509378433227539,0.03236269950866699,3138,0.031461238861083984
3585,AES,0.02729344367980957,0.025203466415405273,1730,0.026978731155395508
3585,No_Encryption,0.02539539337158203,0.02482295036315918,1378,0.027924060821533203
3586,PQC,0.03562498092651367,0.033200979232788086,3138,0.026255130767822266
3586,AES,0.039630889892578125,0.02758622169494629,1730,0.022919416427612305
3586,No_Encryption,0.024438142776489258,0.0200808048248291,1378,0.02142477035522461
3587,PQC,0.026637554168701172,0.024193525314331055,3138,0.021167278289794922
3587,AES,0.0211029052734375,0.01831793785095215,1730,0.018688440322875977
3587,No_Encryption,0.017682790756225586,0.016953468322753906,1378,0.01788806915283203
3588,PQC,0.03219032287597656,0.021420955657958984,3138,0.019837141036987305
3588,AES,0.018880367279052734,0.018499135971069336,1730,0.018080711364746094
3588,No_Encryption,0.019132137298583984,0.017376422882080078,1378,0.017576932907104492
3589,PQC,0.027155637741088867,0.020163536071777344,3138,0.019903898239135742
3589,AES,0.018518686294555664,0.01916193962097168,1730,0.018512487411499023
3589,No_Encryption,0.019022703170776367,0.016539335250854492,1378,0.020058393478393555
3590,PQC,0.02118539810180664,0.02009105682373047,3138,0.018825769424438477
3590,AES,0.020748138427734375,0.017313003540039062,1730,0.017586469650268555
3590,No_Encryption,0.02060866355895996,0.01679825782775879,1378,0.018902301788330078
3591,PQC,0.02279353141784668,0.02046060562133789,3138,0.017815113067626953
3591,AES,0.020802021026611328,0.01810145378112793,1730,0.01787257194519043
3591,No_Encryption,0.018914222717285156,0.01626443862915039,1378,0.01788616180419922
3592,PQC,0.02480626106262207,0.020496368408203125,3138,0.017833948135375977
3592,AES,0.021915674209594727,0.017918109893798828,1730,0.017823457717895508
3592,No_Encryption,0.0196683406829834,0.016029834747314453,1378,0.019849300384521484
3593,PQC,0.021314144134521484,0.020743370056152344,3138,0.018715858459472656
3593,AES,0.019720792770385742,0.01821613311767578,1730,0.016723155975341797
3593,No_Encryption,0.020265817642211914,0.016712188720703125,1378,0.020534992218017578
3594,PQC,0.021435976028442383,0.019141674041748047,3138,0.019342422485351562
3594,AES,0.019826650619506836,0.017976999282836914,1730,0.017071247100830078
3594,No_Encryption,0.018036842346191406,0.01599717140197754,1378,0.018380403518676758
3595,PQC,0.02285170555114746,0.020572185516357422,3138,0.01816105842590332
3595,AES,0.018788814544677734,0.017454147338867188,1730,0.019572019577026367
3595,No_Encryption,0.017666101455688477,0.017236948013305664,1378,0.018744468688964844
3596,PQC,0.024569272994995117,0.020426273345947266,3138,0.017578840255737305
3596,AES,0.020936012268066406,0.018130779266357422,1730,0.018616437911987305
3596,No_Encryption,0.018471479415893555,0.016404151916503906,1378,0.01799297332763672
3597,PQC,0.020503759384155273,0.020478248596191406,3138,0.01700282096862793
3597,AES,0.020960330963134766,0.017560958862304688,1730,0.019284725189208984
3597,No_Encryption,0.018494129180908203,0.015790224075317383,1378,0.019350051879882812
3598,PQC,0.021209239959716797,0.021033763885498047,3138,0.01695537567138672
3598,AES,0.019974708557128906,0.01851034164428711,1730,0.017851591110229492
3598,No_Encryption,0.020076990127563477,0.015562295913696289,1378,0.018455028533935547
3599,PQC,0.02123856544494629,0.02015066146850586,3138,0.018832921981811523
3599,AES,0.02157282829284668,0.017687559127807617,1730,0.017771005630493164
3599,No_Encryption,0.01794147491455078,0.016050100326538086,1378,0.018575429916381836
3600,PQC,0.02199530601501465,0.01918816566467285,3138,0.0173490047454834
3600,AES,0.022073745727539062,0.01696634292602539,1730,0.017480850219726562
3600,No_Encryption,0.01964092254638672,0.016417741775512695,1378,0.018435001373291016
3601,PQC,0.021910905838012695,0.02122974395751953,3138,0.022856950759887695
3601,AES,0.02890491485595703,0.023279666900634766,1730,0.01900649070739746
3601,No_Encryption,0.018859148025512695,0.017098426818847656,1378,0.018484115600585938
3602,PQC,0.022984743118286133,0.020047426223754883,3138,0.01757216453552246
3602,AES,0.018759965896606445,0.01836228370666504,1730,0.018233299255371094
3602,No_Encryption,0.017716407775878906,0.016749143600463867,1378,0.018105745315551758
3603,PQC,0.025081634521484375,0.01924753189086914,3138,0.01812887191772461
3603,AES,0.018401145935058594,0.018047571182250977,1730,0.019518375396728516
3603,No_Encryption,0.01917552947998047,0.01620197296142578,1378,0.019045352935791016
3604,PQC,0.021155118942260742,0.02046489715576172,3138,0.017688512802124023
3604,AES,0.020163297653198242,0.017356157302856445,1730,0.017632246017456055
3604,No_Encryption,0.018532991409301758,0.015722990036010742,1378,0.020014286041259766
3605,PQC,0.0226438045501709,0.0210268497467041,3138,0.018929719924926758
3605,AES,0.01939845085144043,0.0177304744720459,1730,0.018062114715576172
3605,No_Encryption,0.02160501480102539,0.01587224006652832,1378,0.01964116096496582
3606,PQC,0.022333860397338867,0.020565032958984375,3138,0.01777815818786621
3606,AES,0.020853519439697266,0.018182039260864258,1730,0.01802802085876465
3606,No_Encryption,0.022165775299072266,0.01575779914855957,1378,0.019734621047973633
3607,PQC,0.022369861602783203,0.01973748207092285,3138,0.01790142059326172
3607,AES,0.021505355834960938,0.01849961280822754,1730,0.01811051368713379
3607,No_Encryption,0.025105714797973633,0.016091585159301758,1378,0.018652915954589844
3608,PQC,0.021111488342285156,0.02006983757019043,3138,0.017838239669799805
3608,AES,0.019090890884399414,0.01889491081237793,1730,0.017663240432739258
3608,No_Encryption,0.0178377628326416,0.016011476516723633,1378,0.017737150192260742
3609,PQC,0.027355194091796875,0.019392013549804688,3138,0.017503738403320312
3609,AES,0.019265174865722656,0.017571687698364258,1730,0.018263816833496094
3609,No_Encryption,0.017016172409057617,0.015239238739013672,1378,0.01904749870300293
3610,PQC,0.021544694900512695,0.020174741744995117,3138,0.016314268112182617
3610,AES,0.023780107498168945,0.018370389938354492,1730,0.017377614974975586
3610,No_Encryption,0.017688751220703125,0.015727996826171875,1378,0.0188443660736084
3611,PQC,0.021361589431762695,0.019665956497192383,3138,0.016870737075805664
3611,AES,0.020299673080444336,0.018594741821289062,1730,0.01675271987915039
3611,No_Encryption,0.019783735275268555,0.015805959701538086,1378,0.0178830623626709
3612,PQC,0.025075435638427734,0.019589662551879883,3138,0.017446041107177734
3612,AES,0.018177270889282227,0.018753767013549805,1730,0.017136096954345703
3612,No_Encryption,0.018764495849609375,0.016028642654418945,1378,0.018991708755493164
3613,PQC,0.024150371551513672,0.023113012313842773,3138,0.02041339874267578
3613,AES,0.020612478256225586,0.020164966583251953,1730,0.021543025970458984
3613,No_Encryption,0.019803524017333984,0.019149303436279297,1378,0.022196054458618164
3614,PQC,0.02689194679260254,0.026396751403808594,3138,0.023134708404541016
3614,AES,0.025368690490722656,0.024033069610595703,1730,0.02460312843322754
3614,No_Encryption,0.022194862365722656,0.021425962448120117,1378,0.024962186813354492
3615,PQC,0.030181407928466797,0.02916121482849121,3138,0.0234224796295166
3615,AES,0.027727603912353516,0.02640509605407715,1730,0.028139352798461914
3615,No_Encryption,0.03110980987548828,0.022936582565307617,1378,0.03159451484680176
3616,PQC,0.03717851638793945,0.031517744064331055,3138,0.026117324829101562
3616,AES,0.029048919677734375,0.026584386825561523,1730,0.026613473892211914
3616,No_Encryption,0.029409408569335938,0.025272846221923828,1378,0.02905106544494629
3617,PQC,0.03704476356506348,0.03271770477294922,3138,0.03041219711303711
3617,AES,0.02851724624633789,0.0281527042388916,1730,0.026938676834106445
3617,No_Encryption,0.027734756469726562,0.024245500564575195,1378,0.028981685638427734
3618,PQC,0.03256034851074219,0.03148841857910156,3138,0.02570939064025879
3618,AES,0.03202104568481445,0.02717113494873047,1730,0.028384923934936523
3618,No_Encryption,0.029216289520263672,0.02336287498474121,1378,0.02700662612915039
3619,PQC,0.03329920768737793,0.032053470611572266,3138,0.027092695236206055
3619,AES,0.027672529220581055,0.026128053665161133,1730,0.026151180267333984
3619,No_Encryption,0.029041767120361328,0.02552962303161621,1378,0.029805898666381836
3620,PQC,0.031301021575927734,0.029595136642456055,3138,0.024782657623291016
3620,AES,0.02419424057006836,0.023578882217407227,1730,0.02176952362060547
3620,No_Encryption,0.02324843406677246,0.01749110221862793,1378,0.0271759033203125
3621,PQC,0.027273178100585938,0.025189876556396484,3138,0.019547224044799805
3621,AES,0.021624326705932617,0.02016925811767578,1730,0.019758224487304688
3621,No_Encryption,0.02035665512084961,0.017876148223876953,1378,0.020582914352416992
3622,PQC,0.023070812225341797,0.02081155776977539,3138,0.018941164016723633
3622,AES,0.020148277282714844,0.019812345504760742,1730,0.020125627517700195
3622,No_Encryption,0.020138025283813477,0.016399383544921875,1378,0.017972946166992188
3623,PQC,0.022379398345947266,0.02011394500732422,3138,0.018350839614868164
3623,AES,0.023871183395385742,0.017777204513549805,1730,0.018717288970947266
3623,No_Encryption,0.01975870132446289,0.01672220230102539,1378,0.017734050750732422
3624,PQC,0.020493030548095703,0.021309375762939453,3138,0.018018007278442383
3624,AES,0.01955270767211914,0.017611026763916016,1730,0.01969289779663086
3624,No_Encryption,0.018094301223754883,0.01676321029663086,1378,0.020881175994873047
3625,PQC,0.028218984603881836,0.022912979125976562,3138,0.019051313400268555
3625,AES,0.023215055465698242,0.023074626922607422,1730,0.024974346160888672
3625,No_Encryption,0.028250455856323242,0.02141118049621582,1378,0.026546239852905273
3626,PQC,0.030201196670532227,0.026201725006103516,3138,0.0244600772857666
3626,AES,0.025592327117919922,0.024542570114135742,1730,0.02641773223876953
3626,No_Encryption,0.02475595474243164,0.02203536033630371,1378,0.02509760856628418
3627,PQC,0.03557467460632324,0.03155922889709473,3138,0.02489447593688965
3627,AES,0.028414487838745117,0.027653217315673828,1730,0.026474714279174805
3627,No_Encryption,0.026621341705322266,0.023607492446899414,1378,0.025887250900268555
3628,PQC,0.031816720962524414,0.029476404190063477,3138,0.02707076072692871
3628,AES,0.026621103286743164,0.027089357376098633,1730,0.028966188430786133
3628,No_Encryption,0.026215314865112305,0.025052785873413086,1378,0.027904033660888672
3629,PQC,0.03130197525024414,0.03154730796813965,3138,0.027830123901367188
3629,AES,0.02845144271850586,0.029498577117919922,1730,0.03001570701599121
3629,No_Encryption,0.028144359588623047,0.026384353637695312,1378,0.028241872787475586
3630,PQC,0.04228496551513672,0.035329580307006836,3138,0.02639293670654297
3630,AES,0.02945399284362793,0.02782273292541504,1730,0.0263216495513916
3630,No_Encryption,0.031124353408813477,0.025704145431518555,1378,0.028342723846435547
3631,PQC,0.03414416313171387,0.030432701110839844,3138,0.026828527450561523
3631,AES,0.028362751007080078,0.027376413345336914,1730,0.028222084045410156
3631,No_Encryption,0.028712987899780273,0.02495861053466797,1378,0.028658390045166016
3632,PQC,0.03799629211425781,0.03245186805725098,3138,0.02744436264038086
3632,AES,0.024890422821044922,0.023753881454467773,1730,0.02245354652404785
3632,No_Encryption,0.02246260643005371,0.019468069076538086,1378,0.02011394500732422
3633,PQC,0.02186727523803711,0.022249221801757812,3138,0.0187375545501709
3633,AES,0.02077460289001465,0.017992258071899414,1730,0.017971038818359375
3633,No_Encryption,0.017313480377197266,0.01685333251953125,1378,0.01999688148498535
3634,PQC,0.02137279510498047,0.020540237426757812,3138,0.018552780151367188
3634,AES,0.018826007843017578,0.01829218864440918,1730,0.01776885986328125
3634,No_Encryption,0.019605636596679688,0.01659703254699707,1378,0.018354415893554688
3635,PQC,0.022744178771972656,0.019021987915039062,3138,0.018465518951416016
3635,AES,0.019051074981689453,0.018160343170166016,1730,0.01819324493408203
3635,No_Encryption,0.01740241050720215,0.01654791831970215,1378,0.017737865447998047
3636,PQC,0.022898197174072266,0.020660400390625,3138,0.018634319305419922
3636,AES,0.0203249454498291,0.018126726150512695,1730,0.018537044525146484
3636,No_Encryption,0.01762843132019043,0.016541719436645508,1378,0.019350767135620117
3637,PQC,0.023054122924804688,0.01995706558227539,3138,0.018501996994018555
3637,AES,0.019689083099365234,0.017528533935546875,1730,0.01791667938232422
3637,No_Encryption,0.01895594596862793,0.015497446060180664,1378,0.01841568946838379
3638,PQC,0.022689342498779297,0.01923847198486328,3138,0.017711400985717773
3638,AES,0.02522563934326172,0.01679706573486328,1730,0.019649028778076172
3638,No_Encryption,0.01648569107055664,0.016205310821533203,1378,0.019975662231445312
3639,PQC,0.020257234573364258,0.020654678344726562,3138,0.016868114471435547
3639,AES,0.018247365951538086,0.017817974090576172,1730,0.017934083938598633
3639,No_Encryption,0.019520044326782227,0.017145872116088867,1378,0.025641679763793945
3640,PQC,0.020959854125976562,0.019254446029663086,3138,0.017149686813354492
3640,AES,0.017947912216186523,0.017386913299560547,1730,0.017477035522460938
3640,No_Encryption,0.018190383911132812,0.016417741775512695,1378,0.017198562622070312
3641,PQC,0.023180723190307617,0.020576953887939453,3138,0.018564224243164062
3641,AES,0.018858909606933594,0.01732635498046875,1730,0.017796754837036133
3641,No_Encryption,0.020334959030151367,0.016663789749145508,1378,0.017877817153930664
3642,PQC,0.022113561630249023,0.019998550415039062,3138,0.017058610916137695
3642,AES,0.01992034912109375,0.01812911033630371,1730,0.019556045532226562
3642,No_Encryption,0.021072864532470703,0.016158342361450195,1378,0.020442962646484375
3643,PQC,0.022619962692260742,0.02160024642944336,3138,0.018966197967529297
3643,AES,0.0210418701171875,0.019928455352783203,1730,0.020452260971069336
3643,No_Encryption,0.021221637725830078,0.020394086837768555,1378,0.026756763458251953
3644,PQC,0.03189444541931152,0.030374526977539062,3138,0.023911714553833008
3644,AES,0.029673099517822266,0.026694297790527344,1730,0.025467872619628906
3644,No_Encryption,0.035823822021484375,0.02550792694091797,1378,0.029219627380371094
3645,PQC,0.03330516815185547,0.033383846282958984,3138,0.03025054931640625
3645,AES,0.03558230400085449,0.03141069412231445,1730,0.02950263023376465
3645,No_Encryption,0.03023982048034668,0.027621984481811523,1378,0.03358864784240723
3646,PQC,0.041900634765625,0.03805112838745117,3138,0.03141164779663086
3646,AES,0.031238079071044922,0.02756667137145996,1730,0.030241012573242188
3646,No_Encryption,0.026073217391967773,0.02077507972717285,1378,0.024537324905395508
3647,PQC,0.02636575698852539,0.024093151092529297,3138,0.02350449562072754
3647,AES,0.025546789169311523,0.02347397804260254,1730,0.02053070068359375
3647,No_Encryption,0.01813817024230957,0.018431901931762695,1378,0.01975560188293457
3648,PQC,0.025504589080810547,0.02309441566467285,3138,0.019860267639160156
3648,AES,0.021788597106933594,0.01978135108947754,1730,0.01926398277282715
3648,No_Encryption,0.021117448806762695,0.017255306243896484,1378,0.020513534545898438
3649,PQC,0.02588033676147461,0.022433042526245117,3138,0.019763469696044922
3649,AES,0.020086288452148438,0.019293546676635742,1730,0.01819157600402832
3649,No_Encryption,0.019103288650512695,0.018362998962402344,1378,0.019546985626220703
3650,PQC,0.023695707321166992,0.020600557327270508,3138,0.018039703369140625
3650,AES,0.023206472396850586,0.018563032150268555,1730,0.022268056869506836
3650,No_Encryption,0.021305084228515625,0.016493558883666992,1378,0.018706560134887695
3651,PQC,0.030907392501831055,0.0246429443359375,3138,0.019019365310668945
3651,AES,0.021844148635864258,0.018136024475097656,1730,0.01938462257385254
3651,No_Encryption,0.020689725875854492,0.01582956314086914,1378,0.01780843734741211
3652,PQC,0.021415233612060547,0.02118062973022461,3138,0.020079374313354492
3652,AES,0.01858377456665039,0.018613100051879883,1730,0.020046234130859375
3652,No_Encryption,0.021423816680908203,0.017051219940185547,1378,0.01779913902282715
3653,PQC,0.0211026668548584,0.019954204559326172,3138,0.018220186233520508
3653,AES,0.020804882049560547,0.01896381378173828,1730,0.017451763153076172
3653,No_Encryption,0.019048690795898438,0.017761945724487305,1378,0.0175626277923584
3654,PQC,0.02288651466369629,0.02077460289001465,3138,0.01850152015686035
3654,AES,0.02016472816467285,0.01715230941772461,1730,0.019286632537841797
3654,No_Encryption,0.021599531173706055,0.015961647033691406,1378,0.017000675201416016
3655,PQC,0.022735118865966797,0.0221254825592041,3138,0.020637989044189453
3655,AES,0.019825458526611328,0.017145156860351562,1730,0.017406940460205078
3655,No_Encryption,0.021373748779296875,0.016887664794921875,1378,0.017951488494873047
3656,PQC,0.02373480796813965,0.020281553268432617,3138,0.01807570457458496
3656,AES,0.024005889892578125,0.019118785858154297,1730,0.019289255142211914
3656,No_Encryption,0.023091554641723633,0.01905345916748047,1378,0.021627187728881836
3657,PQC,0.025139331817626953,0.024375438690185547,3138,0.02215409278869629
3657,AES,0.02311992645263672,0.02338552474975586,1730,0.023648500442504883
3657,No_Encryption,0.02728581428527832,0.023966312408447266,1378,0.0292510986328125
3658,PQC,0.027902841567993164,0.028986215591430664,3138,0.026473522186279297
3658,AES,0.025361299514770508,0.0264589786529541,1730,0.03622794151306152
3658,No_Encryption,0.028969287872314453,0.027352333068847656,1378,0.032537221908569336
3659,PQC,0.03715372085571289,0.0341646671295166,3138,0.029113292694091797
3659,AES,0.028975248336791992,0.02895498275756836,1730,0.03012681007385254
3659,No_Encryption,0.03625178337097168,0.025813817977905273,1378,0.03214144706726074
3660,PQC,0.03964948654174805,0.03710341453552246,3138,0.030233144760131836
3660,AES,0.03262972831726074,0.029100418090820312,1730,0.03102564811706543
3660,No_Encryption,0.03676486015319824,0.027186155319213867,1378,0.03160548210144043
3661,PQC,0.03889942169189453,0.0317692756652832,3138,0.030215024948120117
3661,AES,0.03661370277404785,0.037848711013793945,1730,0.03136920928955078
3661,No_Encryption,0.035028934478759766,0.027734994888305664,1378,0.030853986740112305
3662,PQC,0.03564739227294922,0.03447437286376953,3138,0.028302669525146484
3662,AES,0.035417795181274414,0.029487133026123047,1730,0.03308820724487305
3662,No_Encryption,0.028946638107299805,0.02821207046508789,1378,0.03503012657165527
3663,PQC,0.03328418731689453,0.03181958198547363,3138,0.026787757873535156
3663,AES,0.023248910903930664,0.02156543731689453,1730,0.020040512084960938
3663,No_Encryption,0.02040243148803711,0.01945328712463379,1378,0.022301673889160156
3664,PQC,0.024034500122070312,0.021749258041381836,3138,0.019057273864746094
3664,AES,0.020197629928588867,0.01956963539123535,1730,0.01802682876586914
3664,No_Encryption,0.020638227462768555,0.01816105842590332,1378,0.02022528648376465
3665,PQC,0.022111892700195312,0.021344900131225586,3138,0.019726037979125977
3665,AES,0.0213470458984375,0.0186002254486084,1730,0.01796102523803711
3665,No_Encryption,0.02254462242126465,0.01636672019958496,1378,0.019731998443603516
3666,PQC,0.022696256637573242,0.01960897445678711,3138,0.018306255340576172
3666,AES,0.020055294036865234,0.0179140567779541,1730,0.01952672004699707
3666,No_Encryption,0.018517017364501953,0.015881776809692383,1378,0.018350601196289062
3667,PQC,0.022948503494262695,0.021195411682128906,3138,0.018386125564575195
3667,AES,0.019823074340820312,0.0184786319732666,1730,0.019575119018554688
3667,No_Encryption,0.019804000854492188,0.016356229782104492,1378,0.020169973373413086
3668,PQC,0.021539926528930664,0.021091699600219727,3138,0.018921852111816406
3668,AES,0.021685361862182617,0.020774364471435547,1730,0.020348787307739258
3668,No_Encryption,0.02414870262145996,0.019344329833984375,1378,0.023734331130981445
3669,PQC,0.03976893424987793,0.029844045639038086,3138,0.02483654022216797
3669,AES,0.026811838150024414,0.025304317474365234,1730,0.023251056671142578
3669,No_Encryption,0.030191898345947266,0.02335524559020996,1378,0.026996612548828125
3670,PQC,0.03337359428405762,0.03320741653442383,3138,0.0283205509185791
3670,AES,0.03418159484863281,0.031133651733398438,1730,0.02869272232055664
3670,No_Encryption,0.030840158462524414,0.026942729949951172,1378,0.030334949493408203
3671,PQC,0.03953981399536133,0.0365753173828125,3138,0.029223918914794922
3671,AES,0.031042098999023438,0.0337827205657959,1730,0.030429601669311523
3671,No_Encryption,0.030855655670166016,0.027327537536621094,1378,0.034448862075805664
3672,PQC,0.03444790840148926,0.035250186920166016,3138,0.030298233032226562
3672,AES,0.03243827819824219,0.02962660789489746,1730,0.027523279190063477
3672,No_Encryption,0.0272829532623291,0.027492523193359375,1378,0.02854323387145996
3673,PQC,0.032990455627441406,0.03218579292297363,3138,0.027063369750976562
3673,AES,0.03269624710083008,0.02980184555053711,1730,0.030367136001586914
3673,No_Encryption,0.028501033782958984,0.02679443359375,1378,0.029937744140625
3674,PQC,0.033348798751831055,0.03493213653564453,3138,0.029294252395629883
3674,AES,0.03317856788635254,0.030686378479003906,1730,0.0320584774017334
3674,No_Encryption,0.03551483154296875,0.026755571365356445,1378,0.030520200729370117
3675,PQC,0.02942943572998047,0.026262998580932617,3138,0.02350783348083496
3675,AES,0.029733657836914062,0.02185845375061035,1730,0.019704103469848633
3675,No_Encryption,0.02187061309814453,0.018962621688842773,1378,0.019594669342041016
3676,PQC,0.03775978088378906,0.03254246711730957,3138,0.023625850677490234
3676,AES,0.022356510162353516,0.02115797996520996,1730,0.019900798797607422
3676,No_Encryption,0.022266387939453125,0.0168154239654541,1378,0.01925063133239746
3677,PQC,0.02240300178527832,0.02100229263305664,3138,0.0189359188079834
3677,AES,0.01902008056640625,0.02086019515991211,1730,0.018757343292236328
3677,No_Encryption,0.021361827850341797,0.017553329467773438,1378,0.020090579986572266
3678,PQC,0.021552324295043945,0.020038366317749023,3138,0.018048763275146484
3678,AES,0.02048325538635254,0.020552396774291992,1730,0.01911449432373047
3678,No_Encryption,0.017698287963867188,0.015872716903686523,1378,0.0182037353515625
3679,PQC,0.02350759506225586,0.02123403549194336,3138,0.018518447875976562
3679,AES,0.018553972244262695,0.018574953079223633,1730,0.018183231353759766
3679,No_Encryption,0.022463083267211914,0.01719045639038086,1378,0.019320011138916016
3680,PQC,0.029449939727783203,0.02048182487487793,3138,0.018265962600708008
3680,AES,0.020607948303222656,0.018116474151611328,1730,0.019083738327026367
3680,No_Encryption,0.020657777786254883,0.016111135482788086,1378,0.01814126968383789
3681,PQC,0.021636247634887695,0.021450519561767578,3138,0.020209550857543945
3681,AES,0.019763946533203125,0.0197293758392334,1730,0.01950550079345703
3681,No_Encryption,0.019068479537963867,0.01692676544189453,1378,0.01934814453125
3682,PQC,0.022705793380737305,0.020870447158813477,3138,0.01789236068725586
3682,AES,0.023340225219726562,0.020497560501098633,1730,0.02086043357849121
3682,No_Encryption,0.01888751983642578,0.016961336135864258,1378,0.01804804801940918
3683,PQC,0.02288651466369629,0.023100852966308594,3138,0.018732786178588867
3683,AES,0.02386164665222168,0.02105236053466797,1730,0.019038677215576172
3683,No_Encryption,0.018803119659423828,0.017216205596923828,1378,0.019148826599121094
3684,PQC,0.02327728271484375,0.021329879760742188,3138,0.019467592239379883
3684,AES,0.021071672439575195,0.019571781158447266,1730,0.018229007720947266
3684,No_Encryption,0.019652128219604492,0.01714301109313965,1378,0.018678903579711914
3685,PQC,0.024302005767822266,0.022158145904541016,3138,0.0180966854095459
3685,AES,0.022371292114257812,0.020272016525268555,1730,0.020145416259765625
3685,No_Encryption,0.021551847457885742,0.016678333282470703,1378,0.018580198287963867
3686,PQC,0.02282404899597168,0.02070331573486328,3138,0.017238140106201172
3686,AES,0.020612716674804688,0.018387317657470703,1730,0.016768693923950195
3686,No_Encryption,0.01865220069885254,0.01673603057861328,1378,0.018391132354736328
3687,PQC,0.023070573806762695,0.021166563034057617,3138,0.01823878288269043
3687,AES,0.023175954818725586,0.018709421157836914,1730,0.02034783363342285
3687,No_Encryption,0.0178072452545166,0.015916824340820312,1378,0.01903820037841797
3688,PQC,0.02380681037902832,0.021241426467895508,3138,0.017411231994628906
3688,AES,0.02518773078918457,0.018756866455078125,1730,0.018643856048583984
3688,No_Encryption,0.0174558162689209,0.017588376998901367,1378,0.01756119728088379
3689,PQC,0.022359848022460938,0.021659135818481445,3138,0.019517183303833008
3689,AES,0.02170252799987793,0.01876688003540039,1730,0.0184328556060791
3689,No_Encryption,0.01939702033996582,0.018799781799316406,1378,0.019570589065551758
3690,PQC,0.02430438995361328,0.022619009017944336,3138,0.022357702255249023
3690,AES,0.031365394592285156,0.025609254837036133,1730,0.022263526916503906
3690,No_Encryption,0.02322530746459961,0.023883581161499023,1378,0.024123191833496094
3691,PQC,0.029320240020751953,0.028310775756835938,3138,0.028526782989501953
3691,AES,0.02695465087890625,0.026360511779785156,1730,0.029709339141845703
3691,No_Encryption,0.027148008346557617,0.025171279907226562,1378,0.03052496910095215
3692,PQC,0.0402979850769043,0.032506465911865234,3138,0.027126550674438477
3692,AES,0.030353307723999023,0.02902388572692871,1730,0.02807164192199707
3692,No_Encryption,0.03018808364868164,0.02416515350341797,1378,0.030352354049682617
3693,PQC,0.037583112716674805,0.03205132484436035,3138,0.028804540634155273
3693,AES,0.0363922119140625,0.031719207763671875,1730,0.028737545013427734
3693,No_Encryption,0.029219388961791992,0.026917457580566406,1378,0.03262209892272949
3694,PQC,0.0383000373840332,0.03506875038146973,3138,0.034262895584106445
3694,AES,0.03559732437133789,0.030585289001464844,1730,0.035924434661865234
3694,No_Encryption,0.04335474967956543,0.032385826110839844,1378,0.037952423095703125
3695,PQC,0.039426565170288086,0.03687024116516113,3138,0.03272366523742676
3695,AES,0.03545236587524414,0.03320026397705078,1730,0.03407168388366699
3695,No_Encryption,0.030921459197998047,0.028182506561279297,1378,0.03326702117919922
3696,PQC,0.04198336601257324,0.04027748107910156,3138,0.03260922431945801
3696,AES,0.035186767578125,0.02761983871459961,1730,0.025448083877563477
3696,No_Encryption,0.02340388298034668,0.021885156631469727,1378,0.025456905364990234
3697,PQC,0.02634429931640625,0.025165557861328125,3138,0.020936012268066406
3697,AES,0.023488521575927734,0.018643856048583984,1730,0.02032637596130371
3697,No_Encryption,0.02016901969909668,0.018394947052001953,1378,0.0186309814453125
3698,PQC,0.02213144302368164,0.020064830780029297,3138,0.018217802047729492
3698,AES,0.022340059280395508,0.019754886627197266,1730,0.02021503448486328
3698,No_Encryption,0.020493030548095703,0.01656484603881836,1378,0.017911672592163086
3699,PQC,0.02247309684753418,0.021652936935424805,3138,0.019429922103881836
3699,AES,0.019916772842407227,0.01978015899658203,1730,0.018996238708496094
3699,No_Encryption,0.018041610717773438,0.016324281692504883,1378,0.018708229064941406
3700,PQC,0.02301645278930664,0.022036314010620117,3138,0.018712759017944336
3700,AES,0.019304990768432617,0.01886153221130371,1730,0.018019914627075195
3700,No_Encryption,0.01723790168762207,0.01640176773071289,1378,0.01848912239074707
3701,PQC,0.023975610733032227,0.02057957649230957,3138,0.018969297409057617
3701,AES,0.021137475967407227,0.018390655517578125,1730,0.020221948623657227
3701,No_Encryption,0.021444082260131836,0.01711583137512207,1378,0.019884109497070312
3702,PQC,0.023389577865600586,0.02451634407043457,3138,0.01827216148376465
3702,AES,0.023303985595703125,0.017961740493774414,1730,0.019636154174804688
3702,No_Encryption,0.019771575927734375,0.016268253326416016,1378,0.01857447624206543
3703,PQC,0.021510601043701172,0.020734548568725586,3138,0.01764845848083496
3703,AES,0.02506256103515625,0.019133329391479492,1730,0.01762223243713379
3703,No_Encryption,0.026157379150390625,0.017469167709350586,1378,0.02126145362854004
3704,PQC,0.02484273910522461,0.01994633674621582,3138,0.017843961715698242
3704,AES,0.0226132869720459,0.019263267517089844,1730,0.01810741424560547
3704,No_Encryption,0.021594524383544922,0.016084909439086914,1378,0.019518613815307617
3705,PQC,0.025883913040161133,0.02009105682373047,3138,0.01796412467956543
3705,AES,0.025693893432617188,0.018261432647705078,1730,0.0177762508392334
3705,No_Encryption,0.017315387725830078,0.017335176467895508,1378,0.0194091796875
3706,PQC,0.022559404373168945,0.020206689834594727,3138,0.019451618194580078
3706,AES,0.02305889129638672,0.018759965896606445,1730,0.019698619842529297
3706,No_Encryption,0.023594379425048828,0.020165681838989258,1378,0.022800683975219727
3707,PQC,0.03058934211730957,0.026687145233154297,3138,0.022712230682373047
3707,AES,0.02306365966796875,0.025747299194335938,1730,0.02447342872619629
3707,No_Encryption,0.023658037185668945,0.02324819564819336,1378,0.024997234344482422
3708,PQC,0.0322728157043457,0.029942989349365234,3138,0.029770851135253906
3708,AES,0.03989458084106445,0.030489206314086914,1730,0.02743077278137207
3708,No_Encryption,0.029514312744140625,0.027300357818603516,1378,0.02909088134765625
3709,PQC,0.03887295722961426,0.034909725189208984,3138,0.028203487396240234
3709,AES,0.033553123474121094,0.029957294464111328,1730,0.0349888801574707
3709,No_Encryption,0.033022165298461914,0.02883172035217285,1378,0.03038620948791504
3710,PQC,0.03660392761230469,0.03486347198486328,3138,0.030413389205932617
3710,AES,0.028908729553222656,0.030840396881103516,1730,0.03129172325134277
3710,No_Encryption,0.03128838539123535,0.027706146240234375,1378,0.03451347351074219
3711,PQC,0.037583351135253906,0.03648114204406738,3138,0.03197765350341797
3711,AES,0.03393244743347168,0.032468318939208984,1730,0.029189586639404297
3711,No_Encryption,0.0399782657623291,0.028786897659301758,1378,0.03183269500732422
3712,PQC,0.03964638710021973,0.03905439376831055,3138,0.03702402114868164
3712,AES,0.037905216217041016,0.03883624076843262,1730,0.03510093688964844
3712,No_Encryption,0.03661036491394043,0.02786731719970703,1378,0.03274416923522949
3713,PQC,0.03486943244934082,0.027279138565063477,3138,0.023637771606445312
3713,AES,0.024773120880126953,0.022901296615600586,1730,0.020878314971923828
3713,No_Encryption,0.028342485427856445,0.01933455467224121,1378,0.023397207260131836
3714,PQC,0.03151750564575195,0.02421259880065918,3138,0.020843029022216797
3714,AES,0.021043777465820312,0.01920771598815918,1730,0.017603158950805664
3714,No_Encryption,0.020940542221069336,0.017194271087646484,1378,0.019640445709228516
3715,PQC,0.02826714515686035,0.02379631996154785,3138,0.01860356330871582
3715,AES,0.019810914993286133,0.01849818229675293,1730,0.018903255462646484
3715,No_Encryption,0.02557206153869629,0.018401145935058594,1378,0.020069599151611328
3716,PQC,0.022440671920776367,0.020926237106323242,3138,0.01908564567565918
3716,AES,0.021317481994628906,0.019434690475463867,1730,0.018747806549072266
3716,No_Encryption,0.0201418399810791,0.016759634017944336,1378,0.018206357955932617
3717,PQC,0.02260589599609375,0.020222187042236328,3138,0.020881175994873047
3717,AES,0.020410537719726562,0.019344568252563477,1730,0.018880605697631836
3717,No_Encryption,0.02327442169189453,0.020862340927124023,1378,0.021888017654418945
3718,PQC,0.03817152976989746,0.025164365768432617,3138,0.02485489845275879
3718,AES,0.024762630462646484,0.023661136627197266,1730,0.023129701614379883
3718,No_Encryption,0.02543187141418457,0.023937463760375977,1378,0.02501702308654785
3719,PQC,0.02895665168762207,0.03177213668823242,3138,0.026206016540527344
3719,AES,0.028373003005981445,0.02775263786315918,1730,0.029141902923583984
3719,No_Encryption,0.026894807815551758,0.02580881118774414,1378,0.03148627281188965
3720,PQC,0.0313413143157959,0.03289055824279785,3138,0.031889915466308594
3720,AES,0.02683544158935547,0.030140399932861328,1730,0.03165483474731445
3720,No_Encryption,0.03460431098937988,0.02580738067626953,1378,0.027402400970458984
3721,PQC,0.04212045669555664,0.033939361572265625,3138,0.03342127799987793
3721,AES,0.03688359260559082,0.030754566192626953,1730,0.030469417572021484
3721,No_Encryption,0.03254055976867676,0.028758764266967773,1378,0.03181648254394531
3722,PQC,0.04428720474243164,0.035280466079711914,3138,0.031835079193115234
3722,AES,0.03044581413269043,0.031435251235961914,1730,0.03381085395812988
3722,No_Encryption,0.02987360954284668,0.025458335876464844,1378,0.030780792236328125
3723,PQC,0.04030799865722656,0.03671455383300781,3138,0.03098750114440918
3723,AES,0.02931380271911621,0.032273292541503906,1730,0.02935028076171875
3723,No_Encryption,0.032999515533447266,0.0265963077545166,1378,0.03143572807312012
3724,PQC,0.04076528549194336,0.0351414680480957,3138,0.03200984001159668
3724,AES,0.03000617027282715,0.03316950798034668,1730,0.030892610549926758
3724,No_Encryption,0.029285192489624023,0.02664470672607422,1378,0.03408956527709961
3725,PQC,0.036808013916015625,0.0326085090637207,3138,0.03354477882385254
3725,AES,0.03285717964172363,0.03086400032043457,1730,0.032193899154663086
3725,No_Encryption,0.03133416175842285,0.028401613235473633,1378,0.032723188400268555
3726,PQC,0.03851127624511719,0.0399327278137207,3138,0.029696226119995117
3726,AES,0.030103683471679688,0.028946638107299805,1730,0.03134632110595703
3726,No_Encryption,0.033150672912597656,0.02772045135498047,1378,0.030832290649414062
3727,PQC,0.033738136291503906,0.03483128547668457,3138,0.029922008514404297
3727,AES,0.028415441513061523,0.025541305541992188,1730,0.023137331008911133
3727,No_Encryption,0.02306532859802246,0.021002769470214844,1378,0.022495508193969727
3728,PQC,0.027639389038085938,0.03142976760864258,3138,0.026328563690185547
3728,AES,0.021929025650024414,0.02106451988220215,1730,0.022223472595214844
3728,No_Encryption,0.024854183197021484,0.018661022186279297,1378,0.019970178604125977
3729,PQC,0.023058176040649414,0.02392745018005371,3138,0.01917123794555664
3729,AES,0.02258467674255371,0.018428325653076172,1730,0.018817901611328125
3729,No_Encryption,0.021253585815429688,0.016985654830932617,1378,0.01864171028137207
3730,PQC,0.022224903106689453,0.022799968719482422,3138,0.02058577537536621
3730,AES,0.020717382431030273,0.01856207847595215,1730,0.018964052200317383
3730,No_Encryption,0.01961040496826172,0.018776655197143555,1378,0.021262407302856445
3731,PQC,0.02237701416015625,0.019956111907958984,3138,0.017435550689697266
3731,AES,0.020531654357910156,0.019690752029418945,1730,0.017755508422851562
3731,No_Encryption,0.018500566482543945,0.016242504119873047,1378,0.019013404846191406
3732,PQC,0.022913455963134766,0.021169424057006836,3138,0.01801609992980957
3732,AES,0.020007848739624023,0.017465591430664062,1730,0.018935680389404297
3732,No_Encryption,0.023743152618408203,0.01671433448791504,1378,0.018124103546142578
3733,PQC,0.0213625431060791,0.0231931209564209,3138,0.01876664161682129
3733,AES,0.01910090446472168,0.017383813858032227,1730,0.01761150360107422
3733,No_Encryption,0.018194198608398438,0.01539158821105957,1378,0.01880931854248047
3734,PQC,0.022376537322998047,0.020699739456176758,3138,0.01802515983581543
3734,AES,0.02166271209716797,0.01910853385925293,1730,0.017238616943359375
3734,No_Encryption,0.018301963806152344,0.018606185913085938,1378,0.020711183547973633
3735,PQC,0.022725820541381836,0.01948690414428711,3138,0.01960301399230957
3735,AES,0.019732236862182617,0.018312931060791016,1730,0.017859220504760742
3735,No_Encryption,0.018680572509765625,0.016961336135864258,1378,0.018749713897705078
3736,PQC,0.027941226959228516,0.022336244583129883,3138,0.01903820037841797
3736,AES,0.029649972915649414,0.01784348487854004,1730,0.01876544952392578
3736,No_Encryption,0.018477201461791992,0.01874995231628418,1378,0.01912832260131836
3737,PQC,0.024121761322021484,0.02180337905883789,3138,0.020035266876220703
3737,AES,0.022275447845458984,0.019025564193725586,1730,0.0177304744720459
3737,No_Encryption,0.019727468490600586,0.017064332962036133,1378,0.0189666748046875
3738,PQC,0.024830341339111328,0.021050214767456055,3138,0.019797086715698242
3738,AES,0.020966291427612305,0.01894998550415039,1730,0.01750946044921875
3738,No_Encryption,0.02969670295715332,0.01608896255493164,1378,0.020647048950195312
3739,PQC,0.021691083908081055,0.022980213165283203,3138,0.01889348030090332
3739,AES,0.022810935974121094,0.01896047592163086,1730,0.018430471420288086
3739,No_Encryption,0.02770209312438965,0.016393661499023438,1378,0.01886725425720215
3740,PQC,0.021822214126586914,0.021587848663330078,3138,0.018876314163208008
3740,AES,0.022383689880371094,0.018601655960083008,1730,0.019104480743408203
3740,No_Encryption,0.02207207679748535,0.016030073165893555,1378,0.02016592025756836
3741,PQC,0.022094249725341797,0.02001023292541504,3138,0.01828289031982422
3741,AES,0.017969608306884766,0.01795172691345215,1730,0.017611265182495117
3741,No_Encryption,0.023424386978149414,0.017221689224243164,1378,0.017995119094848633
3742,PQC,0.025821924209594727,0.02386474609375,3138,0.018534183502197266
3742,AES,0.021036386489868164,0.020991802215576172,1730,0.019134044647216797
3742,No_Encryption,0.02610158920288086,0.017786741256713867,1378,0.020971298217773438
3743,PQC,0.024698257446289062,0.027991294860839844,3138,0.023308992385864258
3743,AES,0.024780750274658203,0.028973102569580078,1730,0.02474665641784668
3743,No_Encryption,0.029599666595458984,0.021414756774902344,1378,0.02687358856201172
3744,PQC,0.034989356994628906,0.03413200378417969,3138,0.03184366226196289
3744,AES,0.02913808822631836,0.028110980987548828,1730,0.02712869644165039
3744,No_Encryption,0.028850793838500977,0.02511143684387207,1378,0.02799201011657715
3745,PQC,0.04062628746032715,0.03285074234008789,3138,0.02830648422241211
3745,AES,0.03478741645812988,0.027111291885375977,1730,0.027392864227294922
3745,No_Encryption,0.0362706184387207,0.024998903274536133,1378,0.02772212028503418
3746,PQC,0.03202533721923828,0.030596494674682617,3138,0.021253347396850586
3746,AES,0.023004770278930664,0.020790815353393555,1730,0.02006816864013672
3746,No_Encryption,0.023360013961791992,0.01800680160522461,1378,0.019443273544311523
3747,PQC,0.038828372955322266,0.025999069213867188,3138,0.02105855941772461
3747,AES,0.019614219665527344,0.01905083656311035,1730,0.01855325698852539
3747,No_Encryption,0.01884770393371582,0.017237424850463867,1378,0.020211458206176758
3748,PQC,0.02595973014831543,0.022245407104492188,3138,0.019685029983520508
3748,AES,0.0247650146484375,0.018988609313964844,1730,0.01827526092529297
3748,No_Encryption,0.024663448333740234,0.016731977462768555,1378,0.02006077766418457
3749,PQC,0.02443861961364746,0.020491361618041992,3138,0.019678115844726562
3749,AES,0.021487951278686523,0.017719268798828125,1730,0.01804518699645996
3749,No_Encryption,0.01804065704345703,0.016305923461914062,1378,0.01855301856994629
3750,PQC,0.024401187896728516,0.02038884162902832,3138,0.018317222595214844
3750,AES,0.019046306610107422,0.01804184913635254,1730,0.018337011337280273
3750,No_Encryption,0.021564245223999023,0.019351959228515625,1378,0.018990278244018555
3751,PQC,0.024436235427856445,0.026166677474975586,3138,0.02231454849243164
3751,AES,0.026340961456298828,0.023099660873413086,1730,0.025421857833862305
3751,No_Encryption,0.026391983032226562,0.024063825607299805,1378,0.024649858474731445
3752,PQC,0.03518986701965332,0.030792713165283203,3138,0.025290727615356445
3752,AES,0.026029586791992188,0.026374101638793945,1730,0.027065515518188477
3752,No_Encryption,0.024818897247314453,0.022617101669311523,1378,0.029732465744018555
3753,PQC,0.03258657455444336,0.03622579574584961,3138,0.03170180320739746
3753,AES,0.028722286224365234,0.03241419792175293,1730,0.029680728912353516
3753,No_Encryption,0.027367115020751953,0.02459573745727539,1378,0.028906822204589844
3754,PQC,0.045098066329956055,0.033058881759643555,3138,0.03509068489074707
3754,AES,0.035449981689453125,0.033496856689453125,1730,0.031155824661254883
3754,No_Encryption,0.030051231384277344,0.028211593627929688,1378,0.03485727310180664
3755,PQC,0.03889942169189453,0.041676998138427734,3138,0.032503604888916016
3755,AES,0.03713536262512207,0.03342700004577637,1730,0.03203988075256348
3755,No_Encryption,0.031293630599975586,0.02938079833984375,1378,0.030951499938964844
3756,PQC,0.03645896911621094,0.03719019889831543,3138,0.029091358184814453
3756,AES,0.03570222854614258,0.031894683837890625,1730,0.030666112899780273
3756,No_Encryption,0.032068729400634766,0.028758764266967773,1378,0.03141164779663086
3757,PQC,0.039964914321899414,0.0368044376373291,3138,0.0342104434967041
3757,AES,0.03324747085571289,0.03464627265930176,1730,0.03362154960632324
3757,No_Encryption,0.037497520446777344,0.028323650360107422,1378,0.03354001045227051
3758,PQC,0.04509401321411133,0.036722421646118164,3138,0.03168749809265137
3758,AES,0.03021717071533203,0.03273916244506836,1730,0.03220725059509277
3758,No_Encryption,0.02948284149169922,0.03059554100036621,1378,0.03187680244445801
3759,PQC,0.03735804557800293,0.03770804405212402,3138,0.030588388442993164
3759,AES,0.03565335273742676,0.03231048583984375,1730,0.0359959602355957
3759,No_Encryption,0.03045177459716797,0.02964496612548828,1378,0.036321401596069336
3760,PQC,0.03737664222717285,0.04290270805358887,3138,0.030678510665893555
3760,AES,0.037751197814941406,0.029044389724731445,1730,0.023115158081054688
3760,No_Encryption,0.025317907333374023,0.021832704544067383,1378,0.021198511123657227
3761,PQC,0.022733688354492188,0.02329707145690918,3138,0.020224809646606445
3761,AES,0.025164127349853516,0.019586563110351562,1730,0.019023418426513672
3761,No_Encryption,0.018827438354492188,0.01824474334716797,1378,0.021599531173706055
3762,PQC,0.02378082275390625,0.019988059997558594,3138,0.01955437660217285
3762,AES,0.02073192596435547,0.01989293098449707,1730,0.0187835693359375
3762,No_Encryption,0.02674555778503418,0.017187833786010742,1378,0.020829439163208008
3763,PQC,0.028453588485717773,0.021161556243896484,3138,0.018920183181762695
3763,AES,0.019639015197753906,0.020774364471435547,1730,0.020930051803588867
3763,No_Encryption,0.01983785629272461,0.017155885696411133,1378,0.02125263214111328
3764,PQC,0.022658348083496094,0.021613359451293945,3138,0.01826310157775879
3764,AES,0.021242380142211914,0.019014596939086914,1730,0.017516374588012695
3764,No_Encryption,0.022737503051757812,0.020146846771240234,1378,0.025135278701782227
3765,PQC,0.02440643310546875,0.024059057235717773,3138,0.020565032958984375
3765,AES,0.021910905838012695,0.02117300033569336,1730,0.018677473068237305
3765,No_Encryption,0.02049994468688965,0.019329547882080078,1378,0.020574092864990234
3766,PQC,0.025882244110107422,0.022989511489868164,3138,0.018538236618041992
3766,AES,0.020934104919433594,0.020627260208129883,1730,0.019291400909423828
3766,No_Encryption,0.019281864166259766,0.01610565185546875,1378,0.022081375122070312
3767,PQC,0.028820037841796875,0.02034902572631836,3138,0.018313884735107422
3767,AES,0.020280122756958008,0.018963098526000977,1730,0.01861858367919922
3767,No_Encryption,0.01893901824951172,0.019082307815551758,1378,0.019975662231445312
3768,PQC,0.02271866798400879,0.021209239959716797,3138,0.017978906631469727
3768,AES,0.021703004837036133,0.020613431930541992,1730,0.019664525985717773
3768,No_Encryption,0.019005298614501953,0.01777029037475586,1378,0.019214630126953125
3769,PQC,0.021622180938720703,0.02142167091369629,3138,0.01744556427001953
3769,AES,0.019384145736694336,0.020745515823364258,1730,0.018101215362548828
3769,No_Encryption,0.018878459930419922,0.016704797744750977,1378,0.018310070037841797
3770,PQC,0.02586674690246582,0.020087480545043945,3138,0.01955556869506836
3770,AES,0.020418643951416016,0.019048213958740234,1730,0.0180361270904541
3770,No_Encryption,0.017579317092895508,0.01650238037109375,1378,0.018321752548217773
3771,PQC,0.021014928817749023,0.020776033401489258,3138,0.018639802932739258
3771,AES,0.019745826721191406,0.01992201805114746,1730,0.01897263526916504
3771,No_Encryption,0.019861221313476562,0.015946388244628906,1378,0.018713951110839844
3772,PQC,0.022437334060668945,0.020214557647705078,3138,0.01884913444519043
3772,AES,0.021105527877807617,0.01795339584350586,1730,0.018346548080444336
3772,No_Encryption,0.02169346809387207,0.017104387283325195,1378,0.019051790237426758
3773,PQC,0.02739429473876953,0.02115654945373535,3138,0.01966404914855957
3773,AES,0.020485639572143555,0.017876863479614258,1730,0.017242431640625
3773,No_Encryption,0.01899409294128418,0.015548229217529297,1378,0.018149375915527344
3774,PQC,0.023265600204467773,0.02067112922668457,3138,0.017830848693847656
3774,AES,0.021162748336791992,0.02070021629333496,1730,0.019819259643554688
3774,No_Encryption,0.01776289939880371,0.0159761905670166,1378,0.017858028411865234
3775,PQC,0.024274587631225586,0.02096080780029297,3138,0.018727779388427734
3775,AES,0.020036935806274414,0.019896745681762695,1730,0.01882004737854004
3775,No_Encryption,0.018314361572265625,0.015477180480957031,1378,0.01899099349975586
3776,PQC,0.023206233978271484,0.02520751953125,3138,0.018149375915527344
3776,AES,0.020033597946166992,0.019040346145629883,1730,0.018985271453857422
3776,No_Encryption,0.01877737045288086,0.016237974166870117,1378,0.018146276473999023
3777,PQC,0.024891138076782227,0.020328283309936523,3138,0.021750688552856445
3777,AES,0.020000457763671875,0.01986384391784668,1730,0.017582416534423828
3777,No_Encryption,0.021229267120361328,0.017020463943481445,1378,0.02040386199951172
3778,PQC,0.023235559463500977,0.02185368537902832,3138,0.018547773361206055
3778,AES,0.019228696823120117,0.019378185272216797,1730,0.017146825790405273
3778,No_Encryption,0.018808841705322266,0.017296314239501953,1378,0.018720388412475586
3779,PQC,0.023837566375732422,0.02156686782836914,3138,0.019115924835205078
3779,AES,0.019256591796875,0.0190432071685791,1730,0.018697261810302734
3779,No_Encryption,0.01926565170288086,0.015972614288330078,1378,0.019037723541259766
3780,PQC,0.025396108627319336,0.021854639053344727,3138,0.017696142196655273
3780,AES,0.021068096160888672,0.01927971839904785,1730,0.020350217819213867
3780,No_Encryption,0.020974159240722656,0.018640995025634766,1378,0.02152562141418457
3781,PQC,0.02533125877380371,0.027013063430786133,3138,0.025107145309448242
3781,AES,0.024827003479003906,0.026372909545898438,1730,0.024416446685791016
3781,No_Encryption,0.02826666831970215,0.022116661071777344,1378,0.024442672729492188
3782,PQC,0.030788660049438477,0.03126096725463867,3138,0.024786949157714844
3782,AES,0.027591466903686523,0.02932143211364746,1730,0.028119325637817383
3782,No_Encryption,0.03245139122009277,0.027530431747436523,1378,0.02855229377746582
3783,PQC,0.03612232208251953,0.03216838836669922,3138,0.028359174728393555
3783,AES,0.04054760932922363,0.039232730865478516,1730,0.036039113998413086
3783,No_Encryption,0.03590059280395508,0.034262657165527344,1378,0.033712148666381836
3784,PQC,0.039383888244628906,0.0355985164642334,3138,0.030513525009155273
3784,AES,0.03029346466064453,0.030268430709838867,1730,0.029973268508911133
3784,No_Encryption,0.03444099426269531,0.02850174903869629,1378,0.03006267547607422
3785,PQC,0.035976409912109375,0.032976388931274414,3138,0.029946327209472656
3785,AES,0.031917572021484375,0.03057074546813965,1730,0.03113722801208496
3785,No_Encryption,0.030592679977416992,0.029842615127563477,1378,0.03206372261047363
3786,PQC,0.04527091979980469,0.03679299354553223,3138,0.02928447723388672
3786,AES,0.03634929656982422,0.03220844268798828,1730,0.03213620185852051
3786,No_Encryption,0.03363490104675293,0.026737689971923828,1378,0.03121638298034668
3787,PQC,0.04485893249511719,0.040090084075927734,3138,0.03072357177734375
3787,AES,0.031153440475463867,0.032111167907714844,1730,0.03186750411987305
3787,No_Encryption,0.035129547119140625,0.031067371368408203,1378,0.03155231475830078
3788,PQC,0.037786245346069336,0.04286551475524902,3138,0.03204488754272461
3788,AES,0.04788708686828613,0.03134560585021973,1730,0.03360128402709961
3788,No_Encryption,0.03494691848754883,0.029693603515625,1378,0.03455305099487305
3789,PQC,0.037711143493652344,0.03787088394165039,3138,0.036170005798339844
3789,AES,0.03673696517944336,0.030237674713134766,1730,0.03332948684692383
3789,No_Encryption,0.029492616653442383,0.028162002563476562,1378,0.03163623809814453
3790,PQC,0.04133915901184082,0.040067434310913086,3138,0.03303718566894531
3790,AES,0.03502821922302246,0.03268909454345703,1730,0.030755996704101562
3790,No_Encryption,0.03296041488647461,0.030086994171142578,1378,0.031109333038330078
3791,PQC,0.03924083709716797,0.03976178169250488,3138,0.03248238563537598
3791,AES,0.04098176956176758,0.034955501556396484,1730,0.03571891784667969
3791,No_Encryption,0.03059530258178711,0.03025960922241211,1378,0.03365612030029297
3792,PQC,0.0445554256439209,0.03863930702209473,3138,0.03202676773071289
3792,AES,0.037235260009765625,0.03232431411743164,1730,0.030346155166625977
3792,No_Encryption,0.028142690658569336,0.027150392532348633,1378,0.025174856185913086
3793,PQC,0.03610420227050781,0.02774643898010254,3138,0.02207493782043457
3793,AES,0.031589508056640625,0.020575761795043945,1730,0.019452810287475586
3793,No_Encryption,0.020955801010131836,0.018761634826660156,1378,0.02010631561279297
3794,PQC,0.022808551788330078,0.022718429565429688,3138,0.018552780151367188
3794,AES,0.01933765411376953,0.018862009048461914,1730,0.018857717514038086
3794,No_Encryption,0.02557826042175293,0.016449689865112305,1378,0.01763129234313965
3795,PQC,0.022655010223388672,0.022986412048339844,3138,0.0196073055267334
3795,AES,0.019024133682250977,0.01881575584411621,1730,0.02173304557800293
3795,No_Encryption,0.02183818817138672,0.015895843505859375,1378,0.018774986267089844
3796,PQC,0.02359771728515625,0.022829532623291016,3138,0.01826000213623047
3796,AES,0.022722721099853516,0.020139217376708984,1730,0.01897287368774414
3796,No_Encryption,0.02362799644470215,0.016135692596435547,1378,0.021808862686157227
3797,PQC,0.026121854782104492,0.021384716033935547,3138,0.01792430877685547
3797,AES,0.020282745361328125,0.018582820892333984,1730,0.02033543586730957
3797,No_Encryption,0.027770280838012695,0.0187225341796875,1378,0.020154953002929688
3798,PQC,0.03350114822387695,0.027140140533447266,3138,0.02270221710205078
3798,AES,0.024204492568969727,0.023957252502441406,1730,0.022846460342407227
3798,No_Encryption,0.027913570404052734,0.02420496940612793,1378,0.027598142623901367
3799,PQC,0.0343172550201416,0.03174114227294922,3138,0.0263211727142334
3799,AES,0.030005693435668945,0.026253223419189453,1730,0.03119349479675293
3799,No_Encryption,0.0308988094329834,0.0284574031829834,1378,0.03483295440673828
3800,PQC,0.04702019691467285,0.04113030433654785,3138,0.03474855422973633
3800,AES,0.03553032875061035,0.03217291831970215,1730,0.03481125831604004
3800,No_Encryption,0.031094789505004883,0.028315305709838867,1378,0.028708219528198242
3801,PQC,0.03400921821594238,0.02756643295288086,3138,0.023792266845703125
3801,AES,0.026104211807250977,0.02366185188293457,1730,0.02129387855529785
3801,No_Encryption,0.020140886306762695,0.019858837127685547,1378,0.023230552673339844
3802,PQC,0.023946046829223633,0.02185201644897461,3138,0.019093990325927734
3802,AES,0.021305084228515625,0.018868684768676758,1730,0.021357059478759766
3802,No_Encryption,0.02381587028503418,0.01659560203552246,1378,0.01838064193725586
3803,PQC,0.028113126754760742,0.0213162899017334,3138,0.019100427627563477
3803,AES,0.020327091217041016,0.018306732177734375,1730,0.018952131271362305
3803,No_Encryption,0.02046346664428711,0.01615595817565918,1378,0.017750024795532227
3804,PQC,0.031629323959350586,0.02164769172668457,3138,0.01720714569091797
3804,AES,0.019150972366333008,0.018972396850585938,1730,0.019098520278930664
3804,No_Encryption,0.0192873477935791,0.0165865421295166,1378,0.017594099044799805
3805,PQC,0.02204585075378418,0.022037267684936523,3138,0.017330169677734375
3805,AES,0.018252134323120117,0.0178830623626709,1730,0.019461870193481445
3805,No_Encryption,0.020088672637939453,0.015941143035888672,1378,0.019012928009033203
3806,PQC,0.02603435516357422,0.02259373664855957,3138,0.020909786224365234
3806,AES,0.02073359489440918,0.019248008728027344,1730,0.019176959991455078
3806,No_Encryption,0.02154254913330078,0.018607378005981445,1378,0.020551681518554688
3807,PQC,0.023334026336669922,0.0220639705657959,3138,0.0186004638671875
3807,AES,0.022406578063964844,0.019117116928100586,1730,0.021060466766357422
3807,No_Encryption,0.019377946853637695,0.017690658569335938,1378,0.021042823791503906
3808,PQC,0.02194809913635254,0.020114660263061523,3138,0.018773794174194336
3808,AES,0.019925594329833984,0.020037412643432617,1730,0.020819902420043945
3808,No_Encryption,0.02368760108947754,0.016831398010253906,1378,0.018440961837768555
3809,PQC,0.022846698760986328,0.01996445655822754,3138,0.019273042678833008
3809,AES,0.019510746002197266,0.018696069717407227,1730,0.01795339584350586
3809,No_Encryption,0.019237756729125977,0.016804218292236328,1378,0.018901586532592773
3810,PQC,0.02187061309814453,0.0242002010345459,3138,0.0197751522064209
3810,AES,0.020325660705566406,0.019861936569213867,1730,0.01881241798400879
3810,No_Encryption,0.01786041259765625,0.01766657829284668,1378,0.01998424530029297
3811,PQC,0.027484416961669922,0.023218393325805664,3138,0.02257251739501953
3811,AES,0.021895170211791992,0.022437095642089844,1730,0.021739959716796875
3811,No_Encryption,0.027210235595703125,0.022561073303222656,1378,0.027788877487182617
3812,PQC,0.03549504280090332,0.028101444244384766,3138,0.024784326553344727
3812,AES,0.02528548240661621,0.027535200119018555,1730,0.026701688766479492
3812,No_Encryption,0.03737831115722656,0.024777889251708984,1378,0.030522823333740234
3813,PQC,0.04029440879821777,0.033586740493774414,3138,0.028025388717651367
3813,AES,0.028603553771972656,0.027240514755249023,1730,0.028324604034423828
3813,No_Encryption,0.028224706649780273,0.025580406188964844,1378,0.03033304214477539
3814,PQC,0.03629589080810547,0.030886411666870117,3138,0.027076005935668945
3814,AES,0.029434919357299805,0.033870697021484375,1730,0.02986907958984375
3814,No_Encryption,0.03226971626281738,0.028565406799316406,1378,0.030690908432006836
3815,PQC,0.04299759864807129,0.03507685661315918,3138,0.03228259086608887
3815,AES,0.03637194633483887,0.031162738800048828,1730,0.029630661010742188
3815,No_Encryption,0.030826568603515625,0.03015756607055664,1378,0.03146982192993164
3816,PQC,0.04163813591003418,0.03492474555969238,3138,0.034427642822265625
3816,AES,0.0367131233215332,0.02994537353515625,1730,0.030752182006835938
3816,No_Encryption,0.030267715454101562,0.02793264389038086,1378,0.03153347969055176
3817,PQC,0.04431605339050293,0.03219318389892578,3138,0.03095865249633789
3817,AES,0.02957439422607422,0.027425289154052734,1730,0.02989053726196289
3817,No_Encryption,0.026569843292236328,0.025122404098510742,1378,0.028387784957885742
3818,PQC,0.03209352493286133,0.03299403190612793,3138,0.029054880142211914
3818,AES,0.03182363510131836,0.029073476791381836,1730,0.027004003524780273
3818,No_Encryption,0.03328728675842285,0.03287863731384277,1378,0.03445768356323242
3819,PQC,0.041626691818237305,0.03982686996459961,3138,0.0336613655090332
3819,AES,0.03683638572692871,0.03586244583129883,1730,0.032892465591430664
3819,No_Encryption,0.03770756721496582,0.028379440307617188,1378,0.03316950798034668
3820,PQC,0.041617393493652344,0.03485393524169922,3138,0.03537321090698242
3820,AES,0.036655426025390625,0.03452444076538086,1730,0.03318524360656738
3820,No_Encryption,0.03176116943359375,0.029939889907836914,1378,0.03557324409484863
3821,PQC,0.04837226867675781,0.03765606880187988,3138,0.030722379684448242
3821,AES,0.030909299850463867,0.03149533271789551,1730,0.03176140785217285
3821,No_Encryption,0.03694772720336914,0.028179645538330078,1378,0.032445669174194336
3822,PQC,0.04047656059265137,0.03931689262390137,3138,0.029150724411010742
3822,AES,0.034459829330444336,0.03422236442565918,1730,0.030757904052734375
3822,No_Encryption,0.03305530548095703,0.02556133270263672,1378,0.03035449981689453
3823,PQC,0.03493356704711914,0.03568077087402344,3138,0.030867576599121094
3823,AES,0.03571200370788574,0.03136730194091797,1730,0.03137660026550293
3823,No_Encryption,0.03238105773925781,0.025015592575073242,1378,0.02507781982421875
3824,PQC,0.02830815315246582,0.030503273010253906,3138,0.021726608276367188
3824,AES,0.024903059005737305,0.0192563533782959,1730,0.019448280334472656
3824,No_Encryption,0.021425724029541016,0.017731189727783203,1378,0.022849559783935547
3825,PQC,0.023941755294799805,0.021765947341918945,3138,0.020121335983276367
3825,AES,0.01932525634765625,0.01788020133972168,1730,0.01993274688720703
3825,No_Encryption,0.022468090057373047,0.01613616943359375,1378,0.018401145935058594
3826,PQC,0.02919173240661621,0.02186131477355957,3138,0.01880168914794922
3826,AES,0.019392013549804688,0.01792001724243164,1730,0.018931150436401367
3826,No_Encryption,0.020898103713989258,0.016376495361328125,1378,0.02204298973083496
3827,PQC,0.02538442611694336,0.020209312438964844,3138,0.019061803817749023
3827,AES,0.01996588706970215,0.019032716751098633,1730,0.02134394645690918
3827,No_Encryption,0.01887655258178711,0.016506671905517578,1378,0.02171802520751953
3828,PQC,0.027641773223876953,0.020760536193847656,3138,0.0175626277923584
3828,AES,0.025537729263305664,0.01709437370300293,1730,0.01972818374633789
3828,No_Encryption,0.023975849151611328,0.01682734489440918,1378,0.01793670654296875
3829,PQC,0.022635459899902344,0.019681453704833984,3138,0.018821239471435547
3829,AES,0.02318739891052246,0.018667936325073242,1730,0.019076108932495117
3829,No_Encryption,0.021540403366088867,0.01667642593383789,1378,0.019440650939941406
3830,PQC,0.024257898330688477,0.02243828773498535,3138,0.01725292205810547
3830,AES,0.01989269256591797,0.01853799819946289,1730,0.018748760223388672
3830,No_Encryption,0.01861715316772461,0.016518115997314453,1378,0.020301342010498047
3831,PQC,0.02645730972290039,0.022096872329711914,3138,0.020432472229003906
3831,AES,0.023145198822021484,0.01844954490661621,1730,0.018649578094482422
3831,No_Encryption,0.017714262008666992,0.016535282135009766,1378,0.01841425895690918
3832,PQC,0.024030208587646484,0.022902727127075195,3138,0.018841981887817383
3832,AES,0.018734216690063477,0.019740819931030273,1730,0.0189664363861084
3832,No_Encryption,0.019059419631958008,0.015824317932128906,1378,0.019671916961669922
3833,PQC,0.022559165954589844,0.022176027297973633,3138,0.01788949966430664
3833,AES,0.018680095672607422,0.017754554748535156,1730,0.017110824584960938
3833,No_Encryption,0.01795196533203125,0.01786661148071289,1378,0.020613670349121094
3834,PQC,0.02860569953918457,0.021570205688476562,3138,0.020017623901367188
3834,AES,0.020908594131469727,0.01741933822631836,1730,0.0198822021484375
3834,No_Encryption,0.01758432388305664,0.015844345092773438,1378,0.01923394203186035
3835,PQC,0.027391910552978516,0.020151853561401367,3138,0.019253253936767578
3835,AES,0.019588470458984375,0.018067598342895508,1730,0.018735647201538086
3835,No_Encryption,0.020466089248657227,0.017339229583740234,1378,0.01790332794189453
3836,PQC,0.023827314376831055,0.020845413208007812,3138,0.019375324249267578
3836,AES,0.017924785614013672,0.017301082611083984,1730,0.01746654510498047
3836,No_Encryption,0.018698453903198242,0.015558242797851562,1378,0.019151687622070312
3837,PQC,0.0325772762298584,0.021683216094970703,3138,0.017793893814086914
3837,AES,0.022433996200561523,0.0194699764251709,1730,0.017696142196655273
3837,No_Encryption,0.018349170684814453,0.016367673873901367,1378,0.01813650131225586
3838,PQC,0.0216066837310791,0.01976156234741211,3138,0.018311500549316406
3838,AES,0.022749900817871094,0.01873779296875,1730,0.02004861831665039
3838,No_Encryption,0.021051406860351562,0.017243146896362305,1378,0.022754430770874023
3839,PQC,0.024725675582885742,0.0260927677154541,3138,0.020968914031982422
3839,AES,0.025597095489501953,0.022916078567504883,1730,0.0226895809173584
3839,No_Encryption,0.023284912109375,0.02210521697998047,1378,0.024784564971923828
3840,PQC,0.031928062438964844,0.030284404754638672,3138,0.025541305541992188
3840,AES,0.02913045883178711,0.027881383895874023,1730,0.02585315704345703
3840,No_Encryption,0.02537250518798828,0.025231599807739258,1378,0.027895450592041016
3841,PQC,0.03238201141357422,0.03041553497314453,3138,0.026978492736816406
3841,AES,0.031403303146362305,0.02673649787902832,1730,0.02777576446533203
3841,No_Encryption,0.03353619575500488,0.025958776473999023,1378,0.027581214904785156
3842,PQC,0.0376734733581543,0.03485727310180664,3138,0.028054475784301758
3842,AES,0.032410621643066406,0.029764413833618164,1730,0.03139686584472656
3842,No_Encryption,0.028466463088989258,0.025655269622802734,1378,0.029935598373413086
3843,PQC,0.034531354904174805,0.03265094757080078,3138,0.029608726501464844
3843,AES,0.03681373596191406,0.030599594116210938,1730,0.03345465660095215
3843,No_Encryption,0.028809309005737305,0.029119014739990234,1378,0.032918691635131836
3844,PQC,0.040244340896606445,0.03883862495422363,3138,0.031987905502319336
3844,AES,0.03163313865661621,0.030682802200317383,1730,0.03147745132446289
3844,No_Encryption,0.030278921127319336,0.02829742431640625,1378,0.03266263008117676
3845,PQC,0.036956787109375,0.03649640083312988,3138,0.030742406845092773
3845,AES,0.0323338508605957,0.025783538818359375,1730,0.025047779083251953
3845,No_Encryption,0.021179676055908203,0.02191925048828125,1378,0.024081707000732422
3846,PQC,0.025211334228515625,0.023979902267456055,3138,0.01973891258239746
3846,AES,0.019708633422851562,0.02106475830078125,1730,0.021933317184448242
3846,No_Encryption,0.019780874252319336,0.01697540283203125,1378,0.020086288452148438
3847,PQC,0.02641439437866211,0.022083520889282227,3138,0.01875162124633789
3847,AES,0.01974797248840332,0.01818060874938965,1730,0.0194399356842041
3847,No_Encryption,0.01941061019897461,0.018046855926513672,1378,0.018421173095703125
3848,PQC,0.024979352951049805,0.022612571716308594,3138,0.019031286239624023
3848,AES,0.02180767059326172,0.018417835235595703,1730,0.01838231086730957
3848,No_Encryption,0.018663406372070312,0.017131805419921875,1378,0.019239187240600586
3849,PQC,0.021936893463134766,0.020494937896728516,3138,0.018230199813842773
3849,AES,0.0249786376953125,0.019109010696411133,1730,0.018591880798339844
3849,No_Encryption,0.0194089412689209,0.01593160629272461,1378,0.018903017044067383
3850,PQC,0.0324552059173584,0.02309727668762207,3138,0.01813197135925293
3850,AES,0.021522998809814453,0.019689083099365234,1730,0.01797318458557129
3850,No_Encryption,0.017112255096435547,0.015603303909301758,1378,0.01837754249572754
3851,PQC,0.024489402770996094,0.021021604537963867,3138,0.017896652221679688
3851,AES,0.020388126373291016,0.0181734561920166,1730,0.02120375633239746
3851,No_Encryption,0.020219087600708008,0.016127586364746094,1378,0.01777362823486328
3852,PQC,0.02559638023376465,0.02132129669189453,3138,0.01968073844909668
3852,AES,0.019392728805541992,0.017923593521118164,1730,0.0177764892578125
3852,No_Encryption,0.018874645233154297,0.01831221580505371,1378,0.019492149353027344
3853,PQC,0.024390220642089844,0.020656347274780273,3138,0.017399072647094727
3853,AES,0.021765470504760742,0.019159317016601562,1730,0.017676353454589844
3853,No_Encryption,0.017742395401000977,0.016868114471435547,1378,0.018052101135253906
3854,PQC,0.023676633834838867,0.01992011070251465,3138,0.018184661865234375
3854,AES,0.022466182708740234,0.018109798431396484,1730,0.01827549934387207
3854,No_Encryption,0.02429986000061035,0.016153335571289062,1378,0.019482135772705078
3855,PQC,0.02017807960510254,0.021259784698486328,3138,0.018029451370239258
3855,AES,0.02188420295715332,0.018717288970947266,1730,0.018586158752441406
3855,No_Encryption,0.03822636604309082,0.020392179489135742,1378,0.020101308822631836
3856,PQC,0.025718212127685547,0.021544694900512695,3138,0.02011275291442871
3856,AES,0.018795490264892578,0.019789457321166992,1730,0.0188596248626709
3856,No_Encryption,0.024067163467407227,0.01658177375793457,1378,0.018213510513305664
3857,PQC,0.02368021011352539,0.021502256393432617,3138,0.020743608474731445
3857,AES,0.019594669342041016,0.01810455322265625,1730,0.018698453903198242
3857,No_Encryption,0.02166914939880371,0.0178530216217041,1378,0.017954349517822266
3858,PQC,0.028685808181762695,0.02187514305114746,3138,0.02052450180053711
3858,AES,0.018733501434326172,0.018073081970214844,1730,0.017574310302734375
3858,No_Encryption,0.024495363235473633,0.016704320907592773,1378,0.016735315322875977
3859,PQC,0.021723270416259766,0.020301103591918945,3138,0.017683982849121094
3859,AES,0.019974708557128906,0.019778966903686523,1730,0.019429922103881836
3859,No_Encryption,0.01897716522216797,0.017966032028198242,1378,0.018393993377685547
3860,PQC,0.025690793991088867,0.020381927490234375,3138,0.01839613914489746
3860,AES,0.01922750473022461,0.019591331481933594,1730,0.019124746322631836
3860,No_Encryption,0.020513296127319336,0.02096867561340332,1378,0.021692514419555664
3861,PQC,0.02636122703552246,0.026348590850830078,3138,0.024588346481323242
3861,AES,0.026036977767944336,0.0252532958984375,1730,0.02588963508605957
3861,No_Encryption,0.02520442008972168,0.023777484893798828,1378,0.02440500259399414
3862,PQC,0.03212118148803711,0.03012251853942871,3138,0.028879880905151367
3862,AES,0.027759790420532227,0.029308319091796875,1730,0.027584314346313477
3862,No_Encryption,0.026369333267211914,0.025576353073120117,1378,0.029328584671020508
3863,PQC,0.040198326110839844,0.03141140937805176,3138,0.030375957489013672
3863,AES,0.03270983695983887,0.02964615821838379,1730,0.026519298553466797
3863,No_Encryption,0.02679157257080078,0.02788686752319336,1378,0.029372453689575195
3864,PQC,0.03415727615356445,0.03092026710510254,3138,0.027027606964111328
3864,AES,0.04159855842590332,0.029995203018188477,1730,0.02727222442626953
3864,No_Encryption,0.027968645095825195,0.028415918350219727,1378,0.026112079620361328
3865,PQC,0.03932952880859375,0.03669333457946777,3138,0.029855966567993164
3865,AES,0.03648209571838379,0.030602693557739258,1730,0.03006434440612793
3865,No_Encryption,0.029119491577148438,0.025537967681884766,1378,0.03007054328918457
3866,PQC,0.039700984954833984,0.037541866302490234,3138,0.03233456611633301
3866,AES,0.033220767974853516,0.029703617095947266,1730,0.02929377555847168
3866,No_Encryption,0.03802061080932617,0.029421567916870117,1378,0.030649900436401367
3867,PQC,0.03687644004821777,0.03204178810119629,3138,0.028961896896362305
3867,AES,0.024871826171875,0.02343010902404785,1730,0.022519588470458984
3867,No_Encryption,0.02022838592529297,0.018807172775268555,1378,0.019298076629638672
3868,PQC,0.024563074111938477,0.02205681800842285,3138,0.020062923431396484
3868,AES,0.029240131378173828,0.020682096481323242,1730,0.018865585327148438
3868,No_Encryption,0.019011497497558594,0.01682114601135254,1378,0.019449949264526367
3869,PQC,0.024210214614868164,0.02205657958984375,3138,0.018158674240112305
3869,AES,0.022666454315185547,0.018563508987426758,1730,0.01842355728149414
3869,No_Encryption,0.0212705135345459,0.015973329544067383,1378,0.021157503128051758
3870,PQC,0.022041797637939453,0.02078723907470703,3138,0.01756763458251953
3870,AES,0.019320964813232422,0.019352436065673828,1730,0.017457008361816406
3870,No_Encryption,0.018335819244384766,0.015671253204345703,1378,0.018306970596313477
3871,PQC,0.024312257766723633,0.023817777633666992,3138,0.017464399337768555
3871,AES,0.0199277400970459,0.018879413604736328,1730,0.017169475555419922
3871,No_Encryption,0.02658390998840332,0.01634669303894043,1378,0.01886773109436035
3872,PQC,0.021631240844726562,0.021020174026489258,3138,0.018671035766601562
3872,AES,0.02010655403137207,0.0203859806060791,1730,0.019258975982666016
3872,No_Encryption,0.018742084503173828,0.01634693145751953,1378,0.0182039737701416
3873,PQC,0.026178598403930664,0.0213320255279541,3138,0.01826786994934082
3873,AES,0.0202023983001709,0.018153667449951172,1730,0.019648313522338867
3873,No_Encryption,0.02101421356201172,0.02014613151550293,1378,0.023683786392211914
3874,PQC,0.028657197952270508,0.024729490280151367,3138,0.01981830596923828
3874,AES,0.023268699645996094,0.018890380859375,1730,0.017658710479736328
3874,No_Encryption,0.020055532455444336,0.017259836196899414,1378,0.01916980743408203
3875,PQC,0.02617168426513672,0.02123713493347168,3138,0.02017974853515625
3875,AES,0.024685144424438477,0.019760847091674805,1730,0.018321752548217773
3875,No_Encryption,0.01748204231262207,0.01641678810119629,1378,0.019793272018432617
3876,PQC,0.02660393714904785,0.019870996475219727,3138,0.017191648483276367
3876,AES,0.030231237411499023,0.019856691360473633,1730,0.01865863800048828
3876,No_Encryption,0.018792390823364258,0.01605987548828125,1378,0.019141435623168945
3877,PQC,0.02842998504638672,0.021079063415527344,3138,0.01891922950744629
3877,AES,0.019252777099609375,0.020258188247680664,1730,0.02146434783935547
3877,No_Encryption,0.02124953269958496,0.019069910049438477,1378,0.022092342376708984
3878,PQC,0.02874588966369629,0.026966571807861328,3138,0.02488565444946289
3878,AES,0.02348613739013672,0.023682832717895508,1730,0.023891210556030273
3878,No_Encryption,0.024556398391723633,0.02389669418334961,1378,0.03029346466064453
3879,PQC,0.03247380256652832,0.02916741371154785,3138,0.02567601203918457
3879,AES,0.028287410736083984,0.03337860107421875,1730,0.02860403060913086
3879,No_Encryption,0.03062582015991211,0.0248258113861084,1378,0.033417463302612305
3880,PQC,0.03390073776245117,0.030225753784179688,3138,0.02592325210571289
3880,AES,0.032352447509765625,0.030075550079345703,1730,0.028122425079345703
3880,No_Encryption,0.031204938888549805,0.026107311248779297,1378,0.029976844787597656
3881,PQC,0.033918142318725586,0.035985469818115234,3138,0.028105974197387695
3881,AES,0.03047657012939453,0.028144121170043945,1730,0.029543638229370117
3881,No_Encryption,0.03384852409362793,0.026819705963134766,1378,0.02907085418701172
3882,PQC,0.03570866584777832,0.03312516212463379,3138,0.03144979476928711
3882,AES,0.02978372573852539,0.03099203109741211,1730,0.034490108489990234
3882,No_Encryption,0.03577470779418945,0.028171777725219727,1378,0.03294086456298828
3883,PQC,0.03709840774536133,0.03763890266418457,3138,0.028707265853881836
3883,AES,0.036789894104003906,0.03325700759887695,1730,0.03224492073059082
3883,No_Encryption,0.03490018844604492,0.026546001434326172,1378,0.03049612045288086
3884,PQC,0.03849673271179199,0.04052734375,3138,0.032572269439697266
3884,AES,0.03845548629760742,0.03323960304260254,1730,0.033501386642456055
3884,No_Encryption,0.030145645141601562,0.02747321128845215,1378,0.03180098533630371
3885,PQC,0.03926730155944824,0.03402137756347656,3138,0.028728008270263672
3885,AES,0.037055253982543945,0.029790878295898438,1730,0.029877424240112305
3885,No_Encryption,0.0447995662689209,0.028229236602783203,1378,0.03020787239074707
3886,PQC,0.042189836502075195,0.033017873764038086,3138,0.028335094451904297
3886,AES,0.033281564712524414,0.0286405086517334,1730,0.02972269058227539
3886,No_Encryption,0.031708717346191406,0.02890634536743164,1378,0.031028270721435547
3887,PQC,0.03700518608093262,0.038411617279052734,3138,0.028831958770751953
3887,AES,0.03245973587036133,0.03217291831970215,1730,0.03159928321838379
3887,No_Encryption,0.02904367446899414,0.027544498443603516,1378,0.03639626502990723
3888,PQC,0.042433977127075195,0.0385282039642334,3138,0.032457590103149414
3888,AES,0.03719830513000488,0.035643815994262695,1730,0.035286903381347656
3888,No_Encryption,0.036032676696777344,0.029809236526489258,1378,0.03527069091796875
3889,PQC,0.04060626029968262,0.04973030090332031,3138,0.04196786880493164
3889,AES,0.03948807716369629,0.03811526298522949,1730,0.03488302230834961
3889,No_Encryption,0.03615856170654297,0.03211164474487305,1378,0.0303497314453125
3890,PQC,0.039923906326293945,0.03965282440185547,3138,0.030153989791870117
3890,AES,0.025333881378173828,0.024260759353637695,1730,0.021856069564819336
3890,No_Encryption,0.02326798439025879,0.020307540893554688,1378,0.020357131958007812
3891,PQC,0.024433374404907227,0.02212047576904297,3138,0.018947601318359375
3891,AES,0.0205228328704834,0.018988847732543945,1730,0.019160985946655273
3891,No_Encryption,0.018349409103393555,0.016991853713989258,1378,0.019859790802001953
3892,PQC,0.021561622619628906,0.020868539810180664,3138,0.01777195930480957
3892,AES,0.019503355026245117,0.018555641174316406,1730,0.017932891845703125
3892,No_Encryption,0.01830577850341797,0.016750335693359375,1378,0.02035665512084961
3893,PQC,0.02164936065673828,0.020549774169921875,3138,0.019078731536865234
3893,AES,0.018521547317504883,0.021388530731201172,1730,0.019360780715942383
3893,No_Encryption,0.02588510513305664,0.016087770462036133,1378,0.018888235092163086
3894,PQC,0.022782564163208008,0.024956464767456055,3138,0.01937103271484375
3894,AES,0.020844459533691406,0.017419815063476562,1730,0.01825237274169922
3894,No_Encryption,0.019724369049072266,0.015546321868896484,1378,0.018857955932617188
3895,PQC,0.024653911590576172,0.019817352294921875,3138,0.017190217971801758
3895,AES,0.023396968841552734,0.022553443908691406,1730,0.017018556594848633
3895,No_Encryption,0.02147364616394043,0.017165422439575195,1378,0.01932692527770996
3896,PQC,0.020612478256225586,0.020620107650756836,3138,0.018091917037963867
3896,AES,0.018648386001586914,0.017573833465576172,1730,0.01849532127380371
3896,No_Encryption,0.023366212844848633,0.01597118377685547,1378,0.018233776092529297
3897,PQC,0.025153636932373047,0.020122051239013672,3138,0.01784372329711914
3897,AES,0.01993536949157715,0.018135786056518555,1730,0.01909804344177246
3897,No_Encryption,0.02051687240600586,0.0165255069732666,1378,0.019052982330322266
3898,PQC,0.024690628051757812,0.020287513732910156,3138,0.01764512062072754
3898,AES,0.01872086524963379,0.017600059509277344,1730,0.01755237579345703
3898,No_Encryption,0.018059968948364258,0.01962876319885254,1378,0.01979804039001465
3899,PQC,0.022299766540527344,0.019418716430664062,3138,0.01928997039794922
3899,AES,0.024900197982788086,0.019905567169189453,1730,0.01875782012939453
3899,No_Encryption,0.018102645874023438,0.01658797264099121,1378,0.019985675811767578
3900,PQC,0.029411792755126953,0.023277759552001953,3138,0.017742395401000977
3900,AES,0.020690441131591797,0.019127368927001953,1730,0.01943063735961914
3900,No_Encryption,0.020996809005737305,0.017815589904785156,1378,0.017476558685302734
3901,PQC,0.024532079696655273,0.021825551986694336,3138,0.017629146575927734
3901,AES,0.018807649612426758,0.01885843276977539,1730,0.01791214942932129
3901,No_Encryption,0.02141284942626953,0.016811132431030273,1378,0.01929759979248047
3902,PQC,0.02661275863647461,0.02072882652282715,3138,0.020456552505493164
3902,AES,0.019579648971557617,0.018897533416748047,1730,0.018080949783325195
3902,No_Encryption,0.02003335952758789,0.017247438430786133,1378,0.021559953689575195
3903,PQC,0.02404165267944336,0.02145981788635254,3138,0.01781320571899414
3903,AES,0.01841425895690918,0.018431425094604492,1730,0.017771482467651367
3903,No_Encryption,0.01774430274963379,0.015844106674194336,1378,0.018398284912109375
3904,PQC,0.02669668197631836,0.023385286331176758,3138,0.01822972297668457
3904,AES,0.019801616668701172,0.018326759338378906,1730,0.017920970916748047
3904,No_Encryption,0.021629810333251953,0.0173492431640625,1378,0.01889967918395996
3905,PQC,0.024578571319580078,0.02234053611755371,3138,0.023113727569580078
3905,AES,0.02350473403930664,0.023152589797973633,1730,0.022920846939086914
3905,No_Encryption,0.02133655548095703,0.01985645294189453,1378,0.024852514266967773
3906,PQC,0.028567075729370117,0.028165102005004883,3138,0.023522377014160156
3906,AES,0.027927637100219727,0.027378320693969727,1730,0.025159358978271484
3906,No_Encryption,0.025252342224121094,0.02432870864868164,1378,0.027090787887573242
3907,PQC,0.0380101203918457,0.03592562675476074,3138,0.02844548225402832
3907,AES,0.030466794967651367,0.027427196502685547,1730,0.0301668643951416
3907,No_Encryption,0.044264793395996094,0.02543354034423828,1378,0.03168010711669922
3908,PQC,0.036307334899902344,0.03351593017578125,3138,0.03358721733093262
3908,AES,0.03453564643859863,0.031903743743896484,1730,0.03124403953552246
3908,No_Encryption,0.028554677963256836,0.028176546096801758,1378,0.030382871627807617
3909,PQC,0.04654502868652344,0.043816328048706055,3138,0.037636518478393555
3909,AES,0.039757490158081055,0.03599119186401367,1730,0.03668022155761719
3909,No_Encryption,0.03276324272155762,0.030307769775390625,1378,0.035041093826293945
3910,PQC,0.04429888725280762,0.03654789924621582,3138,0.028927087783813477
3910,AES,0.03423428535461426,0.0317380428314209,1730,0.03172755241394043
3910,No_Encryption,0.03723311424255371,0.027067899703979492,1378,0.0318605899810791
3911,PQC,0.037340641021728516,0.032906532287597656,3138,0.030736684799194336
3911,AES,0.03385496139526367,0.02833414077758789,1730,0.02809739112854004
3911,No_Encryption,0.023300886154174805,0.022400617599487305,1378,0.02241063117980957
3912,PQC,0.032035112380981445,0.023068666458129883,3138,0.020104408264160156
3912,AES,0.0245821475982666,0.019956588745117188,1730,0.018371105194091797
3912,No_Encryption,0.02038264274597168,0.01902294158935547,1378,0.01774311065673828
3913,PQC,0.023150920867919922,0.020668506622314453,3138,0.018353700637817383
3913,AES,0.022971153259277344,0.01988053321838379,1730,0.01843881607055664
3913,No_Encryption,0.019661903381347656,0.016631126403808594,1378,0.019052743911743164
3914,PQC,0.02238607406616211,0.022500276565551758,3138,0.018908023834228516
3914,AES,0.019242048263549805,0.018413543701171875,1730,0.01854538917541504
3914,No_Encryption,0.018692970275878906,0.01642608642578125,1378,0.02074909210205078
3915,PQC,0.026941537857055664,0.020070314407348633,3138,0.017937421798706055
3915,AES,0.021081924438476562,0.019232749938964844,1730,0.01928424835205078
3915,No_Encryption,0.017595291137695312,0.016327619552612305,1378,0.018455982208251953
3916,PQC,0.021993398666381836,0.0228574275970459,3138,0.01838970184326172
3916,AES,0.019133806228637695,0.019103527069091797,1730,0.020267724990844727
3916,No_Encryption,0.020679473876953125,0.018151521682739258,1378,0.02451610565185547
3917,PQC,0.02628612518310547,0.025187253952026367,3138,0.02320694923400879
3917,AES,0.0234677791595459,0.024501562118530273,1730,0.02413153648376465
3917,No_Encryption,0.03216266632080078,0.02314281463623047,1378,0.02564835548400879
3918,PQC,0.03112483024597168,0.0325314998626709,3138,0.027208566665649414
3918,AES,0.025835037231445312,0.025612831115722656,1730,0.02983546257019043
3918,No_Encryption,0.028203964233398438,0.02642226219177246,1378,0.03042745590209961
3919,PQC,0.036187171936035156,0.03551435470581055,3138,0.027581453323364258
3919,AES,0.03311347961425781,0.027303218841552734,1730,0.03435516357421875
3919,No_Encryption,0.03190350532531738,0.027720212936401367,1378,0.03194069862365723
3920,PQC,0.03627634048461914,0.03170204162597656,3138,0.028937816619873047
3920,AES,0.032764434814453125,0.029608488082885742,1730,0.02720928192138672
3920,No_Encryption,0.025275468826293945,0.026126623153686523,1378,0.031763553619384766
3921,PQC,0.042037248611450195,0.03758859634399414,3138,0.03144478797912598
3921,AES,0.034089088439941406,0.03191208839416504,1730,0.02905726432800293
3921,No_Encryption,0.03001570701599121,0.02788567543029785,1378,0.03040623664855957
3922,PQC,0.039722442626953125,0.0356297492980957,3138,0.02939748764038086
3922,AES,0.03310704231262207,0.029343843460083008,1730,0.02870798110961914
3922,No_Encryption,0.042404890060424805,0.02893543243408203,1378,0.03614974021911621
3923,PQC,0.03278923034667969,0.029375076293945312,3138,0.02522444725036621
3923,AES,0.023502349853515625,0.023013591766357422,1730,0.02260613441467285
3923,No_Encryption,0.021264314651489258,0.019610166549682617,1378,0.019379854202270508
3924,PQC,0.02326488494873047,0.023547887802124023,3138,0.020107507705688477
3924,AES,0.018877506256103516,0.018323898315429688,1730,0.017432212829589844
3924,No_Encryption,0.01856088638305664,0.017822742462158203,1378,0.01969146728515625
3925,PQC,0.023778676986694336,0.02208709716796875,3138,0.01789116859436035
3925,AES,0.017945051193237305,0.019126415252685547,1730,0.019659042358398438
3925,No_Encryption,0.018088579177856445,0.016995906829833984,1378,0.019119739532470703
3926,PQC,0.02312922477722168,0.023011207580566406,3138,0.018401145935058594
3926,AES,0.023898839950561523,0.018891572952270508,1730,0.01849508285522461
3926,No_Encryption,0.020634174346923828,0.01575756072998047,1378,0.024369239807128906
3927,PQC,0.033818960189819336,0.02190995216369629,3138,0.01967024803161621
3927,AES,0.021855831146240234,0.020002126693725586,1730,0.021579504013061523
3927,No_Encryption,0.01874709129333496,0.017297983169555664,1378,0.019320964813232422
3928,PQC,0.02289271354675293,0.025278568267822266,3138,0.02233576774597168
3928,AES,0.02303767204284668,0.023221731185913086,1730,0.021555185317993164
3928,No_Encryption,0.021281957626342773,0.021047592163085938,1378,0.02494215965270996
3929,PQC,0.027896404266357422,0.0283200740814209,3138,0.02643752098083496
3929,AES,0.024847030639648438,0.02426934242248535,1730,0.027359962463378906
3929,No_Encryption,0.02919173240661621,0.023837566375732422,1378,0.026977062225341797
3930,PQC,0.03449201583862305,0.030124664306640625,3138,0.028435945510864258
3930,AES,0.03226780891418457,0.02761220932006836,1730,0.02750849723815918
3930,No_Encryption,0.027988195419311523,0.02507638931274414,1378,0.028380393981933594
3931,PQC,0.036563873291015625,0.032891035079956055,3138,0.029355287551879883
3931,AES,0.03686046600341797,0.028617143630981445,1730,0.02517080307006836
3931,No_Encryption,0.025148630142211914,0.02280426025390625,1378,0.024631261825561523
3932,PQC,0.027257919311523438,0.02649235725402832,3138,0.023147106170654297
3932,AES,0.02090144157409668,0.020024538040161133,1730,0.01804041862487793
3932,No_Encryption,0.0186617374420166,0.017390966415405273,1378,0.021152734756469727
3933,PQC,0.022859811782836914,0.021429061889648438,3138,0.0181729793548584
3933,AES,0.01995849609375,0.018580913543701172,1730,0.018775463104248047
3933,No_Encryption,0.01974320411682129,0.017138004302978516,1378,0.01987433433532715
3934,PQC,0.021718263626098633,0.02052783966064453,3138,0.0177915096282959
3934,AES,0.021724224090576172,0.019960403442382812,1730,0.018472909927368164
3934,No_Encryption,0.018521785736083984,0.01665353775024414,1378,0.021309852600097656
3935,PQC,0.02206897735595703,0.021335601806640625,3138,0.0187530517578125
3935,AES,0.019109249114990234,0.01902604103088379,1730,0.01888561248779297
3935,No_Encryption,0.030404090881347656,0.017520904541015625,1378,0.01763010025024414
3936,PQC,0.022798538208007812,0.019742250442504883,3138,0.018401622772216797
3936,AES,0.0227663516998291,0.01969766616821289,1730,0.01803421974182129
3936,No_Encryption,0.02159714698791504,0.01682305335998535,1378,0.018246889114379883
3937,PQC,0.02937150001525879,0.0211789608001709,3138,0.01887345314025879
3937,AES,0.01795363426208496,0.02078700065612793,1730,0.020694732666015625
3937,No_Encryption,0.018927574157714844,0.017418622970581055,1378,0.020291566848754883
3938,PQC,0.021937847137451172,0.019867658615112305,3138,0.021790266036987305
3938,AES,0.018567323684692383,0.018681764602661133,1730,0.0189816951751709
3938,No_Encryption,0.022527456283569336,0.016386747360229492,1378,0.020665884017944336
3939,PQC,0.02935051918029785,0.0200197696685791,3138,0.018140316009521484
3939,AES,0.018209457397460938,0.019536256790161133,1730,0.020168781280517578
3939,No_Encryption,0.018729209899902344,0.016244888305664062,1378,0.019263267517089844
3940,PQC,0.023888587951660156,0.021368741989135742,3138,0.01942586898803711
3940,AES,0.019933223724365234,0.018219947814941406,1730,0.017334699630737305
3940,No_Encryption,0.020011186599731445,0.01830315589904785,1378,0.02301192283630371
3941,PQC,0.029415369033813477,0.0214996337890625,3138,0.019280433654785156
3941,AES,0.018965959548950195,0.020883798599243164,1730,0.01850605010986328
3941,No_Encryption,0.01864457130432129,0.01676464080810547,1378,0.018459796905517578
3942,PQC,0.022425413131713867,0.020365238189697266,3138,0.018305540084838867
3942,AES,0.02194499969482422,0.019105195999145508,1730,0.01756739616394043
3942,No_Encryption,0.019722461700439453,0.016662120819091797,1378,0.020880937576293945
3943,PQC,0.02358555793762207,0.02092599868774414,3138,0.02073836326599121
3943,AES,0.020371198654174805,0.01775979995727539,1730,0.01936960220336914
3943,No_Encryption,0.01974940299987793,0.01568436622619629,1378,0.018363237380981445
3944,PQC,0.02434992790222168,0.020745277404785156,3138,0.017677783966064453
3944,AES,0.025438308715820312,0.01917862892150879,1730,0.018859386444091797
3944,No_Encryption,0.020804643630981445,0.016654491424560547,1378,0.019589662551879883
3945,PQC,0.023656129837036133,0.02104806900024414,3138,0.017271995544433594
3945,AES,0.02298712730407715,0.01888108253479004,1730,0.01812124252319336
3945,No_Encryption,0.020101308822631836,0.016455888748168945,1378,0.01804518699645996
3946,PQC,0.024591684341430664,0.020046234130859375,3138,0.019675016403198242
3946,AES,0.02113032341003418,0.0180203914642334,1730,0.017517805099487305
3946,No_Encryption,0.017950773239135742,0.015817642211914062,1378,0.019091129302978516
3947,PQC,0.021822452545166016,0.025032520294189453,3138,0.01739335060119629
3947,AES,0.018929719924926758,0.01897430419921875,1730,0.018572568893432617
3947,No_Encryption,0.0185239315032959,0.017318010330200195,1378,0.017778635025024414
3948,PQC,0.02445077896118164,0.02224588394165039,3138,0.018441438674926758
3948,AES,0.022346973419189453,0.019679784774780273,1730,0.018222332000732422
3948,No_Encryption,0.019826650619506836,0.0172121524810791,1378,0.01715397834777832
3949,PQC,0.02299666404724121,0.01984858512878418,3138,0.018309593200683594
3949,AES,0.018978595733642578,0.018235445022583008,1730,0.01847052574157715
3949,No_Encryption,0.019245147705078125,0.0164334774017334,1378,0.017347335815429688
3950,PQC,0.027809858322143555,0.02511882781982422,3138,0.019449949264526367
3950,AES,0.019959211349487305,0.01806807518005371,1730,0.01836872100830078
3950,No_Encryption,0.01869988441467285,0.01585698127746582,1378,0.01972675323486328
3951,PQC,0.02428746223449707,0.020067930221557617,3138,0.018024206161499023
3951,AES,0.02119302749633789,0.019255399703979492,1730,0.0196225643157959
3951,No_Encryption,0.023076772689819336,0.016434192657470703,1378,0.018553733825683594
3952,PQC,0.028660297393798828,0.025785207748413086,3138,0.022451162338256836
3952,AES,0.022364377975463867,0.021834850311279297,1730,0.023548126220703125
3952,No_Encryption,0.028912067413330078,0.024033069610595703,1378,0.024633169174194336
3953,PQC,0.030325651168823242,0.028912782669067383,3138,0.02686905860900879
3953,AES,0.030182838439941406,0.026485919952392578,1730,0.027469158172607422
3953,No_Encryption,0.024369001388549805,0.02595376968383789,1378,0.028415441513061523
3954,PQC,0.03862881660461426,0.033532142639160156,3138,0.031479835510253906
3954,AES,0.03009653091430664,0.027190446853637695,1730,0.026296377182006836
3954,No_Encryption,0.02634286880493164,0.02342844009399414,1378,0.0285184383392334
3955,PQC,0.03434276580810547,0.034601449966430664,3138,0.029050827026367188
3955,AES,0.03221917152404785,0.030957460403442383,1730,0.030111074447631836
3955,No_Encryption,0.027157306671142578,0.027013540267944336,1378,0.03271007537841797
3956,PQC,0.036298513412475586,0.03483438491821289,3138,0.028917312622070312
3956,AES,0.03182101249694824,0.02903604507446289,1730,0.03293323516845703
3956,No_Encryption,0.03659677505493164,0.02557849884033203,1378,0.030800342559814453
3957,PQC,0.03792428970336914,0.03704643249511719,3138,0.031384944915771484
3957,AES,0.03963279724121094,0.031125307083129883,1730,0.03365945816040039
3957,No_Encryption,0.0340886116027832,0.026337146759033203,1378,0.035512685775756836
3958,PQC,0.03634190559387207,0.03587007522583008,3138,0.028714418411254883
3958,AES,0.03184223175048828,0.030243635177612305,1730,0.029975414276123047
3958,No_Encryption,0.029965639114379883,0.028307676315307617,1378,0.03154754638671875
3959,PQC,0.041893720626831055,0.03252267837524414,3138,0.03099536895751953
3959,AES,0.03179574012756348,0.03128814697265625,1730,0.031665802001953125
3959,No_Encryption,0.027437686920166016,0.03217887878417969,1378,0.04042863845825195
3960,PQC,0.03841257095336914,0.03830528259277344,3138,0.03516125679016113
3960,AES,0.03626203536987305,0.03294491767883301,1730,0.035068511962890625
3960,No_Encryption,0.027853727340698242,0.02873969078063965,1378,0.03525137901306152
3961,PQC,0.03726840019226074,0.03488302230834961,3138,0.0344388484954834
3961,AES,0.03238511085510254,0.03128814697265625,1730,0.03212308883666992
3961,No_Encryption,0.027261018753051758,0.022588729858398438,1378,0.02357959747314453
3962,PQC,0.0260469913482666,0.02602243423461914,3138,0.023062467575073242
3962,AES,0.02136397361755371,0.02122187614440918,1730,0.018517017364501953
3962,No_Encryption,0.019468307495117188,0.017849445343017578,1378,0.01935410499572754
3963,PQC,0.028280258178710938,0.022142410278320312,3138,0.0187685489654541
3963,AES,0.02141880989074707,0.02097940444946289,1730,0.018396377563476562
3963,No_Encryption,0.01895594596862793,0.01709580421447754,1378,0.018670320510864258
3964,PQC,0.023711442947387695,0.020714521408081055,3138,0.017756938934326172
3964,AES,0.018338918685913086,0.01761627197265625,1730,0.02020573616027832
3964,No_Encryption,0.01901865005493164,0.016754865646362305,1378,0.02017831802368164
3965,PQC,0.022616147994995117,0.021167278289794922,3138,0.0183713436126709
3965,AES,0.01933002471923828,0.017687320709228516,1730,0.018683910369873047
3965,No_Encryption,0.021201610565185547,0.01842641830444336,1378,0.01909613609313965
3966,PQC,0.0257413387298584,0.020717620849609375,3138,0.018378257751464844
3966,AES,0.019629478454589844,0.021285533905029297,1730,0.018517017364501953
3966,No_Encryption,0.020676612854003906,0.016564130783081055,1378,0.020318269729614258
3967,PQC,0.02361583709716797,0.020421743392944336,3138,0.019080638885498047
3967,AES,0.017729520797729492,0.018822669982910156,1730,0.018468856811523438
3967,No_Encryption,0.01850438117980957,0.018785715103149414,1378,0.01765298843383789
3968,PQC,0.024060964584350586,0.021245241165161133,3138,0.019078493118286133
3968,AES,0.021361351013183594,0.01872086524963379,1730,0.019591808319091797
3968,No_Encryption,0.019863128662109375,0.017242431640625,1378,0.019098281860351562
3969,PQC,0.0250394344329834,0.02079463005065918,3138,0.018970966339111328
3969,AES,0.021571636199951172,0.019318580627441406,1730,0.020496129989624023
3969,No_Encryption,0.018413066864013672,0.016458988189697266,1378,0.018899917602539062
3970,PQC,0.024275541305541992,0.021196365356445312,3138,0.017284154891967773
3970,AES,0.023355722427368164,0.017782211303710938,1730,0.019954442977905273
3970,No_Encryption,0.0176694393157959,0.017243385314941406,1378,0.020889997482299805
3971,PQC,0.021815061569213867,0.02096700668334961,3138,0.018371105194091797
3971,AES,0.0222470760345459,0.019846439361572266,1730,0.018430233001708984
3971,No_Encryption,0.024396657943725586,0.016852617263793945,1378,0.019522428512573242
3972,PQC,0.032601118087768555,0.021692991256713867,3138,0.018030881881713867
3972,AES,0.019540071487426758,0.020229578018188477,1730,0.018058061599731445
3972,No_Encryption,0.017094850540161133,0.017408132553100586,1378,0.01926445960998535
3973,PQC,0.025048494338989258,0.019428253173828125,3138,0.017627954483032227
3973,AES,0.019567489624023438,0.019373178482055664,1730,0.018786191940307617
3973,No_Encryption,0.021161794662475586,0.017664670944213867,1378,0.018639087677001953
3974,PQC,0.024018526077270508,0.019744873046875,3138,0.01956486701965332
3974,AES,0.027628421783447266,0.019639015197753906,1730,0.017048358917236328
3974,No_Encryption,0.023038864135742188,0.01624011993408203,1378,0.01856684684753418
3975,PQC,0.02466416358947754,0.020482540130615234,3138,0.018544673919677734
3975,AES,0.01968550682067871,0.019489288330078125,1730,0.018227338790893555
3975,No_Encryption,0.018635272979736328,0.0168612003326416,1378,0.017842769622802734
3976,PQC,0.01996922492980957,0.025311946868896484,3138,0.01961231231689453
3976,AES,0.019319534301757812,0.017974853515625,1730,0.02251267433166504
3976,No_Encryption,0.0189821720123291,0.017807483673095703,1378,0.019369840621948242
3977,PQC,0.025835752487182617,0.023374557495117188,3138,0.02041769027709961
3977,AES,0.028415441513061523,0.022917509078979492,1730,0.023569107055664062
3977,No_Encryption,0.022127151489257812,0.022120952606201172,1378,0.027377843856811523
3978,PQC,0.028292417526245117,0.028385639190673828,3138,0.02685689926147461
3978,AES,0.03545260429382324,0.02551436424255371,1730,0.027461767196655273
3978,No_Encryption,0.037976980209350586,0.026257753372192383,1378,0.027901172637939453
3979,PQC,0.03388500213623047,0.038247108459472656,3138,0.029232025146484375
3979,AES,0.03175663948059082,0.037772178649902344,1730,0.034873008728027344
3979,No_Encryption,0.03873252868652344,0.03022599220275879,1378,0.035080909729003906
3980,PQC,0.03697037696838379,0.038899898529052734,3138,0.0330049991607666
3980,AES,0.03270864486694336,0.031970977783203125,1730,0.03267931938171387
3980,No_Encryption,0.028258800506591797,0.027643203735351562,1378,0.03080606460571289
3981,PQC,0.0356752872467041,0.037181854248046875,3138,0.03280234336853027
3981,AES,0.03661966323852539,0.032881975173950195,1730,0.03216218948364258
3981,No_Encryption,0.029204130172729492,0.026688337326049805,1378,0.03256392478942871
3982,PQC,0.03821158409118652,0.040148019790649414,3138,0.029198169708251953
3982,AES,0.03618288040161133,0.03438138961791992,1730,0.028628826141357422
3982,No_Encryption,0.028444528579711914,0.02651238441467285,1378,0.0325467586517334
3983,PQC,0.0356287956237793,0.035166263580322266,3138,0.03090357780456543
3983,AES,0.033498287200927734,0.030808210372924805,1730,0.03124070167541504
3983,No_Encryption,0.034136056900024414,0.025853872299194336,1378,0.02818584442138672
3984,PQC,0.039087772369384766,0.032247304916381836,3138,0.02732706069946289
3984,AES,0.02964186668395996,0.026967525482177734,1730,0.034214019775390625
3984,No_Encryption,0.029627084732055664,0.02899909019470215,1378,0.0348966121673584
3985,PQC,0.03765249252319336,0.03580975532531738,3138,0.029072284698486328
3985,AES,0.03215909004211426,0.03212571144104004,1730,0.030185222625732422
3985,No_Encryption,0.03095078468322754,0.029050827026367188,1378,0.02987957000732422
3986,PQC,0.03506922721862793,0.03378462791442871,3138,0.02911376953125
3986,AES,0.02914285659790039,0.027429580688476562,1730,0.025925636291503906
3986,No_Encryption,0.023729562759399414,0.022012948989868164,1378,0.022099733352661133
3987,PQC,0.03255343437194824,0.025413036346435547,3138,0.018677473068237305
3987,AES,0.019979476928710938,0.0205230712890625,1730,0.01894974708557129
3987,No_Encryption,0.017989397048950195,0.01717662811279297,1378,0.019324541091918945
3988,PQC,0.021779537200927734,0.021253108978271484,3138,0.018224239349365234
3988,AES,0.01926112174987793,0.019373178482055664,1730,0.021603822708129883
3988,No_Encryption,0.019446134567260742,0.016373157501220703,1378,0.018608808517456055
3989,PQC,0.027211666107177734,0.023339033126831055,3138,0.01862955093383789
3989,AES,0.019237041473388672,0.018495798110961914,1730,0.018793106079101562
3989,No_Encryption,0.018982648849487305,0.015781402587890625,1378,0.02223038673400879
3990,PQC,0.021656513214111328,0.020848751068115234,3138,0.018236637115478516
3990,AES,0.01834583282470703,0.020755767822265625,1730,0.01976776123046875
3990,No_Encryption,0.018389225006103516,0.016932964324951172,1378,0.020879268646240234
3991,PQC,0.02641606330871582,0.02387690544128418,3138,0.017688751220703125
3991,AES,0.018930435180664062,0.01890420913696289,1730,0.021657705307006836
3991,No_Encryption,0.023478984832763672,0.018212318420410156,1378,0.020954608917236328
3992,PQC,0.02478194236755371,0.024206876754760742,3138,0.020606517791748047
3992,AES,0.025365352630615234,0.02326035499572754,1730,0.021546363830566406
3992,No_Encryption,0.023088932037353516,0.022151947021484375,1378,0.026679515838623047
3993,PQC,0.0348200798034668,0.030339717864990234,3138,0.02798604965209961
3993,AES,0.02816605567932129,0.0290377140045166,1730,0.02707386016845703
3993,No_Encryption,0.03116130828857422,0.026760339736938477,1378,0.03124547004699707
3994,PQC,0.04230618476867676,0.0325624942779541,3138,0.026684284210205078
3994,AES,0.030674457550048828,0.028810977935791016,1730,0.02782726287841797
3994,No_Encryption,0.030442237854003906,0.02957296371459961,1378,0.029642820358276367
3995,PQC,0.03491663932800293,0.03227353096008301,3138,0.024384498596191406
3995,AES,0.02558445930480957,0.021944284439086914,1730,0.02083873748779297
3995,No_Encryption,0.020592451095581055,0.018608570098876953,1378,0.02268195152282715
3996,PQC,0.023424148559570312,0.02175450325012207,3138,0.019841909408569336
3996,AES,0.019330739974975586,0.020067930221557617,1730,0.0207369327545166
3996,No_Encryption,0.022183895111083984,0.016113996505737305,1378,0.019263267517089844
3997,PQC,0.03159952163696289,0.03070831298828125,3138,0.022019386291503906
3997,AES,0.020303010940551758,0.02067852020263672,1730,0.020938873291015625
3997,No_Encryption,0.01792454719543457,0.017102479934692383,1378,0.019008636474609375
3998,PQC,0.02723073959350586,0.02318120002746582,3138,0.01862049102783203
3998,AES,0.02048659324645996,0.01749420166015625,1730,0.017949581146240234
3998,No_Encryption,0.01750779151916504,0.016913175582885742,1378,0.018565654754638672
3999,PQC,0.027085065841674805,0.021444082260131836,3138,0.01851797103881836
3999,AES,0.022081375122070312,0.019826650619506836,1730,0.019328832626342773
3999,No_Encryption,0.018576622009277344,0.017966270446777344,1378,0.018367767333984375
4000,PQC,0.02201676368713379,0.020254135131835938,3138,0.01800537109375
4000,AES,0.02227187156677246,0.01996445655822754,1730,0.02006077766418457
4000,No_Encryption,0.01845693588256836,0.01674365997314453,1378,0.019140958786010742
4001,PQC,0.027571678161621094,0.021263837814331055,3138,0.02003169059753418
4001,AES,0.02185678482055664,0.018639087677001953,1730,0.018323898315429688
4001,No_Encryption,0.017608642578125,0.01801466941833496,1378,0.021143436431884766
4002,PQC,0.024710416793823242,0.020210981369018555,3138,0.01774144172668457
4002,AES,0.023464679718017578,0.019535064697265625,1730,0.01696920394897461
4002,No_Encryption,0.017192363739013672,0.016732215881347656,1378,0.017508506774902344
4003,PQC,0.020052433013916016,0.02040410041809082,3138,0.01795172691345215
4003,AES,0.019327402114868164,0.02011728286743164,1730,0.018013954162597656
4003,No_Encryption,0.021843910217285156,0.015616893768310547,1378,0.019368886947631836
4004,PQC,0.02357769012451172,0.02198958396911621,3138,0.01618170738220215
4004,AES,0.018765926361083984,0.01786351203918457,1730,0.018218278884887695
4004,No_Encryption,0.021014690399169922,0.01751089096069336,1378,0.018796443939208984
4005,PQC,0.022768497467041016,0.020465373992919922,3138,0.017777442932128906
4005,AES,0.021147489547729492,0.021799802780151367,1730,0.022650957107543945
4005,No_Encryption,0.022717714309692383,0.019124507904052734,1378,0.022839784622192383
4006,PQC,0.02797985076904297,0.026366233825683594,3138,0.022905349731445312
4006,AES,0.024237871170043945,0.024488210678100586,1730,0.026056528091430664
4006,No_Encryption,0.025173425674438477,0.022573471069335938,1378,0.027569293975830078
4007,PQC,0.03339362144470215,0.03375816345214844,3138,0.02986931800842285
4007,AES,0.028464794158935547,0.028050661087036133,1730,0.031247615814208984
4007,No_Encryption,0.02731633186340332,0.02662062644958496,1378,0.031127452850341797
4008,PQC,0.033789873123168945,0.034337759017944336,3138,0.029573678970336914
4008,AES,0.030832529067993164,0.030956745147705078,1730,0.028919696807861328
4008,No_Encryption,0.03142380714416504,0.02332448959350586,1378,0.025450706481933594
4009,PQC,0.02966022491455078,0.025727510452270508,3138,0.02083611488342285
4009,AES,0.0283050537109375,0.019968748092651367,1730,0.022271156311035156
4009,No_Encryption,0.022705554962158203,0.01691460609436035,1378,0.0189664363861084
4010,PQC,0.032492637634277344,0.021082639694213867,3138,0.020258188247680664
4010,AES,0.02001023292541504,0.020607709884643555,1730,0.019784927368164062
4010,No_Encryption,0.020904541015625,0.016735553741455078,1378,0.019320964813232422
4011,PQC,0.02227783203125,0.020412921905517578,3138,0.018734455108642578
4011,AES,0.02102828025817871,0.01825094223022461,1730,0.018310070037841797
4011,No_Encryption,0.018342256546020508,0.016554594039916992,1378,0.01958918571472168
4012,PQC,0.026093721389770508,0.020511627197265625,3138,0.018375158309936523
4012,AES,0.02089238166809082,0.018748760223388672,1730,0.018427371978759766
4012,No_Encryption,0.01888298988342285,0.0157778263092041,1378,0.022622108459472656
4013,PQC,0.02176523208618164,0.020404338836669922,3138,0.019186973571777344
4013,AES,0.022974252700805664,0.019854068756103516,1730,0.019835710525512695
4013,No_Encryption,0.020397186279296875,0.019160747528076172,1378,0.0204622745513916
4014,PQC,0.027839183807373047,0.02524733543395996,3138,0.02215743064880371
4014,AES,0.026407957077026367,0.02375173568725586,1730,0.023699522018432617
4014,No_Encryption,0.02280139923095703,0.021749258041381836,1378,0.02550673484802246
4015,PQC,0.03218555450439453,0.03195548057556152,3138,0.028949737548828125
4015,AES,0.029616355895996094,0.028148651123046875,1730,0.028689861297607422
4015,No_Encryption,0.030884504318237305,0.02895212173461914,1378,0.034542083740234375
4016,PQC,0.036125898361206055,0.032231807708740234,3138,0.02645397186279297
4016,AES,0.03290748596191406,0.03671860694885254,1730,0.03921031951904297
4016,No_Encryption,0.0371861457824707,0.029951810836791992,1378,0.033910512924194336
4017,PQC,0.04138898849487305,0.03722262382507324,3138,0.03188371658325195
4017,AES,0.03744935989379883,0.03408360481262207,1730,0.029458284378051758
4017,No_Encryption,0.03586602210998535,0.028120756149291992,1378,0.031332969665527344
4018,PQC,0.04539752006530762,0.03457450866699219,3138,0.03146982192993164
4018,AES,0.03472447395324707,0.031165361404418945,1730,0.03308749198913574
4018,No_Encryption,0.03276324272155762,0.0306551456451416,1378,0.029417753219604492
4019,PQC,0.035317182540893555,0.03571510314941406,3138,0.02850198745727539
4019,AES,0.03300642967224121,0.029545307159423828,1730,0.027571439743041992
4019,No_Encryption,0.03789949417114258,0.026140451431274414,1378,0.029686689376831055
4020,PQC,0.03325247764587402,0.039816856384277344,3138,0.030575990676879883
4020,AES,0.03093862533569336,0.030831098556518555,1730,0.032413482666015625
4020,No_Encryption,0.029341697692871094,0.025822877883911133,1378,0.03130626678466797
4021,PQC,0.03972887992858887,0.03345227241516113,3138,0.0305025577545166
4021,AES,0.02966904640197754,0.028282642364501953,1730,0.028440237045288086
4021,No_Encryption,0.031572818756103516,0.026830673217773438,1378,0.03568291664123535
4022,PQC,0.04015779495239258,0.035393714904785156,3138,0.029846668243408203
4022,AES,0.028872966766357422,0.03261232376098633,1730,0.03156089782714844
4022,No_Encryption,0.02917337417602539,0.026594877243041992,1378,0.03371095657348633
4023,PQC,0.04064464569091797,0.034699440002441406,3138,0.027392864227294922
4023,AES,0.03085184097290039,0.024960756301879883,1730,0.024492502212524414
4023,No_Encryption,0.024654150009155273,0.020994186401367188,1378,0.022421836853027344
4024,PQC,0.023887157440185547,0.02205657958984375,3138,0.019971370697021484
4024,AES,0.025061607360839844,0.018771648406982422,1730,0.01881575584411621
4024,No_Encryption,0.018245697021484375,0.018659591674804688,1378,0.02028036117553711
4025,PQC,0.022418498992919922,0.02151966094970703,3138,0.01775383949279785
4025,AES,0.02257561683654785,0.020136356353759766,1730,0.020296812057495117
4025,No_Encryption,0.020282506942749023,0.01634955406188965,1378,0.02066826820373535
4026,PQC,0.025870323181152344,0.02588176727294922,3138,0.020212173461914062
4026,AES,0.022995471954345703,0.019730091094970703,1730,0.01813507080078125
4026,No_Encryption,0.02069091796875,0.017372846603393555,1378,0.018275022506713867
4027,PQC,0.02405381202697754,0.020569562911987305,3138,0.01740884780883789
4027,AES,0.01862478256225586,0.019530057907104492,1730,0.018393754959106445
4027,No_Encryption,0.0177915096282959,0.015772342681884766,1378,0.019702434539794922
4028,PQC,0.02292346954345703,0.02100062370300293,3138,0.0194399356842041
4028,AES,0.018849849700927734,0.01808643341064453,1730,0.02150273323059082
4028,No_Encryption,0.020201921463012695,0.01678323745727539,1378,0.018742799758911133
4029,PQC,0.02396988868713379,0.022336483001708984,3138,0.018769502639770508
4029,AES,0.02435779571533203,0.018852949142456055,1730,0.018535375595092773
4029,No_Encryption,0.018441438674926758,0.016046524047851562,1378,0.01886153221130371
4030,PQC,0.02164745330810547,0.021564483642578125,3138,0.018558502197265625
4030,AES,0.020344018936157227,0.018430471420288086,1730,0.01903367042541504
4030,No_Encryption,0.01935100555419922,0.01636505126953125,1378,0.019985437393188477
4031,PQC,0.021570682525634766,0.020834922790527344,3138,0.019927024841308594
4031,AES,0.01824808120727539,0.01823258399963379,1730,0.019872188568115234
4031,No_Encryption,0.01992511749267578,0.01695537567138672,1378,0.018489837646484375
4032,PQC,0.02099752426147461,0.020134925842285156,3138,0.016840219497680664
4032,AES,0.020610809326171875,0.019633054733276367,1730,0.017932415008544922
4032,No_Encryption,0.01839423179626465,0.0167391300201416,1378,0.01826190948486328
4033,PQC,0.023537397384643555,0.021034955978393555,3138,0.017918109893798828
4033,AES,0.019649028778076172,0.018212080001831055,1730,0.01960277557373047
4033,No_Encryption,0.021050214767456055,0.017604351043701172,1378,0.019127607345581055
4034,PQC,0.02177262306213379,0.020328521728515625,3138,0.018973350524902344
4034,AES,0.028890609741210938,0.018793821334838867,1730,0.0182497501373291
4034,No_Encryption,0.02511882781982422,0.017212629318237305,1378,0.02317214012145996
4035,PQC,0.023294687271118164,0.024461030960083008,3138,0.021167278289794922
4035,AES,0.021408557891845703,0.020224809646606445,1730,0.02065277099609375
4035,No_Encryption,0.022185802459716797,0.01823711395263672,1378,0.019275903701782227
4036,PQC,0.02177882194519043,0.0207974910736084,3138,0.0179445743560791
4036,AES,0.027268648147583008,0.018941640853881836,1730,0.01908087730407715
4036,No_Encryption,0.018949031829833984,0.016386747360229492,1378,0.018429279327392578
4037,PQC,0.024374008178710938,0.021949052810668945,3138,0.018313884735107422
4037,AES,0.020934104919433594,0.018515825271606445,1730,0.01815056800842285
4037,No_Encryption,0.018439054489135742,0.016845226287841797,1378,0.0189974308013916
4038,PQC,0.022134780883789062,0.020198345184326172,3138,0.01781010627746582
4038,AES,0.021158456802368164,0.019019126892089844,1730,0.017971277236938477
4038,No_Encryption,0.02220630645751953,0.016352415084838867,1378,0.017375469207763672
4039,PQC,0.022039175033569336,0.020246028900146484,3138,0.017559051513671875
4039,AES,0.02222299575805664,0.017984390258789062,1730,0.019082069396972656
4039,No_Encryption,0.021515369415283203,0.01710653305053711,1378,0.018087148666381836
4040,PQC,0.02120685577392578,0.02057337760925293,3138,0.01834583282470703
4040,AES,0.02028799057006836,0.01850104331970215,1730,0.017232179641723633
4040,No_Encryption,0.020597219467163086,0.01630568504333496,1378,0.018319368362426758
4041,PQC,0.028437137603759766,0.020164012908935547,3138,0.01952981948852539
4041,AES,0.019640684127807617,0.018283843994140625,1730,0.01724076271057129
4041,No_Encryption,0.01785421371459961,0.016619205474853516,1378,0.017558574676513672
4042,PQC,0.02415943145751953,0.019744396209716797,3138,0.016018390655517578
4042,AES,0.019298315048217773,0.01787567138671875,1730,0.019235849380493164
4042,No_Encryption,0.021253585815429688,0.016045808792114258,1378,0.017757415771484375
4043,PQC,0.022378206253051758,0.02065563201904297,3138,0.01791071891784668
4043,AES,0.02162933349609375,0.018743038177490234,1730,0.02015376091003418
4043,No_Encryption,0.019942045211791992,0.016751527786254883,1378,0.020886659622192383
4044,PQC,0.023566722869873047,0.021981000900268555,3138,0.019207477569580078
4044,AES,0.022599458694458008,0.021384000778198242,1730,0.021084308624267578
4044,No_Encryption,0.02511453628540039,0.021424055099487305,1378,0.024077892303466797
4045,PQC,0.02987504005432129,0.02539658546447754,3138,0.021471500396728516
4045,AES,0.026700496673583984,0.023444175720214844,1730,0.02483677864074707
4045,No_Encryption,0.02786850929260254,0.022715091705322266,1378,0.023671388626098633
4046,PQC,0.031180620193481445,0.029085397720336914,3138,0.02413201332092285
4046,AES,0.02601146697998047,0.024150609970092773,1730,0.024782657623291016
4046,No_Encryption,0.024965763092041016,0.024904727935791016,1378,0.0266263484954834
4047,PQC,0.03163003921508789,0.036051034927368164,3138,0.026053428649902344
4047,AES,0.025450944900512695,0.027480125427246094,1730,0.02784276008605957
4047,No_Encryption,0.02481532096862793,0.024145841598510742,1378,0.028423070907592773
4048,PQC,0.035475730895996094,0.032471418380737305,3138,0.026491880416870117
4048,AES,0.031415700912475586,0.02904677391052246,1730,0.027051925659179688
4048,No_Encryption,0.02729487419128418,0.023861169815063477,1378,0.027415990829467773
4049,PQC,0.034826040267944336,0.031070947647094727,3138,0.028117895126342773
4049,AES,0.035927534103393555,0.02760767936706543,1730,0.026993989944458008
4049,No_Encryption,0.0266568660736084,0.024791240692138672,1378,0.028971433639526367
4050,PQC,0.03218531608581543,0.030089378356933594,3138,0.026957988739013672
4050,AES,0.027773380279541016,0.028469324111938477,1730,0.027526378631591797
4050,No_Encryption,0.024445056915283203,0.025757312774658203,1378,0.026901721954345703
4051,PQC,0.03191828727722168,0.03265690803527832,3138,0.026111125946044922
4051,AES,0.032204389572143555,0.02958989143371582,1730,0.025281667709350586
4051,No_Encryption,0.025844097137451172,0.024480819702148438,1378,0.028696298599243164
4052,PQC,0.03362774848937988,0.03202176094055176,3138,0.02670598030090332
4052,AES,0.031691789627075195,0.0298159122467041,1730,0.028186321258544922
4052,No_Encryption,0.025623083114624023,0.023973703384399414,1378,0.028243303298950195
4053,PQC,0.044063568115234375,0.03837108612060547,3138,0.03060770034790039
4053,AES,0.03498983383178711,0.03229260444641113,1730,0.02926468849182129
4053,No_Encryption,0.029455184936523438,0.02879476547241211,1378,0.02940988540649414
4054,PQC,0.03478884696960449,0.03388476371765137,3138,0.02853870391845703
4054,AES,0.03019857406616211,0.028742074966430664,1730,0.027825593948364258
4054,No_Encryption,0.026070594787597656,0.026240825653076172,1378,0.027659893035888672
4055,PQC,0.03147101402282715,0.032952070236206055,3138,0.028386592864990234
4055,AES,0.029305696487426758,0.030370712280273438,1730,0.028974056243896484
4055,No_Encryption,0.02585005760192871,0.02334427833557129,1378,0.0286257266998291
4056,PQC,0.0326688289642334,0.03086113929748535,3138,0.02769017219543457
4056,AES,0.03232765197753906,0.02843642234802246,1730,0.026920080184936523
4056,No_Encryption,0.02858281135559082,0.024656057357788086,1378,0.026419878005981445
4057,PQC,0.03359818458557129,0.030371427536010742,3138,0.026781558990478516
4057,AES,0.02991795539855957,0.02893209457397461,1730,0.02991461753845215
4057,No_Encryption,0.02733325958251953,0.025468111038208008,1378,0.028635263442993164
4058,PQC,0.03254413604736328,0.030009746551513672,3138,0.02830362319946289
4058,AES,0.031038761138916016,0.028943538665771484,1730,0.029411792755126953
4058,No_Encryption,0.0356597900390625,0.025081872940063477,1378,0.029169082641601562
4059,PQC,0.03235340118408203,0.03309917449951172,3138,0.028676509857177734
4059,AES,0.027014493942260742,0.027158021926879883,1730,0.027669429779052734
4059,No_Encryption,0.0295865535736084,0.024924516677856445,1378,0.028696298599243164
4060,PQC,0.03226470947265625,0.03292989730834961,3138,0.028666973114013672
4060,AES,0.02782297134399414,0.029325246810913086,1730,0.02852797508239746
4060,No_Encryption,0.028516769409179688,0.02656102180480957,1378,0.030337810516357422
4061,PQC,0.032343387603759766,0.030414104461669922,3138,0.02702188491821289
4061,AES,0.025985240936279297,0.025417327880859375,1730,0.02481675148010254
4061,No_Encryption,0.021515607833862305,0.021125078201293945,1378,0.021454334259033203
4062,PQC,0.023072242736816406,0.022466421127319336,3138,0.019482135772705078
4062,AES,0.020983457565307617,0.01972031593322754,1730,0.019661426544189453
4062,No_Encryption,0.02050948143005371,0.016956567764282227,1378,0.0213320255279541
4063,PQC,0.021864652633666992,0.020609140396118164,3138,0.019258737564086914
4063,AES,0.021413087844848633,0.020786285400390625,1730,0.018089771270751953
4063,No_Encryption,0.026546716690063477,0.01665782928466797,1378,0.020035505294799805
4064,PQC,0.023850679397583008,0.02141714096069336,3138,0.017617225646972656
4064,AES,0.020051240921020508,0.018014907836914062,1730,0.0172574520111084
4064,No_Encryption,0.018290996551513672,0.015485525131225586,1378,0.01903510093688965
4065,PQC,0.0238802433013916,0.0206298828125,3138,0.018455028533935547
4065,AES,0.018877267837524414,0.018381834030151367,1730,0.01774907112121582
4065,No_Encryption,0.01924872398376465,0.017127513885498047,1378,0.019150257110595703
4066,PQC,0.02220630645751953,0.019637346267700195,3138,0.017405033111572266
4066,AES,0.018994808197021484,0.017877817153930664,1730,0.018315553665161133
4066,No_Encryption,0.01798844337463379,0.016633033752441406,1378,0.018228530883789062
4067,PQC,0.02301931381225586,0.01984858512878418,3138,0.017866849899291992
4067,AES,0.018864870071411133,0.018199443817138672,1730,0.018512964248657227
4067,No_Encryption,0.020049571990966797,0.01733565330505371,1378,0.019170761108398438
4068,PQC,0.023089885711669922,0.020713329315185547,3138,0.019770145416259766
4068,AES,0.018361330032348633,0.01790642738342285,1730,0.017859220504760742
4068,No_Encryption,0.018069028854370117,0.01568770408630371,1378,0.018918275833129883
4069,PQC,0.022539854049682617,0.020834922790527344,3138,0.019570350646972656
4069,AES,0.02020549774169922,0.018967628479003906,1730,0.020011186599731445
4069,No_Encryption,0.019037246704101562,0.016536474227905273,1378,0.017715930938720703
4070,PQC,0.02174234390258789,0.020974397659301758,3138,0.017247915267944336
4070,AES,0.020520687103271484,0.018186569213867188,1730,0.01971602439880371
4070,No_Encryption,0.01809549331665039,0.016868114471435547,1378,0.019289731979370117
4071,PQC,0.020570039749145508,0.020694732666015625,3138,0.01792001724243164
4071,AES,0.02133965492248535,0.01854085922241211,1730,0.02078557014465332
4071,No_Encryption,0.028319597244262695,0.0188596248626709,1378,0.020367860794067383
4072,PQC,0.024686574935913086,0.021796464920043945,3138,0.017972707748413086
4072,AES,0.0197908878326416,0.0180356502532959,1730,0.016968727111816406
4072,No_Encryption,0.017702579498291016,0.015783071517944336,1378,0.018198013305664062
4073,PQC,0.02157902717590332,0.020641088485717773,3138,0.016902446746826172
4073,AES,0.01905512809753418,0.01837921142578125,1730,0.01767134666442871
4073,No_Encryption,0.01697564125061035,0.016308069229125977,1378,0.01777338981628418
4074,PQC,0.02172994613647461,0.01940155029296875,3138,0.017953872680664062
4074,AES,0.019553661346435547,0.01830124855041504,1730,0.017715930938720703
4074,No_Encryption,0.017729759216308594,0.01691579818725586,1378,0.01847553253173828
4075,PQC,0.02656245231628418,0.021465778350830078,3138,0.017864704132080078
4075,AES,0.021037817001342773,0.018019676208496094,1730,0.019262313842773438
4075,No_Encryption,0.022382736206054688,0.01679205894470215,1378,0.01829838752746582
4076,PQC,0.023229122161865234,0.02104043960571289,3138,0.01758432388305664
4076,AES,0.018392562866210938,0.016989707946777344,1730,0.01857590675354004
4076,No_Encryption,0.01817178726196289,0.016535520553588867,1378,0.019325971603393555
4077,PQC,0.02268695831298828,0.022074460983276367,3138,0.019691944122314453
4077,AES,0.022207975387573242,0.020570039749145508,1730,0.02057027816772461
4077,No_Encryption,0.02114725112915039,0.020096302032470703,1378,0.02214503288269043
4078,PQC,0.026462793350219727,0.025056123733520508,3138,0.0222933292388916
4078,AES,0.022830963134765625,0.02471327781677246,1730,0.02401113510131836
4078,No_Encryption,0.02426600456237793,0.0213775634765625,1378,0.02431035041809082
4079,PQC,0.02826690673828125,0.028401613235473633,3138,0.024968624114990234
4079,AES,0.026702880859375,0.026970624923706055,1730,0.025811433792114258
4079,No_Encryption,0.03327655792236328,0.023080825805664062,1378,0.026706933975219727
4080,PQC,0.029237031936645508,0.02913951873779297,3138,0.028164148330688477
4080,AES,0.026777267456054688,0.02555060386657715,1730,0.02671647071838379
4080,No_Encryption,0.034615278244018555,0.023506641387939453,1378,0.027313232421875
4081,PQC,0.029116392135620117,0.029132843017578125,3138,0.026017427444458008
4081,AES,0.027864694595336914,0.029909372329711914,1730,0.02717900276184082
4081,No_Encryption,0.02572917938232422,0.024921894073486328,1378,0.0264127254486084
4082,PQC,0.036759376525878906,0.030272960662841797,3138,0.026653766632080078
4082,AES,0.027559280395507812,0.028720855712890625,1730,0.026355266571044922
4082,No_Encryption,0.028211116790771484,0.02512526512145996,1378,0.026693105697631836
4083,PQC,0.03389692306518555,0.030770540237426758,3138,0.027067184448242188
4083,AES,0.029528379440307617,0.027747631072998047,1730,0.028229951858520508
4083,No_Encryption,0.027561664581298828,0.025107383728027344,1378,0.02837657928466797
4084,PQC,0.042617082595825195,0.030688047409057617,3138,0.02963566780090332
4084,AES,0.030405521392822266,0.028604745864868164,1730,0.027180910110473633
4084,No_Encryption,0.030887603759765625,0.02493453025817871,1378,0.029178142547607422
4085,PQC,0.032134056091308594,0.03232097625732422,3138,0.028249502182006836
4085,AES,0.028526782989501953,0.027824878692626953,1730,0.027888059616088867
4085,No_Encryption,0.025960922241210938,0.025899171829223633,1378,0.028964757919311523
4086,PQC,0.032943010330200195,0.030310392379760742,3138,0.025831937789916992
4086,AES,0.02744579315185547,0.027646303176879883,1730,0.024979114532470703
4086,No_Encryption,0.028995752334594727,0.02512049674987793,1378,0.028803110122680664
4087,PQC,0.031891584396362305,0.03137969970703125,3138,0.025712966918945312
4087,AES,0.02780437469482422,0.027586698532104492,1730,0.028024673461914062
4087,No_Encryption,0.02879023551940918,0.02471137046813965,1378,0.026899099349975586
4088,PQC,0.026569366455078125,0.025655508041381836,3138,0.02103877067565918
4088,AES,0.022835493087768555,0.021012544631958008,1730,0.02030467987060547
4088,No_Encryption,0.01935720443725586,0.017302751541137695,1378,0.01872539520263672
4089,PQC,0.024326801300048828,0.020629167556762695,3138,0.018721818923950195
4089,AES,0.018990039825439453,0.018263816833496094,1730,0.018415451049804688
4089,No_Encryption,0.017692089080810547,0.0165102481842041,1378,0.019233226776123047
4090,PQC,0.0372314453125,0.021193742752075195,3138,0.01781606674194336
4090,AES,0.01883983612060547,0.01834845542907715,1730,0.017879009246826172
4090,No_Encryption,0.018317222595214844,0.016797542572021484,1378,0.0193631649017334
4091,PQC,0.02209925651550293,0.019959449768066406,3138,0.017912626266479492
4091,AES,0.019489049911499023,0.017720699310302734,1730,0.018669843673706055
4091,No_Encryption,0.017951011657714844,0.015890836715698242,1378,0.018522977828979492
4092,PQC,0.0222322940826416,0.020418882369995117,3138,0.017284631729125977
4092,AES,0.020096302032470703,0.017452716827392578,1730,0.01840066909790039
4092,No_Encryption,0.01903843879699707,0.016167163848876953,1378,0.019192218780517578
4093,PQC,0.020523548126220703,0.019949674606323242,3138,0.017418861389160156
4093,AES,0.01984262466430664,0.019138574600219727,1730,0.018126487731933594
4093,No_Encryption,0.018690109252929688,0.016138076782226562,1378,0.01940631866455078
4094,PQC,0.021924257278442383,0.01997995376586914,3138,0.0180203914642334
4094,AES,0.017966747283935547,0.0181581974029541,1730,0.018096446990966797
4094,No_Encryption,0.020438671112060547,0.015644073486328125,1378,0.016926050186157227
4095,PQC,0.02366805076599121,0.019971609115600586,3138,0.01653909683227539
4095,AES,0.018588781356811523,0.01788783073425293,1730,0.01881718635559082
4095,No_Encryption,0.01964402198791504,0.01639103889465332,1378,0.01796698570251465
4096,PQC,0.022246599197387695,0.021873950958251953,3138,0.016832828521728516
4096,AES,0.020985841751098633,0.017851591110229492,1730,0.01865386962890625
4096,No_Encryption,0.017213821411132812,0.01571941375732422,1378,0.019913673400878906
4097,PQC,0.027480602264404297,0.019863605499267578,3138,0.017307758331298828
4097,AES,0.02110147476196289,0.017588376998901367,1730,0.01819610595703125
4097,No_Encryption,0.018200397491455078,0.01598954200744629,1378,0.01893162727355957
4098,PQC,0.021725893020629883,0.020270109176635742,3138,0.01737666130065918
4098,AES,0.01904010772705078,0.018717288970947266,1730,0.01772022247314453
4098,No_Encryption,0.02194690704345703,0.017261505126953125,1378,0.020199298858642578
4099,PQC,0.023661136627197266,0.020147323608398438,3138,0.01749444007873535
4099,AES,0.01839923858642578,0.01766371726989746,1730,0.017500638961791992
4099,No_Encryption,0.021370649337768555,0.016331911087036133,1378,0.018189430236816406
4100,PQC,0.020463943481445312,0.02112436294555664,3138,0.01768970489501953
4100,AES,0.021419525146484375,0.018265247344970703,1730,0.01734161376953125
4100,No_Encryption,0.01824641227722168,0.01595330238342285,1378,0.018082857131958008
4101,PQC,0.023426055908203125,0.01901078224182129,3138,0.017186641693115234
4101,AES,0.018520116806030273,0.017625093460083008,1730,0.018756628036499023
4101,No_Encryption,0.019563913345336914,0.015776634216308594,1378,0.017935752868652344
4102,PQC,0.022796154022216797,0.022366762161254883,3138,0.01977992057800293
4102,AES,0.019318580627441406,0.018093585968017578,1730,0.01850748062133789
4102,No_Encryption,0.017986059188842773,0.015832185745239258,1378,0.01877284049987793
4103,PQC,0.022024154663085938,0.02124953269958496,3138,0.01731562614440918
4103,AES,0.01998162269592285,0.01880955696105957,1730,0.018616914749145508
4103,No_Encryption,0.018666982650756836,0.01632404327392578,1378,0.018720149993896484
4104,PQC,0.02374744415283203,0.022223949432373047,3138,0.0198667049407959
4104,AES,0.022663593292236328,0.023586750030517578,1730,0.0218355655670166
4104,No_Encryption,0.02367115020751953,0.022793292999267578,1378,0.025485754013061523
4105,PQC,0.0293271541595459,0.028830289840698242,3138,0.024506807327270508
4105,AES,0.025167465209960938,0.02612614631652832,1730,0.02493739128112793
4105,No_Encryption,0.028599977493286133,0.02399134635925293,1378,0.027273178100585938
4106,PQC,0.03117680549621582,0.030657291412353516,3138,0.025179147720336914
4106,AES,0.032418012619018555,0.026447772979736328,1730,0.027194738388061523
4106,No_Encryption,0.026491403579711914,0.024330615997314453,1378,0.02946615219116211
4107,PQC,0.03477835655212402,0.03240013122558594,3138,0.02731466293334961
4107,AES,0.031575918197631836,0.029778242111206055,1730,0.029293060302734375
4107,No_Encryption,0.02696990966796875,0.023916006088256836,1378,0.029691219329833984
4108,PQC,0.041341543197631836,0.04975295066833496,3138,0.034467220306396484
4108,AES,0.051827192306518555,0.04151415824890137,1730,0.03543448448181152
4108,No_Encryption,0.04092860221862793,0.03191328048706055,1378,0.03553891181945801
4109,PQC,0.04110121726989746,0.037869930267333984,3138,0.031151294708251953
4109,AES,0.03880620002746582,0.03420257568359375,1730,0.03150296211242676
4109,No_Encryption,0.03201913833618164,0.030190467834472656,1378,0.03271818161010742
4110,PQC,0.03853487968444824,0.03416109085083008,3138,0.03147578239440918
4110,AES,0.03249502182006836,0.030427932739257812,1730,0.030638694763183594
4110,No_Encryption,0.032776832580566406,0.029489517211914062,1378,0.032124996185302734
4111,PQC,0.0365452766418457,0.03487372398376465,3138,0.027390718460083008
4111,AES,0.032618045806884766,0.03085947036743164,1730,0.02886343002319336
4111,No_Encryption,0.03925824165344238,0.027330636978149414,1378,0.030875682830810547
4112,PQC,0.0423731803894043,0.039858341217041016,3138,0.030757665634155273
4112,AES,0.03193020820617676,0.03308820724487305,1730,0.030533790588378906
4112,No_Encryption,0.03022170066833496,0.028564929962158203,1378,0.02909255027770996
4113,PQC,0.03551626205444336,0.034186363220214844,3138,0.027584552764892578
4113,AES,0.03099370002746582,0.028316497802734375,1730,0.02738809585571289
4113,No_Encryption,0.02624797821044922,0.02516961097717285,1378,0.025596141815185547
4114,PQC,0.02960348129272461,0.030671119689941406,3138,0.028520822525024414
4114,AES,0.03534722328186035,0.028275728225708008,1730,0.02698683738708496
4114,No_Encryption,0.026206493377685547,0.025058984756469727,1378,0.026571273803710938
4115,PQC,0.03816652297973633,0.03010869026184082,3138,0.02591252326965332
4115,AES,0.025902986526489258,0.02715754508972168,1730,0.02642989158630371
4115,No_Encryption,0.025864839553833008,0.025403976440429688,1378,0.025203227996826172
4116,PQC,0.029082298278808594,0.0276644229888916,3138,0.024460554122924805
4116,AES,0.02515721321105957,0.026525259017944336,1730,0.025255441665649414
4116,No_Encryption,0.023373842239379883,0.02274012565612793,1378,0.02542424201965332
4117,PQC,0.029978036880493164,0.029225587844848633,3138,0.022484302520751953
4117,AES,0.022233247756958008,0.02066349983215332,1730,0.019618988037109375
4117,No_Encryption,0.018458843231201172,0.0173947811126709,1378,0.01759505271911621
4118,PQC,0.020139694213867188,0.022054672241210938,3138,0.01771855354309082
4118,AES,0.01773667335510254,0.018283605575561523,1730,0.018414735794067383
4118,No_Encryption,0.01871204376220703,0.016994476318359375,1378,0.01798248291015625
4119,PQC,0.022649765014648438,0.023926734924316406,3138,0.01769709587097168
4119,AES,0.020778417587280273,0.01742243766784668,1730,0.018145084381103516
4119,No_Encryption,0.01894545555114746,0.015154600143432617,1378,0.017435312271118164
4120,PQC,0.021882057189941406,0.02045440673828125,3138,0.017549514770507812
4120,AES,0.018063783645629883,0.0175325870513916,1730,0.017334938049316406
4120,No_Encryption,0.017747879028320312,0.016078472137451172,1378,0.01849079132080078
4121,PQC,0.0198361873626709,0.020339012145996094,3138,0.01704263687133789
4121,AES,0.020122528076171875,0.017931222915649414,1730,0.017204999923706055
4121,No_Encryption,0.019278526306152344,0.016072988510131836,1378,0.018409013748168945
4122,PQC,0.023489952087402344,0.019417524337768555,3138,0.017434120178222656
4122,AES,0.02180647850036621,0.019762516021728516,1730,0.01869988441467285
4122,No_Encryption,0.017729997634887695,0.015105724334716797,1378,0.01741337776184082
4123,PQC,0.020838499069213867,0.019517183303833008,3138,0.016827106475830078
4123,AES,0.02202749252319336,0.019353866577148438,1730,0.017578840255737305
4123,No_Encryption,0.017700910568237305,0.016035795211791992,1378,0.016798973083496094
4124,PQC,0.020343303680419922,0.019751548767089844,3138,0.0168001651763916
4124,AES,0.018998384475708008,0.0174560546875,1730,0.01711869239807129
4124,No_Encryption,0.018060684204101562,0.015408515930175781,1378,0.017182111740112305
4125,PQC,0.020246267318725586,0.019481420516967773,3138,0.017324209213256836
4125,AES,0.01815009117126465,0.016726016998291016,1730,0.017072439193725586
4125,No_Encryption,0.017323970794677734,0.018321990966796875,1378,0.02509760856628418
4126,PQC,0.02102351188659668,0.019234657287597656,3138,0.017597198486328125
4126,AES,0.018666744232177734,0.018029212951660156,1730,0.016732215881347656
4126,No_Encryption,0.021660804748535156,0.01567554473876953,1378,0.018362760543823242
4127,PQC,0.022767066955566406,0.020294666290283203,3138,0.018401145935058594
4127,AES,0.017777681350708008,0.016409873962402344,1730,0.017800569534301758
4127,No_Encryption,0.017627239227294922,0.015028715133666992,1378,0.017277240753173828
4128,PQC,0.022040128707885742,0.01974773406982422,3138,0.01687932014465332
4128,AES,0.019436120986938477,0.016944169998168945,1730,0.01832103729248047
4128,No_Encryption,0.017809152603149414,0.016291141510009766,1378,0.018851041793823242
4129,PQC,0.01914525032043457,0.01900792121887207,3138,0.016668081283569336
4129,AES,0.01842331886291504,0.016069889068603516,1730,0.017293214797973633
4129,No_Encryption,0.0176088809967041,0.01627659797668457,1378,0.017574071884155273
4130,PQC,0.02024102210998535,0.01813983917236328,3138,0.017629623413085938
4130,AES,0.020656347274780273,0.019472360610961914,1730,0.019267559051513672
4130,No_Encryption,0.018999576568603516,0.01601576805114746,1378,0.018095970153808594
4131,PQC,0.02036309242248535,0.018207788467407227,3138,0.01722407341003418
4131,AES,0.019803285598754883,0.017554044723510742,1730,0.01715397834777832
4131,No_Encryption,0.025302648544311523,0.015047550201416016,1378,0.018167495727539062
4132,PQC,0.022045612335205078,0.0188446044921875,3138,0.01642775535583496
4132,AES,0.01764059066772461,0.017079591751098633,1730,0.016932010650634766
4132,No_Encryption,0.020498037338256836,0.0159146785736084,1378,0.01756143569946289
4133,PQC,0.02047443389892578,0.01936197280883789,3138,0.018085718154907227
4133,AES,0.020107507705688477,0.016927719116210938,1730,0.01769399642944336
4133,No_Encryption,0.016873598098754883,0.015679121017456055,1378,0.019417762756347656
4134,PQC,0.02251720428466797,0.02096080780029297,3138,0.017531394958496094
4134,AES,0.019217729568481445,0.018727540969848633,1730,0.01904749870300293
4134,No_Encryption,0.01882004737854004,0.019188642501831055,1378,0.02048039436340332
4135,PQC,0.029360532760620117,0.02680802345275879,3138,0.022272348403930664
4135,AES,0.022197484970092773,0.022800445556640625,1730,0.02198958396911621
4135,No_Encryption,0.021051645278930664,0.0200350284576416,1378,0.021373748779296875
4136,PQC,0.027506351470947266,0.024039268493652344,3138,0.021829605102539062
4136,AES,0.02240157127380371,0.024618864059448242,1730,0.023304224014282227
4136,No_Encryption,0.026001453399658203,0.02145981788635254,1378,0.025017976760864258
4137,PQC,0.02738809585571289,0.027477025985717773,3138,0.02301478385925293
4137,AES,0.023328065872192383,0.02286505699157715,1730,0.024548053741455078
4137,No_Encryption,0.02238154411315918,0.022059202194213867,1378,0.02520442008972168
4138,PQC,0.026587486267089844,0.021389484405517578,3138,0.019829750061035156
4138,AES,0.019119739532470703,0.018941640853881836,1730,0.01689743995666504
4138,No_Encryption,0.017542600631713867,0.016520023345947266,1378,0.019578218460083008
4139,PQC,0.023732662200927734,0.01968669891357422,3138,0.017839908599853516
4139,AES,0.02324509620666504,0.016611099243164062,1730,0.018236875534057617
4139,No_Encryption,0.017287492752075195,0.015079736709594727,1378,0.017597198486328125
4140,PQC,0.026337862014770508,0.01892852783203125,3138,0.01676487922668457
4140,AES,0.01923346519470215,0.0172579288482666,1730,0.017000198364257812
4140,No_Encryption,0.016556739807128906,0.015175580978393555,1378,0.01686716079711914
4141,PQC,0.022611618041992188,0.018826961517333984,3138,0.016366004943847656
4141,AES,0.019156932830810547,0.01638007164001465,1730,0.01800084114074707
4141,No_Encryption,0.022815227508544922,0.015315771102905273,1378,0.018080472946166992
4142,PQC,0.02303004264831543,0.01908588409423828,3138,0.01650071144104004
4142,AES,0.019530773162841797,0.016985654830932617,1730,0.018433809280395508
4142,No_Encryption,0.01933741569519043,0.015216827392578125,1378,0.018451929092407227
4143,PQC,0.022902250289916992,0.017441749572753906,3138,0.017941713333129883
4143,AES,0.01832866668701172,0.017737150192260742,1730,0.019063711166381836
4143,No_Encryption,0.020151615142822266,0.0157468318939209,1378,0.01781439781188965
4144,PQC,0.02425217628479004,0.019347429275512695,3138,0.018373489379882812
4144,AES,0.0211184024810791,0.01895761489868164,1730,0.018959760665893555
4144,No_Encryption,0.01763010025024414,0.0164947509765625,1378,0.017056941986083984
4145,PQC,0.021325349807739258,0.019819259643554688,3138,0.016988515853881836
4145,AES,0.021632671356201172,0.016681671142578125,1730,0.015864133834838867
4145,No_Encryption,0.0200650691986084,0.015234947204589844,1378,0.018202543258666992
4146,PQC,0.02047419548034668,0.018756866455078125,3138,0.017839908599853516
4146,AES,0.017923831939697266,0.01697087287902832,1730,0.017441272735595703
4146,No_Encryption,0.023127317428588867,0.017705440521240234,1378,0.0179595947265625
4147,PQC,0.023186445236206055,0.02036571502685547,3138,0.017388105392456055
4147,AES,0.01864004135131836,0.019138813018798828,1730,0.018698453903198242
4147,No_Encryption,0.017868757247924805,0.016413450241088867,1378,0.017673254013061523
4148,PQC,0.02100062370300293,0.01981186866760254,3138,0.01728034019470215
4148,AES,0.01888561248779297,0.01984882354736328,1730,0.019058942794799805
4148,No_Encryption,0.018404722213745117,0.016675949096679688,1378,0.01809382438659668
4149,PQC,0.02094435691833496,0.01953721046447754,3138,0.017513513565063477
4149,AES,0.01818704605102539,0.016724348068237305,1730,0.018802404403686523
4149,No_Encryption,0.01742386817932129,0.01617288589477539,1378,0.01796412467956543
4150,PQC,0.02335071563720703,0.021542787551879883,3138,0.018323421478271484
4150,AES,0.01983928680419922,0.016873836517333984,1730,0.01753544807434082
4150,No_Encryption,0.018069982528686523,0.016145706176757812,1378,0.018627166748046875
4151,PQC,0.02199554443359375,0.020125865936279297,3138,0.018041372299194336
4151,AES,0.01889824867248535,0.017705917358398438,1730,0.017706632614135742
4151,No_Encryption,0.017289161682128906,0.01585531234741211,1378,0.017505168914794922
4152,PQC,0.020466089248657227,0.019355058670043945,3138,0.01750802993774414
4152,AES,0.01844310760498047,0.016481399536132812,1730,0.018199443817138672
4152,No_Encryption,0.017569303512573242,0.016341447830200195,1378,0.019095420837402344
4153,PQC,0.021793842315673828,0.020211458206176758,3138,0.018848180770874023
4153,AES,0.018834590911865234,0.01848006248474121,1730,0.018253564834594727
4153,No_Encryption,0.02153921127319336,0.017919301986694336,1378,0.020161867141723633
4154,PQC,0.020798206329345703,0.020494699478149414,3138,0.016916751861572266
4154,AES,0.019156694412231445,0.01759958267211914,1730,0.02001953125
4154,No_Encryption,0.021883726119995117,0.016799449920654297,1378,0.017346620559692383
4155,PQC,0.02236771583557129,0.01991415023803711,3138,0.0187685489654541
4155,AES,0.019207477569580078,0.01836848258972168,1730,0.01751875877380371
4155,No_Encryption,0.017678022384643555,0.015830516815185547,1378,0.018423080444335938
4156,PQC,0.023035764694213867,0.019973278045654297,3138,0.017564058303833008
4156,AES,0.018211841583251953,0.017929553985595703,1730,0.01754283905029297
4156,No_Encryption,0.01880192756652832,0.015745878219604492,1378,0.0176393985748291
4157,PQC,0.020520448684692383,0.01885700225830078,3138,0.01680922508239746
4157,AES,0.01797342300415039,0.016473054885864258,1730,0.016913890838623047
4157,No_Encryption,0.017133235931396484,0.016072988510131836,1378,0.01657247543334961
4158,PQC,0.02045130729675293,0.01970195770263672,3138,0.017824172973632812
4158,AES,0.018109798431396484,0.017969608306884766,1730,0.01677417755126953
4158,No_Encryption,0.018044471740722656,0.015573263168334961,1378,0.019227027893066406
4159,PQC,0.02046370506286621,0.01955246925354004,3138,0.018312931060791016
4159,AES,0.022211074829101562,0.018488407135009766,1730,0.01819443702697754
4159,No_Encryption,0.02023601531982422,0.016802549362182617,1378,0.018424034118652344
4160,PQC,0.0255124568939209,0.026945114135742188,3138,0.02085590362548828
4160,AES,0.021921157836914062,0.019844532012939453,1730,0.020333528518676758
4160,No_Encryption,0.021959304809570312,0.019095897674560547,1378,0.021809101104736328
4161,PQC,0.029885292053222656,0.026749610900878906,3138,0.024419546127319336
4161,AES,0.023718833923339844,0.022785663604736328,1730,0.02450275421142578
4161,No_Encryption,0.02460312843322754,0.021447181701660156,1378,0.025447368621826172
4162,PQC,0.030604839324951172,0.028064727783203125,3138,0.024813175201416016
4162,AES,0.02492380142211914,0.023387670516967773,1730,0.023698091506958008
4162,No_Encryption,0.024935483932495117,0.021231412887573242,1378,0.025947093963623047
4163,PQC,0.029431581497192383,0.02967691421508789,3138,0.025282859802246094
4163,AES,0.02523207664489746,0.025698184967041016,1730,0.026752471923828125
4163,No_Encryption,0.024061918258666992,0.022797346115112305,1378,0.025548696517944336
4164,PQC,0.03058481216430664,0.029514551162719727,3138,0.024376630783081055
4164,AES,0.026956558227539062,0.02646327018737793,1730,0.02493429183959961
4164,No_Encryption,0.02339935302734375,0.023444414138793945,1378,0.024676799774169922
4165,PQC,0.035529136657714844,0.030678510665893555,3138,0.02641439437866211
4165,AES,0.025132417678833008,0.025821685791015625,1730,0.025064468383789062
4165,No_Encryption,0.024925947189331055,0.024922847747802734,1378,0.02606964111328125
4166,PQC,0.029984712600708008,0.028615474700927734,3138,0.02531576156616211
4166,AES,0.028890609741210938,0.02606034278869629,1730,0.026007652282714844
4166,No_Encryption,0.029580116271972656,0.024900197982788086,1378,0.03464388847351074
4167,PQC,0.03784680366516113,0.03435802459716797,3138,0.030220985412597656
4167,AES,0.029774904251098633,0.0278017520904541,1730,0.02775263786315918
4167,No_Encryption,0.04130864143371582,0.025453567504882812,1378,0.029016971588134766
4168,PQC,0.03654837608337402,0.03381013870239258,3138,0.02737593650817871
4168,AES,0.030654191970825195,0.027811050415039062,1730,0.02872490882873535
4168,No_Encryption,0.025946855545043945,0.025229692459106445,1378,0.029973268508911133
4169,PQC,0.02926945686340332,0.030139684677124023,3138,0.02782583236694336
4169,AES,0.027553319931030273,0.0283358097076416,1730,0.027135848999023438
4169,No_Encryption,0.02397918701171875,0.024474143981933594,1378,0.027249574661254883
4170,PQC,0.03307151794433594,0.03197669982910156,3138,0.028384685516357422
4170,AES,0.03101348876953125,0.026984453201293945,1730,0.024904251098632812
4170,No_Encryption,0.02840137481689453,0.024169921875,1378,0.026192665100097656
4171,PQC,0.03599095344543457,0.03310537338256836,3138,0.025877714157104492
4171,AES,0.026177167892456055,0.025795698165893555,1730,0.029309511184692383
4171,No_Encryption,0.025766849517822266,0.023869752883911133,1378,0.025808334350585938
4172,PQC,0.02854442596435547,0.030437707901000977,3138,0.026417016983032227
4172,AES,0.025699138641357422,0.02400064468383789,1730,0.0280606746673584
4172,No_Encryption,0.025925397872924805,0.022922754287719727,1378,0.025090456008911133
4173,PQC,0.02922654151916504,0.02883172035217285,3138,0.02618098258972168
4173,AES,0.0259552001953125,0.027379751205444336,1730,0.02841329574584961
4173,No_Encryption,0.026061296463012695,0.024537324905395508,1378,0.026645660400390625
4174,PQC,0.030905961990356445,0.028572559356689453,3138,0.02869558334350586
4174,AES,0.025616884231567383,0.024011611938476562,1730,0.026662349700927734
4174,No_Encryption,0.024435997009277344,0.021422386169433594,1378,0.025432348251342773
4175,PQC,0.035623788833618164,0.029010295867919922,3138,0.026267051696777344
4175,AES,0.024973154067993164,0.024571895599365234,1730,0.02601790428161621
4175,No_Encryption,0.023327350616455078,0.022925138473510742,1378,0.024889707565307617
4176,PQC,0.03255653381347656,0.03201794624328613,3138,0.0292971134185791
4176,AES,0.028635501861572266,0.02630305290222168,1730,0.025789976119995117
4176,No_Encryption,0.02393364906311035,0.024488210678100586,1378,0.025484085083007812
4177,PQC,0.029536724090576172,0.02977728843688965,3138,0.02556633949279785
4177,AES,0.03180670738220215,0.027849435806274414,1730,0.02576160430908203
4177,No_Encryption,0.025559663772583008,0.024228334426879883,1378,0.029600143432617188
4178,PQC,0.03431057929992676,0.0300290584564209,3138,0.027139902114868164
4178,AES,0.027191638946533203,0.026113271713256836,1730,0.024669408798217773
4178,No_Encryption,0.026929140090942383,0.02299189567565918,1378,0.0260012149810791
4179,PQC,0.030286312103271484,0.030086994171142578,3138,0.02492809295654297
4179,AES,0.027943849563598633,0.0272676944732666,1730,0.025623559951782227
4179,No_Encryption,0.023668289184570312,0.020517587661743164,1378,0.025939464569091797
4180,PQC,0.04398655891418457,0.029642105102539062,3138,0.026436567306518555
4180,AES,0.02917003631591797,0.02454853057861328,1730,0.025846004486083984
4180,No_Encryption,0.02723860740661621,0.02377033233642578,1378,0.026826143264770508
4181,PQC,0.028415203094482422,0.0298922061920166,3138,0.025743961334228516
4181,AES,0.027452707290649414,0.026231765747070312,1730,0.026192188262939453
4181,No_Encryption,0.028531789779663086,0.022600889205932617,1378,0.024344921112060547
4182,PQC,0.028290987014770508,0.02748560905456543,3138,0.02555680274963379
4182,AES,0.02686333656311035,0.023882389068603516,1730,0.025022268295288086
4182,No_Encryption,0.025509119033813477,0.023604631423950195,1378,0.025745868682861328
4183,PQC,0.03285956382751465,0.027875423431396484,3138,0.025620698928833008
4183,AES,0.026192903518676758,0.025191068649291992,1730,0.02693009376525879
4183,No_Encryption,0.02504873275756836,0.022235870361328125,1378,0.026649951934814453
4184,PQC,0.030091285705566406,0.03454279899597168,3138,0.03378129005432129
4184,AES,0.03300595283508301,0.0301363468170166,1730,0.030470609664916992
4184,No_Encryption,0.03206038475036621,0.029515504837036133,1378,0.02986311912536621
4185,PQC,0.03132271766662598,0.030866384506225586,3138,0.027508974075317383
4185,AES,0.02942943572998047,0.02773308753967285,1730,0.027558326721191406
4185,No_Encryption,0.024819612503051758,0.024962425231933594,1378,0.02844071388244629
4186,PQC,0.03128671646118164,0.03097844123840332,3138,0.026827335357666016
4186,AES,0.030061006546020508,0.025582075119018555,1730,0.026445865631103516
4186,No_Encryption,0.024448871612548828,0.024132728576660156,1378,0.02678084373474121
4187,PQC,0.03341484069824219,0.031025409698486328,3138,0.025789499282836914
4187,AES,0.0302579402923584,0.02726006507873535,1730,0.025980710983276367
4187,No_Encryption,0.024662017822265625,0.022715330123901367,1378,0.024860143661499023
4188,PQC,0.02991628646850586,0.029358863830566406,3138,0.02420186996459961
4188,AES,0.028805017471313477,0.024078369140625,1730,0.026360511779785156
4188,No_Encryption,0.02796339988708496,0.02349066734313965,1378,0.026320219039916992
4189,PQC,0.03316640853881836,0.030754804611206055,3138,0.027723312377929688
4189,AES,0.02584695816040039,0.025610923767089844,1730,0.024468183517456055
4189,No_Encryption,0.024547100067138672,0.023448705673217773,1378,0.02638554573059082
4190,PQC,0.033565521240234375,0.03059697151184082,3138,0.02577829360961914
4190,AES,0.02411198616027832,0.02389693260192871,1730,0.025179147720336914
4190,No_Encryption,0.027453184127807617,0.023450136184692383,1378,0.02626657485961914
4191,PQC,0.030483722686767578,0.03039860725402832,3138,0.026484012603759766
4191,AES,0.0262451171875,0.026035308837890625,1730,0.025279998779296875
4191,No_Encryption,0.026007652282714844,0.024364233016967773,1378,0.02618408203125
4192,PQC,0.030882835388183594,0.029430389404296875,3138,0.024913549423217773
4192,AES,0.02817249298095703,0.024681568145751953,1730,0.022824525833129883
4192,No_Encryption,0.024575233459472656,0.023858070373535156,1378,0.02719283103942871
4193,PQC,0.0332338809967041,0.03118729591369629,3138,0.02812480926513672
4193,AES,0.02472972869873047,0.026210546493530273,1730,0.02599930763244629
4193,No_Encryption,0.023705005645751953,0.023488283157348633,1378,0.027312278747558594
4194,PQC,0.028638839721679688,0.028299331665039062,3138,0.025830507278442383
4194,AES,0.028039216995239258,0.025594711303710938,1730,0.027222633361816406
4194,No_Encryption,0.025293588638305664,0.02284860610961914,1378,0.026894807815551758
4195,PQC,0.030317068099975586,0.031052827835083008,3138,0.029152393341064453
4195,AES,0.026276588439941406,0.0260622501373291,1730,0.0266416072845459
4195,No_Encryption,0.024414539337158203,0.023298978805541992,1378,0.02582097053527832
4196,PQC,0.030510902404785156,0.029819488525390625,3138,0.025974512100219727
4196,AES,0.028097152709960938,0.024277925491333008,1730,0.025786638259887695
4196,No_Encryption,0.024955272674560547,0.024442672729492188,1378,0.027666330337524414
4197,PQC,0.030584335327148438,0.03189992904663086,3138,0.026050567626953125
4197,AES,0.0261232852935791,0.026055335998535156,1730,0.025454044342041016
4197,No_Encryption,0.025216341018676758,0.022814512252807617,1378,0.02782440185546875
4198,PQC,0.028534889221191406,0.028411865234375,3138,0.024994373321533203
4198,AES,0.024124860763549805,0.024600982666015625,1730,0.023740053176879883
4198,No_Encryption,0.02913069725036621,0.02277541160583496,1378,0.024878740310668945
4199,PQC,0.028603076934814453,0.027270078659057617,3138,0.024779319763183594
4199,AES,0.02489328384399414,0.02478623390197754,1730,0.024720430374145508
4199,No_Encryption,0.0232846736907959,0.023406267166137695,1378,0.0243227481842041
4200,PQC,0.030144214630126953,0.028427839279174805,3138,0.0237729549407959
4200,AES,0.028481721878051758,0.025539398193359375,1730,0.026825666427612305
4200,No_Encryption,0.02577829360961914,0.0230104923248291,1378,0.026017427444458008
4201,PQC,0.028981685638427734,0.031090736389160156,3138,0.025743961334228516
4201,AES,0.030735015869140625,0.03124833106994629,1730,0.03443646430969238
4201,No_Encryption,0.027175188064575195,0.0256502628326416,1378,0.029581546783447266
4202,PQC,0.031995296478271484,0.03230547904968262,3138,0.02880716323852539
4202,AES,0.03042316436767578,0.030836820602416992,1730,0.028908491134643555
4202,No_Encryption,0.025157928466796875,0.025798559188842773,1378,0.02680826187133789
4203,PQC,0.0313875675201416,0.029552936553955078,3138,0.028065919876098633
4203,AES,0.02664947509765625,0.026790618896484375,1730,0.028973817825317383
4203,No_Encryption,0.029423236846923828,0.027114391326904297,1378,0.026193857192993164
4204,PQC,0.031494855880737305,0.03334927558898926,3138,0.02690577507019043
4204,AES,0.025769472122192383,0.026066303253173828,1730,0.026375770568847656
4204,No_Encryption,0.024328231811523438,0.02449965476989746,1378,0.02680182456970215
4205,PQC,0.029889583587646484,0.030261754989624023,3138,0.025714874267578125
4205,AES,0.025071144104003906,0.02447056770324707,1730,0.027589797973632812
4205,No_Encryption,0.02711319923400879,0.025359153747558594,1378,0.024827003479003906
4206,PQC,0.030998706817626953,0.030176401138305664,3138,0.02418351173400879
4206,AES,0.025821924209594727,0.0253293514251709,1730,0.025175094604492188
4206,No_Encryption,0.023500680923461914,0.02302718162536621,1378,0.0287783145904541
4207,PQC,0.03325915336608887,0.030675172805786133,3138,0.026326656341552734
4207,AES,0.02466750144958496,0.024983882904052734,1730,0.023324966430664062
4207,No_Encryption,0.024277210235595703,0.023906946182250977,1378,0.026266098022460938
4208,PQC,0.031636953353881836,0.0305633544921875,3138,0.02506256103515625
4208,AES,0.027033567428588867,0.024829864501953125,1730,0.02420783042907715
4208,No_Encryption,0.025885343551635742,0.0233917236328125,1378,0.023757457733154297
4209,PQC,0.03124856948852539,0.028295040130615234,3138,0.023599624633789062
4209,AES,0.024543046951293945,0.02436661720275879,1730,0.02518177032470703
4209,No_Encryption,0.027553558349609375,0.025237560272216797,1378,0.02623915672302246
4210,PQC,0.03435158729553223,0.031903743743896484,3138,0.025959253311157227
4210,AES,0.02567601203918457,0.024939537048339844,1730,0.025805950164794922
4210,No_Encryption,0.02419304847717285,0.024826765060424805,1378,0.026613473892211914
4211,PQC,0.03128457069396973,0.031079769134521484,3138,0.02694106101989746
4211,AES,0.025533676147460938,0.02653336524963379,1730,0.025409698486328125
4211,No_Encryption,0.024512290954589844,0.022734642028808594,1378,0.026662588119506836
4212,PQC,0.029001712799072266,0.030617475509643555,3138,0.025729894638061523
4212,AES,0.025732040405273438,0.02479386329650879,1730,0.02319955825805664
4212,No_Encryption,0.024568557739257812,0.02524399757385254,1378,0.02695465087890625
4213,PQC,0.03095722198486328,0.029831647872924805,3138,0.02538919448852539
4213,AES,0.026500225067138672,0.02573990821838379,1730,0.025255680084228516
4213,No_Encryption,0.023570775985717773,0.02249288558959961,1378,0.026709556579589844
4214,PQC,0.029091596603393555,0.029125213623046875,3138,0.027797460556030273
4214,AES,0.02736496925354004,0.025724172592163086,1730,0.025281667709350586
4214,No_Encryption,0.025826692581176758,0.024153709411621094,1378,0.026097774505615234
4215,PQC,0.030742406845092773,0.03058314323425293,3138,0.025696277618408203
4215,AES,0.025426387786865234,0.02516627311706543,1730,0.02685236930847168
4215,No_Encryption,0.024998903274536133,0.02380514144897461,1378,0.026147127151489258
4216,PQC,0.032175540924072266,0.031131267547607422,3138,0.027094125747680664
4216,AES,0.027824878692626953,0.026899099349975586,1730,0.027749300003051758
4216,No_Encryption,0.023493528366088867,0.023794174194335938,1378,0.02746415138244629
4217,PQC,0.03569221496582031,0.028918981552124023,3138,0.02412557601928711
4217,AES,0.025839567184448242,0.025813817977905273,1730,0.025736570358276367
4217,No_Encryption,0.02288198471069336,0.023969411849975586,1378,0.025522708892822266
4218,PQC,0.02878570556640625,0.027684450149536133,3138,0.025726795196533203
4218,AES,0.02524256706237793,0.025256633758544922,1730,0.02563023567199707
4218,No_Encryption,0.030977964401245117,0.025209903717041016,1378,0.027108192443847656
4219,PQC,0.029419422149658203,0.028420686721801758,3138,0.03182363510131836
4219,AES,0.03267955780029297,0.03233146667480469,1730,0.03177189826965332
4219,No_Encryption,0.02794170379638672,0.025405168533325195,1378,0.028986454010009766
4220,PQC,0.033029794692993164,0.031087398529052734,3138,0.027821063995361328
4220,AES,0.028725862503051758,0.026541948318481445,1730,0.02499556541442871
4220,No_Encryption,0.024337053298950195,0.023568153381347656,1378,0.025990724563598633
4221,PQC,0.03140664100646973,0.029510498046875,3138,0.025581836700439453
4221,AES,0.026821136474609375,0.028066158294677734,1730,0.02443385124206543
4221,No_Encryption,0.024013042449951172,0.023925304412841797,1378,0.027959108352661133
4222,PQC,0.031109333038330078,0.0300595760345459,3138,0.025217294692993164
4222,AES,0.024775981903076172,0.024247407913208008,1730,0.02332925796508789
4222,No_Encryption,0.025218725204467773,0.02137589454650879,1378,0.024161815643310547
4223,PQC,0.029932498931884766,0.030995845794677734,3138,0.026458740234375
4223,AES,0.024960994720458984,0.02386927604675293,1730,0.02397322654724121
4223,No_Encryption,0.02375936508178711,0.02269434928894043,1378,0.026444435119628906
4224,PQC,0.03056788444519043,0.027752161026000977,3138,0.02795720100402832
4224,AES,0.025899648666381836,0.024596214294433594,1730,0.02491164207458496
4224,No_Encryption,0.026938438415527344,0.021689176559448242,1378,0.02328038215637207
4225,PQC,0.032636165618896484,0.03328895568847656,3138,0.026315689086914062
4225,AES,0.029462099075317383,0.02547931671142578,1730,0.02405261993408203
4225,No_Encryption,0.024005889892578125,0.024862051010131836,1378,0.027552127838134766
4226,PQC,0.030838489532470703,0.031934261322021484,3138,0.027292251586914062
4226,AES,0.027732372283935547,0.025409221649169922,1730,0.02540874481201172
4226,No_Encryption,0.023898601531982422,0.02262711524963379,1378,0.02888965606689453
4227,PQC,0.029744863510131836,0.03051137924194336,3138,0.02434253692626953
4227,AES,0.028020858764648438,0.026384592056274414,1730,0.02482914924621582
4227,No_Encryption,0.024164199829101562,0.02242898941040039,1378,0.025307655334472656
4228,PQC,0.02900242805480957,0.029610633850097656,3138,0.02575206756591797
4228,AES,0.03084874153137207,0.026159286499023438,1730,0.024952173233032227
4228,No_Encryption,0.0273287296295166,0.02373981475830078,1378,0.02926039695739746
4229,PQC,0.03299427032470703,0.032973289489746094,3138,0.028151273727416992
4229,AES,0.02767658233642578,0.026566505432128906,1730,0.02861762046813965
4229,No_Encryption,0.03459787368774414,0.023305892944335938,1378,0.028446197509765625
4230,PQC,0.03038811683654785,0.03056478500366211,3138,0.027060270309448242
4230,AES,0.03238630294799805,0.025763511657714844,1730,0.025642871856689453
4230,No_Encryption,0.02504873275756836,0.022516727447509766,1378,0.026450157165527344
4231,PQC,0.02978062629699707,0.02985978126525879,3138,0.024852991104125977
4231,AES,0.0280916690826416,0.026082754135131836,1730,0.026349782943725586
4231,No_Encryption,0.02468252182006836,0.023483991622924805,1378,0.026675939559936523
4232,PQC,0.02978658676147461,0.02988147735595703,3138,0.027225494384765625
4232,AES,0.027596712112426758,0.02500128746032715,1730,0.028972148895263672
4232,No_Encryption,0.027222871780395508,0.0246121883392334,1378,0.0276639461517334
4233,PQC,0.029526948928833008,0.029217243194580078,3138,0.02488112449645996
4233,AES,0.02687811851501465,0.026088953018188477,1730,0.025822877883911133
4233,No_Encryption,0.022936105728149414,0.023617982864379883,1378,0.02832484245300293
4234,PQC,0.029682636260986328,0.02921319007873535,3138,0.025275468826293945
4234,AES,0.02716851234436035,0.025359630584716797,1730,0.025098562240600586
4234,No_Encryption,0.025391578674316406,0.022706270217895508,1378,0.028821468353271484
4235,PQC,0.030605792999267578,0.031331539154052734,3138,0.027004003524780273
4235,AES,0.024308443069458008,0.026242971420288086,1730,0.024741411209106445
4235,No_Encryption,0.024306058883666992,0.02459883689880371,1378,0.024881839752197266
4236,PQC,0.03190255165100098,0.030165672302246094,3138,0.026834964752197266
4236,AES,0.02596259117126465,0.026780128479003906,1730,0.024877548217773438
4236,No_Encryption,0.025615692138671875,0.022337675094604492,1378,0.026424407958984375
4237,PQC,0.030260324478149414,0.029218673706054688,3138,0.024566173553466797
4237,AES,0.03281450271606445,0.030719995498657227,1730,0.028956890106201172
4237,No_Encryption,0.02845287322998047,0.028271198272705078,1378,0.03052520751953125
4238,PQC,0.03538823127746582,0.03258180618286133,3138,0.02770829200744629
4238,AES,0.02722764015197754,0.026707172393798828,1730,0.02905416488647461
4238,No_Encryption,0.025479555130004883,0.025550365447998047,1378,0.02743983268737793
4239,PQC,0.029540538787841797,0.029129743576049805,3138,0.0260469913482666
4239,AES,0.026063203811645508,0.024361610412597656,1730,0.027754545211791992
4239,No_Encryption,0.02446603775024414,0.02287125587463379,1378,0.02512836456298828
4240,PQC,0.031162023544311523,0.0284576416015625,3138,0.026901721954345703
4240,AES,0.026129961013793945,0.029035329818725586,1730,0.024498939514160156
4240,No_Encryption,0.027195215225219727,0.023652315139770508,1378,0.02577519416809082
4241,PQC,0.03119659423828125,0.029659032821655273,3138,0.025431394577026367
4241,AES,0.0275726318359375,0.025583982467651367,1730,0.025546789169311523
4241,No_Encryption,0.024709463119506836,0.02215123176574707,1378,0.025484085083007812
4242,PQC,0.03382158279418945,0.03292083740234375,3138,0.0290067195892334
4242,AES,0.028577804565429688,0.026445865631103516,1730,0.024086952209472656
4242,No_Encryption,0.023945331573486328,0.02595829963684082,1378,0.026941299438476562
4243,PQC,0.02994370460510254,0.029162168502807617,3138,0.025053024291992188
4243,AES,0.027187824249267578,0.027988433837890625,1730,0.025098562240600586
4243,No_Encryption,0.026717185974121094,0.024366378784179688,1378,0.026421070098876953
4244,PQC,0.03334212303161621,0.0337674617767334,3138,0.027655363082885742
4244,AES,0.027265310287475586,0.026442766189575195,1730,0.027884244918823242
4244,No_Encryption,0.027300596237182617,0.023491859436035156,1378,0.027410030364990234
4245,PQC,0.03088545799255371,0.029982328414916992,3138,0.0262603759765625
4245,AES,0.025327682495117188,0.0245053768157959,1730,0.025322437286376953
4245,No_Encryption,0.027034759521484375,0.022935152053833008,1378,0.024751663208007812
4246,PQC,0.033217668533325195,0.0300295352935791,3138,0.02525162696838379
4246,AES,0.027306079864501953,0.024785757064819336,1730,0.023647785186767578
4246,No_Encryption,0.026551485061645508,0.02334141731262207,1378,0.025616168975830078
4247,PQC,0.03511810302734375,0.029861927032470703,3138,0.025455474853515625
4247,AES,0.02822113037109375,0.026710033416748047,1730,0.025742769241333008
4247,No_Encryption,0.025437593460083008,0.023047685623168945,1378,0.028145790100097656
4248,PQC,0.030444860458374023,0.03203177452087402,3138,0.028124570846557617
4248,AES,0.027174711227416992,0.02590346336364746,1730,0.025893211364746094
4248,No_Encryption,0.025422334671020508,0.024529218673706055,1378,0.026612520217895508
4249,PQC,0.03775215148925781,0.031345367431640625,3138,0.025733232498168945
4249,AES,0.024969816207885742,0.02582550048828125,1730,0.023806333541870117
4249,No_Encryption,0.025037288665771484,0.02214527130126953,1378,0.024761199951171875
4250,PQC,0.03211259841918945,0.029381513595581055,3138,0.02704906463623047
4250,AES,0.028550148010253906,0.02486705780029297,1730,0.026085376739501953
4250,No_Encryption,0.030262470245361328,0.02336263656616211,1378,0.028934717178344727
4251,PQC,0.03215599060058594,0.028495311737060547,3138,0.02528858184814453
4251,AES,0.027078866958618164,0.028174161911010742,1730,0.027373313903808594
4251,No_Encryption,0.026450395584106445,0.024797916412353516,1378,0.02661609649658203
4252,PQC,0.029549837112426758,0.033524274826049805,3138,0.02461385726928711
4252,AES,0.02490830421447754,0.025812149047851562,1730,0.023548126220703125
4252,No_Encryption,0.02748870849609375,0.022829294204711914,1378,0.025588512420654297
4253,PQC,0.028621196746826172,0.029796123504638672,3138,0.02329540252685547
4253,AES,0.025513887405395508,0.025274991989135742,1730,0.02465343475341797
4253,No_Encryption,0.02653670310974121,0.022879600524902344,1378,0.026713848114013672
4254,PQC,0.03892207145690918,0.034255027770996094,3138,0.02959442138671875
4254,AES,0.03916215896606445,0.028623104095458984,1730,0.030066490173339844
4254,No_Encryption,0.0319666862487793,0.026744365692138672,1378,0.029212474822998047
4255,PQC,0.032773733139038086,0.030269622802734375,3138,0.02693796157836914
4255,AES,0.027145862579345703,0.026632070541381836,1730,0.025626420974731445
4255,No_Encryption,0.0244143009185791,0.023966550827026367,1378,0.02747631072998047
4256,PQC,0.030581235885620117,0.0293581485748291,3138,0.027318716049194336
4256,AES,0.02903270721435547,0.02550029754638672,1730,0.02546525001525879
4256,No_Encryption,0.026068449020385742,0.025522708892822266,1378,0.027374744415283203
4257,PQC,0.03084254264831543,0.03143954277038574,3138,0.02895975112915039
4257,AES,0.02679896354675293,0.026723146438598633,1730,0.026750564575195312
4257,No_Encryption,0.026067733764648438,0.023690223693847656,1378,0.025420188903808594
4258,PQC,0.031005382537841797,0.029111862182617188,3138,0.025934457778930664
4258,AES,0.02728128433227539,0.0252988338470459,1730,0.026039838790893555
4258,No_Encryption,0.03039097785949707,0.02366805076599121,1378,0.026046276092529297
4259,PQC,0.030666351318359375,0.03028559684753418,3138,0.025002717971801758
4259,AES,0.027069091796875,0.025690317153930664,1730,0.02555704116821289
4259,No_Encryption,0.02489495277404785,0.02498602867126465,1378,0.027721881866455078
4260,PQC,0.032852888107299805,0.032093048095703125,3138,0.02764415740966797
4260,AES,0.030298471450805664,0.027939319610595703,1730,0.02616572380065918
4260,No_Encryption,0.02690267562866211,0.023683786392211914,1378,0.027286291122436523
4261,PQC,0.03441286087036133,0.0294649600982666,3138,0.024413347244262695
4261,AES,0.026358842849731445,0.027029037475585938,1730,0.0276949405670166
4261,No_Encryption,0.029201507568359375,0.023825883865356445,1378,0.028487443923950195
4262,PQC,0.031164884567260742,0.030017375946044922,3138,0.025565385818481445
4262,AES,0.026615142822265625,0.02598857879638672,1730,0.026114702224731445
4262,No_Encryption,0.02622246742248535,0.0256345272064209,1378,0.0276336669921875
4263,PQC,0.030275344848632812,0.03015279769897461,3138,0.02666306495666504
4263,AES,0.02565288543701172,0.025641202926635742,1730,0.027317523956298828
4263,No_Encryption,0.027782440185546875,0.022986173629760742,1378,0.02621006965637207
4264,PQC,0.030707120895385742,0.029128074645996094,3138,0.026526451110839844
4264,AES,0.026856660842895508,0.025879859924316406,1730,0.02782893180847168
4264,No_Encryption,0.025578975677490234,0.023865938186645508,1378,0.03157830238342285
4265,PQC,0.030646562576293945,0.030704736709594727,3138,0.02547740936279297
4265,AES,0.027179718017578125,0.026607275009155273,1730,0.027814149856567383
4265,No_Encryption,0.02985239028930664,0.024973392486572266,1378,0.025310516357421875
4266,PQC,0.028635501861572266,0.027798891067504883,3138,0.024153470993041992
4266,AES,0.024630308151245117,0.02469491958618164,1730,0.023786306381225586
4266,No_Encryption,0.025088787078857422,0.023651123046875,1378,0.026202678680419922
4267,PQC,0.028494596481323242,0.02796792984008789,3138,0.023302793502807617
4267,AES,0.026347637176513672,0.024365663528442383,1730,0.024775266647338867
4267,No_Encryption,0.023067951202392578,0.02184581756591797,1378,0.026040077209472656
4268,PQC,0.030361652374267578,0.030384302139282227,3138,0.025108814239501953
4268,AES,0.02522587776184082,0.024840116500854492,1730,0.024477481842041016
4268,No_Encryption,0.024465560913085938,0.023001670837402344,1378,0.025974035263061523
4269,PQC,0.02866220474243164,0.02979135513305664,3138,0.02759861946105957
4269,AES,0.026656150817871094,0.026386737823486328,1730,0.02721858024597168
4269,No_Encryption,0.023720264434814453,0.02492666244506836,1378,0.02874469757080078
4270,PQC,0.029932498931884766,0.028659820556640625,3138,0.02663588523864746
4270,AES,0.029005765914916992,0.025934219360351562,1730,0.02652454376220703
4270,No_Encryption,0.02670884132385254,0.02498483657836914,1378,0.02698516845703125
4271,PQC,0.029638290405273438,0.029289722442626953,3138,0.0280609130859375
4271,AES,0.03888249397277832,0.03599429130554199,1730,0.03288078308105469
4271,No_Encryption,0.03377985954284668,0.028339385986328125,1378,0.0306398868560791
4272,PQC,0.034583330154418945,0.03331446647644043,3138,0.03005695343017578
4272,AES,0.02959275245666504,0.026305675506591797,1730,0.030131816864013672
4272,No_Encryption,0.02688884735107422,0.02422475814819336,1378,0.028369903564453125
4273,PQC,0.03156113624572754,0.028997182846069336,3138,0.02514362335205078
4273,AES,0.027084827423095703,0.026247739791870117,1730,0.02559828758239746
4273,No_Encryption,0.02416086196899414,0.02284383773803711,1378,0.025090456008911133
4274,PQC,0.02951359748840332,0.03161907196044922,3138,0.02827286720275879
4274,AES,0.03061366081237793,0.02599048614501953,1730,0.02592015266418457
4274,No_Encryption,0.024217844009399414,0.023963212966918945,1378,0.026986360549926758
4275,PQC,0.029839515686035156,0.03152298927307129,3138,0.0287473201751709
4275,AES,0.029272794723510742,0.02599787712097168,1730,0.025472640991210938
4275,No_Encryption,0.023375272750854492,0.022832870483398438,1378,0.02602529525756836
4276,PQC,0.029828786849975586,0.02905893325805664,3138,0.026789188385009766
4276,AES,0.024402618408203125,0.024849653244018555,1730,0.023648500442504883
4276,No_Encryption,0.024689674377441406,0.022831201553344727,1378,0.02679157257080078
4277,PQC,0.031746864318847656,0.028077363967895508,3138,0.0249173641204834
4277,AES,0.02813553810119629,0.026890277862548828,1730,0.026722431182861328
4277,No_Encryption,0.025300025939941406,0.021851778030395508,1378,0.0258176326751709
4278,PQC,0.028802871704101562,0.030751943588256836,3138,0.026327133178710938
4278,AES,0.025362491607666016,0.023983240127563477,1730,0.02459096908569336
4278,No_Encryption,0.023724794387817383,0.023727893829345703,1378,0.029341936111450195
4279,PQC,0.03010106086730957,0.030950307846069336,3138,0.02862071990966797
4279,AES,0.032312631607055664,0.027150869369506836,1730,0.029160499572753906
4279,No_Encryption,0.024808883666992188,0.02382349967956543,1378,0.0262601375579834
4280,PQC,0.031000137329101562,0.03167915344238281,3138,0.026372432708740234
4280,AES,0.02450704574584961,0.02659320831298828,1730,0.02698230743408203
4280,No_Encryption,0.02504420280456543,0.023155689239501953,1378,0.02700972557067871
4281,PQC,0.03039860725402832,0.0329442024230957,3138,0.029024839401245117
4281,AES,0.026146650314331055,0.025430917739868164,1730,0.026006221771240234
4281,No_Encryption,0.02534651756286621,0.021664142608642578,1378,0.025768280029296875
4282,PQC,0.02838444709777832,0.03130602836608887,3138,0.024716854095458984
4282,AES,0.02535080909729004,0.02343606948852539,1730,0.024341821670532227
4282,No_Encryption,0.02460646629333496,0.023593664169311523,1378,0.024921417236328125
4283,PQC,0.030248165130615234,0.02945995330810547,3138,0.02690410614013672
4283,AES,0.025664329528808594,0.02576422691345215,1730,0.02557849884033203
4283,No_Encryption,0.02487492561340332,0.023221969604492188,1378,0.02620387077331543
4284,PQC,0.03117966651916504,0.031210899353027344,3138,0.025745153427124023
4284,AES,0.025117874145507812,0.02429652214050293,1730,0.02548670768737793
4284,No_Encryption,0.023207664489746094,0.022347688674926758,1378,0.026500940322875977
4285,PQC,0.028562545776367188,0.028304576873779297,3138,0.025590896606445312
4285,AES,0.025323867797851562,0.0246429443359375,1730,0.024051666259765625
4285,No_Encryption,0.023815393447875977,0.023195266723632812,1378,0.025847434997558594
4286,PQC,0.028536081314086914,0.026981115341186523,3138,0.024900436401367188
4286,AES,0.02583622932434082,0.02566695213317871,1730,0.02553534507751465
4286,No_Encryption,0.02718329429626465,0.02333545684814453,1378,0.02588963508605957
4287,PQC,0.03002166748046875,0.029543638229370117,3138,0.026567697525024414
4287,AES,0.025429248809814453,0.025853633880615234,1730,0.025496721267700195
4287,No_Encryption,0.024956464767456055,0.023279428482055664,1378,0.024683475494384766
4288,PQC,0.029692649841308594,0.029398679733276367,3138,0.025156259536743164
4288,AES,0.028198719024658203,0.028722286224365234,1730,0.027785778045654297
4288,No_Encryption,0.02738356590270996,0.02445244789123535,1378,0.027845144271850586
4289,PQC,0.031127214431762695,0.03299999237060547,3138,0.02734231948852539
4289,AES,0.02589130401611328,0.028478145599365234,1730,0.03325033187866211
4289,No_Encryption,0.038036346435546875,0.028213977813720703,1378,0.030472278594970703
4290,PQC,0.03738880157470703,0.03533220291137695,3138,0.02890801429748535
4290,AES,0.03250408172607422,0.030436277389526367,1730,0.028945207595825195
4290,No_Encryption,0.02522110939025879,0.023782968521118164,1378,0.02718639373779297
4291,PQC,0.0320284366607666,0.03108978271484375,3138,0.02596139907836914
4291,AES,0.02770829200744629,0.027138710021972656,1730,0.027548551559448242
4291,No_Encryption,0.028332233428955078,0.0253753662109375,1378,0.02620244026184082
4292,PQC,0.029747724533081055,0.029912471771240234,3138,0.025038957595825195
4292,AES,0.03056025505065918,0.028613567352294922,1730,0.02590179443359375
4292,No_Encryption,0.024165630340576172,0.024057626724243164,1378,0.02712869644165039
4293,PQC,0.033234357833862305,0.028683185577392578,3138,0.026845693588256836
4293,AES,0.026560068130493164,0.027781009674072266,1730,0.027177810668945312
4293,No_Encryption,0.026204347610473633,0.024810314178466797,1378,0.027484893798828125
4294,PQC,0.03303241729736328,0.028530359268188477,3138,0.02742314338684082
4294,AES,0.03469228744506836,0.027334213256835938,1730,0.028325557708740234
4294,No_Encryption,0.025859832763671875,0.024849891662597656,1378,0.025528669357299805
4295,PQC,0.03126835823059082,0.029634475708007812,3138,0.02564549446105957
4295,AES,0.027661800384521484,0.02643609046936035,1730,0.025493144989013672
4295,No_Encryption,0.024686336517333984,0.02265310287475586,1378,0.02829265594482422
4296,PQC,0.030916213989257812,0.029750585556030273,3138,0.026029109954833984
4296,AES,0.026051998138427734,0.025991201400756836,1730,0.029069900512695312
4296,No_Encryption,0.02311873435974121,0.023883819580078125,1378,0.027325153350830078
4297,PQC,0.02946639060974121,0.02821207046508789,3138,0.02516484260559082
4297,AES,0.025328636169433594,0.02666020393371582,1730,0.028521299362182617
4297,No_Encryption,0.02833414077758789,0.02349376678466797,1378,0.026599884033203125
4298,PQC,0.029421091079711914,0.029392719268798828,3138,0.026366710662841797
4298,AES,0.028229713439941406,0.02546072006225586,1730,0.024865150451660156
4298,No_Encryption,0.023071765899658203,0.021445751190185547,1378,0.02438187599182129
4299,PQC,0.030658245086669922,0.029706478118896484,3138,0.02680063247680664
4299,AES,0.02599024772644043,0.025275230407714844,1730,0.02708148956298828
4299,No_Encryption,0.023888111114501953,0.023691892623901367,1378,0.024803876876831055
4300,PQC,0.030416011810302734,0.0294344425201416,3138,0.02647542953491211
4300,AES,0.03098011016845703,0.027437925338745117,1730,0.029239177703857422
4300,No_Encryption,0.024485349655151367,0.025089263916015625,1378,0.02873063087463379
4301,PQC,0.041738271713256836,0.03135418891906738,3138,0.027109384536743164
4301,AES,0.026639223098754883,0.03023052215576172,1730,0.028978347778320312
4301,No_Encryption,0.023341894149780273,0.022603750228881836,1378,0.02486395835876465
4302,PQC,0.03252291679382324,0.030066967010498047,3138,0.02807450294494629
4302,AES,0.026437997817993164,0.02686762809753418,1730,0.024647235870361328
4302,No_Encryption,0.0282285213470459,0.022698640823364258,1378,0.02574896812438965
4303,PQC,0.03011941909790039,0.03269696235656738,3138,0.027613162994384766
4303,AES,0.02726578712463379,0.029433727264404297,1730,0.028783559799194336
4303,No_Encryption,0.026200532913208008,0.024693012237548828,1378,0.027184724807739258
4304,PQC,0.032369136810302734,0.03015875816345215,3138,0.027131319046020508
4304,AES,0.027302265167236328,0.026844024658203125,1730,0.025124311447143555
4304,No_Encryption,0.024039268493652344,0.023021936416625977,1378,0.02480936050415039
4305,PQC,0.029889822006225586,0.03066539764404297,3138,0.025456905364990234
4305,AES,0.026307344436645508,0.025799274444580078,1730,0.025768280029296875
4305,No_Encryption,0.02429962158203125,0.023755550384521484,1378,0.02767181396484375
4306,PQC,0.03209972381591797,0.029768705368041992,3138,0.02510690689086914
4306,AES,0.025094985961914062,0.027133941650390625,1730,0.02489781379699707
4306,No_Encryption,0.023663997650146484,0.02288508415222168,1378,0.028743743896484375
4307,PQC,0.04117250442504883,0.03378152847290039,3138,0.030451297760009766
4307,AES,0.027184009552001953,0.028988122940063477,1730,0.029157400131225586
4307,No_Encryption,0.027865886688232422,0.024506330490112305,1378,0.027276277542114258
4308,PQC,0.03167557716369629,0.03508424758911133,3138,0.02645111083984375
4308,AES,0.02637171745300293,0.02625894546508789,1730,0.025031566619873047
4308,No_Encryption,0.025803565979003906,0.022704124450683594,1378,0.02797102928161621
4309,PQC,0.03012228012084961,0.030718564987182617,3138,0.026274681091308594
4309,AES,0.027431726455688477,0.02605724334716797,1730,0.027599096298217773
4309,No_Encryption,0.02744436264038086,0.02297210693359375,1378,0.026825666427612305
4310,PQC,0.029221057891845703,0.029662132263183594,3138,0.025011539459228516
4310,AES,0.025021076202392578,0.02652740478515625,1730,0.027798175811767578
4310,No_Encryption,0.031160831451416016,0.025310516357421875,1378,0.026978254318237305
4311,PQC,0.030176877975463867,0.030795812606811523,3138,0.026253938674926758
4311,AES,0.0329127311706543,0.02436685562133789,1730,0.022604942321777344
4311,No_Encryption,0.023932933807373047,0.022624731063842773,1378,0.02650904655456543
4312,PQC,0.04123973846435547,0.029067039489746094,3138,0.024359941482543945
4312,AES,0.027867794036865234,0.024384737014770508,1730,0.02540755271911621
4312,No_Encryption,0.025004863739013672,0.02327871322631836,1378,0.025281190872192383
4313,PQC,0.03113079071044922,0.03276491165161133,3138,0.027973651885986328
4313,AES,0.026100635528564453,0.025440692901611328,1730,0.026166439056396484
4313,No_Encryption,0.0251009464263916,0.023530006408691406,1378,0.030373334884643555
4314,PQC,0.03327822685241699,0.028899669647216797,3138,0.026394367218017578
4314,AES,0.029502153396606445,0.02588057518005371,1730,0.02532052993774414
4314,No_Encryption,0.031108617782592773,0.023415565490722656,1378,0.026148557662963867
4315,PQC,0.030315637588500977,0.030544281005859375,3138,0.026271581649780273
4315,AES,0.027510881423950195,0.0259706974029541,1730,0.025532960891723633
4315,No_Encryption,0.023642301559448242,0.023420095443725586,1378,0.026119470596313477
4316,PQC,0.03096628189086914,0.029308795928955078,3138,0.027701377868652344
4316,AES,0.02447652816772461,0.026569366455078125,1730,0.025714635848999023
4316,No_Encryption,0.024737119674682617,0.023464441299438477,1378,0.026505470275878906
4317,PQC,0.033210039138793945,0.030359506607055664,3138,0.02918100357055664
4317,AES,0.028180360794067383,0.026661396026611328,1730,0.027573108673095703
4317,No_Encryption,0.02711319923400879,0.02387714385986328,1378,0.028800249099731445
4318,PQC,0.03577995300292969,0.03072500228881836,3138,0.02660083770751953
4318,AES,0.02956390380859375,0.02661442756652832,1730,0.02825927734375
4318,No_Encryption,0.024535179138183594,0.023557662963867188,1378,0.026583433151245117
4319,PQC,0.03032684326171875,0.03182029724121094,3138,0.027048349380493164
4319,AES,0.02774333953857422,0.025890350341796875,1730,0.027545690536499023
4319,No_Encryption,0.023880481719970703,0.023680448532104492,1378,0.027124643325805664
4320,PQC,0.03200078010559082,0.030872106552124023,3138,0.027130603790283203
4320,AES,0.028404712677001953,0.026319265365600586,1730,0.027410268783569336
4320,No_Encryption,0.025629043579101562,0.024318933486938477,1378,0.025583267211914062
4321,PQC,0.02888202667236328,0.029317378997802734,3138,0.02559947967529297
4321,AES,0.02913045883178711,0.027417659759521484,1730,0.025208711624145508
4321,No_Encryption,0.024805307388305664,0.022069931030273438,1378,0.026659011840820312
4322,PQC,0.03364300727844238,0.0320734977722168,3138,0.027132511138916016
4322,AES,0.03274250030517578,0.02715444564819336,1730,0.027855634689331055
4322,No_Encryption,0.031145572662353516,0.024473905563354492,1378,0.031145095825195312
4323,PQC,0.03368997573852539,0.03139066696166992,3138,0.025979280471801758
4323,AES,0.03481864929199219,0.028006315231323242,1730,0.02591085433959961
4323,No_Encryption,0.03894996643066406,0.025724411010742188,1378,0.02720475196838379
4324,PQC,0.029501676559448242,0.030269622802734375,3138,0.026022911071777344
4324,AES,0.027220487594604492,0.025014638900756836,1730,0.026392698287963867
4324,No_Encryption,0.029197216033935547,0.024297714233398438,1378,0.026775598526000977
4325,PQC,0.029897212982177734,0.02868795394897461,3138,0.025361299514770508
4325,AES,0.047080278396606445,0.029859066009521484,1730,0.028807401657104492
4325,No_Encryption,0.025045156478881836,0.0239410400390625,1378,0.027753114700317383
4326,PQC,0.03167533874511719,0.030640602111816406,3138,0.02735733985900879
4326,AES,0.027463436126708984,0.02724599838256836,1730,0.025742769241333008
4326,No_Encryption,0.024405717849731445,0.024125337600708008,1378,0.028660058975219727
4327,PQC,0.03477978706359863,0.03268003463745117,3138,0.028392553329467773
4327,AES,0.02682948112487793,0.025592803955078125,1730,0.026859045028686523
4327,No_Encryption,0.026623249053955078,0.022190332412719727,1378,0.02634882926940918
4328,PQC,0.03300070762634277,0.0313107967376709,3138,0.026172161102294922
4328,AES,0.027118444442749023,0.025573015213012695,1730,0.025651216506958008
4328,No_Encryption,0.025583744049072266,0.02364969253540039,1378,0.027864694595336914
4329,PQC,0.029447555541992188,0.029631614685058594,3138,0.026417255401611328
4329,AES,0.025485754013061523,0.02482008934020996,1730,0.024062395095825195
4329,No_Encryption,0.024869680404663086,0.02244257926940918,1378,0.02487349510192871
4330,PQC,0.02909994125366211,0.030898332595825195,3138,0.025819778442382812
4330,AES,0.025428056716918945,0.024370193481445312,1730,0.024081945419311523
4330,No_Encryption,0.024930477142333984,0.02433466911315918,1378,0.028278350830078125
4331,PQC,0.03942441940307617,0.032108306884765625,3138,0.027657747268676758
4331,AES,0.02689647674560547,0.026951074600219727,1730,0.02645254135131836
4331,No_Encryption,0.027149677276611328,0.024944305419921875,1378,0.026373863220214844
4332,PQC,0.029849529266357422,0.030452728271484375,3138,0.02457141876220703
4332,AES,0.03055596351623535,0.024100542068481445,1730,0.024892807006835938
4332,No_Encryption,0.022181272506713867,0.021611452102661133,1378,0.02436542510986328
4333,PQC,0.029088973999023438,0.030810832977294922,3138,0.026062726974487305
4333,AES,0.025565624237060547,0.023093461990356445,1730,0.025450468063354492
4333,No_Encryption,0.02377939224243164,0.02283167839050293,1378,0.026461124420166016
4334,PQC,0.032231807708740234,0.029793262481689453,3138,0.028583526611328125
4334,AES,0.02720165252685547,0.027577638626098633,1730,0.027578115463256836
4334,No_Encryption,0.025928258895874023,0.025512218475341797,1378,0.026001691818237305
4335,PQC,0.030009031295776367,0.029357194900512695,3138,0.02666449546813965
4335,AES,0.02632594108581543,0.02868485450744629,1730,0.029126644134521484
4335,No_Encryption,0.02710556983947754,0.022027969360351562,1378,0.026623010635375977
4336,PQC,0.04037594795227051,0.03289079666137695,3138,0.025944232940673828
4336,AES,0.03054332733154297,0.027233362197875977,1730,0.02562403678894043
4336,No_Encryption,0.02356576919555664,0.02251720428466797,1378,0.024977684020996094
4337,PQC,0.03322720527648926,0.027397871017456055,3138,0.026643037796020508
4337,AES,0.027232885360717773,0.02596569061279297,1730,0.024720430374145508
4337,No_Encryption,0.023607254028320312,0.02228856086730957,1378,0.0250546932220459
4338,PQC,0.027788400650024414,0.027373790740966797,3138,0.026216983795166016
4338,AES,0.02463054656982422,0.025050640106201172,1730,0.02571558952331543
4338,No_Encryption,0.026221752166748047,0.022883892059326172,1378,0.026818275451660156
4339,PQC,0.03209233283996582,0.027507543563842773,3138,0.025537490844726562
4339,AES,0.02615642547607422,0.024318933486938477,1730,0.02443528175354004
4339,No_Encryption,0.024507522583007812,0.022485017776489258,1378,0.02539515495300293
4340,PQC,0.029079914093017578,0.031784772872924805,3138,0.02645134925842285
4340,AES,0.02649402618408203,0.02733588218688965,1730,0.02562260627746582
4340,No_Encryption,0.024780988693237305,0.02338433265686035,1378,0.02693462371826172
4341,PQC,0.029227018356323242,0.030750036239624023,3138,0.028019189834594727
4341,AES,0.028722524642944336,0.02788519859313965,1730,0.028647661209106445
4341,No_Encryption,0.02851104736328125,0.024489879608154297,1378,0.02914738655090332
4342,PQC,0.03267359733581543,0.029478073120117188,3138,0.024480104446411133
4342,AES,0.027666330337524414,0.025574207305908203,1730,0.030016183853149414
4342,No_Encryption,0.03797459602355957,0.026472806930541992,1378,0.028599023818969727
4343,PQC,0.03356170654296875,0.0334010124206543,3138,0.02915477752685547
4343,AES,0.030791759490966797,0.02900242805480957,1730,0.029123306274414062
4343,No_Encryption,0.03011798858642578,0.0234682559967041,1378,0.026525259017944336
4344,PQC,0.03310132026672363,0.029274702072143555,3138,0.02582097053527832
4344,AES,0.026904582977294922,0.027335643768310547,1730,0.027232646942138672
4344,No_Encryption,0.023609161376953125,0.021800756454467773,1378,0.023610591888427734
4345,PQC,0.02802586555480957,0.027535200119018555,3138,0.02552032470703125
4345,AES,0.026259183883666992,0.026642560958862305,1730,0.02563762664794922
4345,No_Encryption,0.025704145431518555,0.02316570281982422,1378,0.024370908737182617
4346,PQC,0.030735015869140625,0.03042912483215332,3138,0.028116464614868164
4346,AES,0.02643442153930664,0.02630162239074707,1730,0.025287866592407227
4346,No_Encryption,0.024907588958740234,0.02364826202392578,1378,0.02837061882019043
4347,PQC,0.029256820678710938,0.03055739402770996,3138,0.027459144592285156
4347,AES,0.026731014251708984,0.028057575225830078,1730,0.028270721435546875
4347,No_Encryption,0.027373552322387695,0.02250504493713379,1378,0.027606487274169922
4348,PQC,0.03082275390625,0.0299375057220459,3138,0.025614500045776367
4348,AES,0.028955459594726562,0.024956703186035156,1730,0.023807287216186523
4348,No_Encryption,0.025685548782348633,0.02492237091064453,1378,0.026764631271362305
4349,PQC,0.03320479393005371,0.030683279037475586,3138,0.026245594024658203
4349,AES,0.025684833526611328,0.0258939266204834,1730,0.027155399322509766
4349,No_Encryption,0.023967981338500977,0.02260875701904297,1378,0.025644302368164062
4350,PQC,0.031202077865600586,0.03051614761352539,3138,0.025118350982666016
4350,AES,0.025147199630737305,0.026905059814453125,1730,0.027278900146484375
4350,No_Encryption,0.02700018882751465,0.02290058135986328,1378,0.027200698852539062
4351,PQC,0.028445720672607422,0.02806687355041504,3138,0.025574684143066406
4351,AES,0.028110980987548828,0.02591991424560547,1730,0.02587747573852539
4351,No_Encryption,0.029752492904663086,0.026583194732666016,1378,0.027120351791381836
4352,PQC,0.030040264129638672,0.03043651580810547,3138,0.026936769485473633
4352,AES,0.028113126754760742,0.02562999725341797,1730,0.024491071701049805
4352,No_Encryption,0.027009010314941406,0.024502277374267578,1378,0.028490304946899414
4353,PQC,0.030455350875854492,0.035427093505859375,3138,0.029844999313354492
4353,AES,0.029526233673095703,0.027647733688354492,1730,0.02637195587158203
4353,No_Encryption,0.024040699005126953,0.022429227828979492,1378,0.02640366554260254
4354,PQC,0.02940654754638672,0.02780318260192871,3138,0.02484726905822754
4354,AES,0.02611994743347168,0.025260448455810547,1730,0.02428579330444336
4354,No_Encryption,0.024062633514404297,0.023360013961791992,1378,0.026746273040771484
4355,PQC,0.030662059783935547,0.031564950942993164,3138,0.027801513671875
4355,AES,0.029213428497314453,0.027494192123413086,1730,0.026870250701904297
4355,No_Encryption,0.025235414505004883,0.02360081672668457,1378,0.026500225067138672
4356,PQC,0.03658294677734375,0.028743982315063477,3138,0.02576470375061035
4356,AES,0.026526927947998047,0.026064157485961914,1730,0.027170181274414062
4356,No_Encryption,0.025959014892578125,0.022922039031982422,1378,0.025088787078857422
4357,PQC,0.037421464920043945,0.029541730880737305,3138,0.0260617733001709
4357,AES,0.02785015106201172,0.02616715431213379,1730,0.025075435638427734
4357,No_Encryption,0.02419734001159668,0.022614717483520508,1378,0.02729964256286621
4358,PQC,0.02889847755432129,0.028354406356811523,3138,0.024874448776245117
4358,AES,0.026253938674926758,0.026559114456176758,1730,0.027389049530029297
4358,No_Encryption,0.03464007377624512,0.025017976760864258,1378,0.0266420841217041
4359,PQC,0.034075260162353516,0.02976369857788086,3138,0.026419639587402344
4359,AES,0.024907350540161133,0.025864124298095703,1730,0.02746272087097168
4359,No_Encryption,0.03132939338684082,0.0245511531829834,1378,0.028532028198242188
4360,PQC,0.027813196182250977,0.02786564826965332,3138,0.0251767635345459
4360,AES,0.02625298500061035,0.02637004852294922,1730,0.02894139289855957
4360,No_Encryption,0.043241262435913086,0.027520418167114258,1378,0.028050899505615234
4361,PQC,0.03330183029174805,0.034511566162109375,3138,0.030919790267944336
4361,AES,0.028676748275756836,0.02860569953918457,1730,0.027063608169555664
4361,No_Encryption,0.025702714920043945,0.023659706115722656,1378,0.029186487197875977
4362,PQC,0.039591312408447266,0.03272533416748047,3138,0.028847694396972656
4362,AES,0.028108596801757812,0.027637004852294922,1730,0.026117801666259766
4362,No_Encryption,0.035247087478637695,0.02521491050720215,1378,0.02545309066772461
4363,PQC,0.02987074851989746,0.029490947723388672,3138,0.026036739349365234
4363,AES,0.02660655975341797,0.027767658233642578,1730,0.026044607162475586
4363,No_Encryption,0.02975630760192871,0.02549910545349121,1378,0.027424335479736328
4364,PQC,0.029581308364868164,0.030942440032958984,3138,0.025726318359375
4364,AES,0.025497913360595703,0.026093006134033203,1730,0.026549100875854492
4364,No_Encryption,0.0267791748046875,0.02420186996459961,1378,0.02483081817626953
4365,PQC,0.03115534782409668,0.03042006492614746,3138,0.026731014251708984
4365,AES,0.025899410247802734,0.02737736701965332,1730,0.027592182159423828
4365,No_Encryption,0.02518939971923828,0.023102998733520508,1378,0.028288602828979492
4366,PQC,0.030370712280273438,0.03132987022399902,3138,0.025858163833618164
4366,AES,0.03174877166748047,0.026288270950317383,1730,0.026689529418945312
4366,No_Encryption,0.0276033878326416,0.023636817932128906,1378,0.02932596206665039
4367,PQC,0.03193092346191406,0.03240203857421875,3138,0.026250839233398438
4367,AES,0.026726961135864258,0.02545619010925293,1730,0.025575876235961914
4367,No_Encryption,0.029938459396362305,0.02483677864074707,1378,0.0274505615234375
4368,PQC,0.029057979583740234,0.02842116355895996,3138,0.02484440803527832
4368,AES,0.026625871658325195,0.026196718215942383,1730,0.026192426681518555
4368,No_Encryption,0.025659561157226562,0.022583723068237305,1378,0.025780916213989258
4369,PQC,0.029793500900268555,0.029976367950439453,3138,0.02682352066040039
4369,AES,0.031052112579345703,0.027749300003051758,1730,0.027362823486328125
4369,No_Encryption,0.027238130569458008,0.025389432907104492,1378,0.026859521865844727
4370,PQC,0.04352402687072754,0.03438282012939453,3138,0.029090166091918945
4370,AES,0.03146862983703613,0.03343367576599121,1730,0.0327908992767334
4370,No_Encryption,0.02913188934326172,0.028234481811523438,1378,0.03056931495666504
4371,PQC,0.0328373908996582,0.03059530258178711,3138,0.026837825775146484
4371,AES,0.026905298233032227,0.02732539176940918,1730,0.02629876136779785
4371,No_Encryption,0.026841163635253906,0.02531599998474121,1378,0.02744150161743164
4372,PQC,0.033117055892944336,0.030518531799316406,3138,0.02508711814880371
4372,AES,0.03092670440673828,0.02815103530883789,1730,0.027562379837036133
4372,No_Encryption,0.02441096305847168,0.025441884994506836,1378,0.025860071182250977
4373,PQC,0.03130960464477539,0.02941584587097168,3138,0.02685856819152832
4373,AES,0.028250932693481445,0.02784276008605957,1730,0.028029918670654297
4373,No_Encryption,0.030969619750976562,0.02383732795715332,1378,0.026222705841064453
4374,PQC,0.03248238563537598,0.029221057891845703,3138,0.025859594345092773
4374,AES,0.027159690856933594,0.024309396743774414,1730,0.024199247360229492
4374,No_Encryption,0.02358222007751465,0.023700475692749023,1378,0.025420665740966797
4375,PQC,0.030457735061645508,0.030102968215942383,3138,0.025125980377197266
4375,AES,0.02570652961730957,0.024836301803588867,1730,0.025696277618408203
4375,No_Encryption,0.0237734317779541,0.024245738983154297,1378,0.026294469833374023
4376,PQC,0.030246496200561523,0.027851343154907227,3138,0.02493429183959961
4376,AES,0.026917457580566406,0.028510332107543945,1730,0.025835514068603516
4376,No_Encryption,0.02587127685546875,0.0220794677734375,1378,0.025897979736328125
4377,PQC,0.029561519622802734,0.028835535049438477,3138,0.02492499351501465
4377,AES,0.02585148811340332,0.02561664581298828,1730,0.023593902587890625
4377,No_Encryption,0.025426149368286133,0.024553298950195312,1378,0.02693033218383789
4378,PQC,0.03533196449279785,0.0274655818939209,3138,0.02442455291748047
4378,AES,0.025977611541748047,0.025081157684326172,1730,0.024883508682250977
4378,No_Encryption,0.023214101791381836,0.022035598754882812,1378,0.0243527889251709
4379,PQC,0.028319120407104492,0.03411531448364258,3138,0.0335690975189209
4379,AES,0.02860546112060547,0.02792668342590332,1730,0.02647113800048828
4379,No_Encryption,0.027381181716918945,0.024331092834472656,1378,0.02541065216064453
4380,PQC,0.03181266784667969,0.03121018409729004,3138,0.02788686752319336
4380,AES,0.027771472930908203,0.026079177856445312,1730,0.026157379150390625
4380,No_Encryption,0.02453017234802246,0.024332523345947266,1378,0.027781248092651367
4381,PQC,0.031113862991333008,0.028227806091308594,3138,0.02809429168701172
4381,AES,0.02882242202758789,0.024595975875854492,1730,0.02565789222717285
4381,No_Encryption,0.024767637252807617,0.023269176483154297,1378,0.026792049407958984
4382,PQC,0.035778045654296875,0.028661489486694336,3138,0.025773286819458008
4382,AES,0.0283815860748291,0.025910139083862305,1730,0.02823948860168457
4382,No_Encryption,0.025556325912475586,0.023584365844726562,1378,0.02796196937561035
4383,PQC,0.03355550765991211,0.028653860092163086,3138,0.027634382247924805
4383,AES,0.025745868682861328,0.02582263946533203,1730,0.025545597076416016
4383,No_Encryption,0.026643991470336914,0.022485733032226562,1378,0.025267362594604492
4384,PQC,0.027881145477294922,0.02679920196533203,3138,0.024344682693481445
4384,AES,0.029140472412109375,0.02497720718383789,1730,0.0249483585357666
4384,No_Encryption,0.02348160743713379,0.024000883102416992,1378,0.026813983917236328
4385,PQC,0.030045270919799805,0.028754711151123047,3138,0.025892019271850586
4385,AES,0.02599787712097168,0.025726318359375,1730,0.028464078903198242
4385,No_Encryption,0.02759575843811035,0.024483203887939453,1378,0.02870011329650879
4386,PQC,0.028218984603881836,0.02761220932006836,3138,0.02833724021911621
4386,AES,0.03496980667114258,0.027012348175048828,1730,0.02868962287902832
4386,No_Encryption,0.027847766876220703,0.02208542823791504,1378,0.02502584457397461
4387,PQC,0.03184223175048828,0.030264854431152344,3138,0.02368760108947754
4387,AES,0.02651071548461914,0.025048017501831055,1730,0.02423405647277832
4387,No_Encryption,0.030607223510742188,0.022964000701904297,1378,0.02567744255065918
4388,PQC,0.03590893745422363,0.02971959114074707,3138,0.025664806365966797
4388,AES,0.03015923500061035,0.02888345718383789,1730,0.02830028533935547
4388,No_Encryption,0.024996519088745117,0.026473283767700195,1378,0.025064706802368164
4389,PQC,0.030461549758911133,0.03093743324279785,3138,0.02827310562133789
4389,AES,0.024933815002441406,0.02416849136352539,1730,0.024729490280151367
4389,No_Encryption,0.023622512817382812,0.023302793502807617,1378,0.026416301727294922
4390,PQC,0.031667470932006836,0.03025674819946289,3138,0.025417566299438477
4390,AES,0.02515864372253418,0.02502918243408203,1730,0.02528858184814453
4390,No_Encryption,0.02625751495361328,0.023436307907104492,1378,0.02574634552001953
4391,PQC,0.03125190734863281,0.029694318771362305,3138,0.025252819061279297
4391,AES,0.026920318603515625,0.026790380477905273,1730,0.025490283966064453
4391,No_Encryption,0.031043529510498047,0.022998571395874023,1378,0.024886369705200195
4392,PQC,0.032646894454956055,0.03103947639465332,3138,0.027230262756347656
4392,AES,0.030389070510864258,0.02886343002319336,1730,0.029361724853515625
4392,No_Encryption,0.026350021362304688,0.02226996421813965,1378,0.027598142623901367
4393,PQC,0.030616283416748047,0.029830217361450195,3138,0.02611517906188965
4393,AES,0.028026819229125977,0.026764631271362305,1730,0.02667546272277832
4393,No_Encryption,0.025521278381347656,0.02422356605529785,1378,0.028632164001464844
4394,PQC,0.03139615058898926,0.030226707458496094,3138,0.02761697769165039
4394,AES,0.025486469268798828,0.026238679885864258,1730,0.025689125061035156
4394,No_Encryption,0.025441646575927734,0.022656917572021484,1378,0.025339126586914062
4395,PQC,0.031386613845825195,0.029988765716552734,3138,0.026370763778686523
4395,AES,0.02862095832824707,0.026393890380859375,1730,0.025766611099243164
4395,No_Encryption,0.027138233184814453,0.026114940643310547,1378,0.025334835052490234
4396,PQC,0.03265023231506348,0.028219938278198242,3138,0.023323774337768555
4396,AES,0.02134418487548828,0.019802093505859375,1730,0.018763303756713867
4396,No_Encryption,0.01976323127746582,0.01649951934814453,1378,0.018331527709960938
4397,PQC,0.020005226135253906,0.0204315185546875,3138,0.021348953247070312
4397,AES,0.033766984939575195,0.018496274948120117,1730,0.01975703239440918
4397,No_Encryption,0.017796754837036133,0.015202522277832031,1378,0.01679253578186035
4398,PQC,0.019990205764770508,0.01881551742553711,3138,0.016316652297973633
4398,AES,0.017424583435058594,0.016466856002807617,1730,0.017864465713500977
4398,No_Encryption,0.018840312957763672,0.015257596969604492,1378,0.018069744110107422
4399,PQC,0.024046659469604492,0.019807100296020508,3138,0.01712799072265625
4399,AES,0.018236160278320312,0.016681909561157227,1730,0.016695499420166016
4399,No_Encryption,0.01961803436279297,0.0155029296875,1378,0.017175674438476562
4400,PQC,0.020952463150024414,0.019237279891967773,3138,0.018065452575683594
4400,AES,0.0191800594329834,0.01706862449645996,1730,0.016489744186401367
4400,No_Encryption,0.01782989501953125,0.014720916748046875,1378,0.016580820083618164
4401,PQC,0.021466970443725586,0.018764972686767578,3138,0.016162872314453125
4401,AES,0.019060134887695312,0.016338348388671875,1730,0.01611495018005371
4401,No_Encryption,0.018292903900146484,0.015168905258178711,1378,0.016356945037841797
4402,PQC,0.025228023529052734,0.019260168075561523,3138,0.016286849975585938
4402,AES,0.018841981887817383,0.016945600509643555,1730,0.01772594451904297
4402,No_Encryption,0.01743292808532715,0.015306711196899414,1378,0.016375064849853516
4403,PQC,0.021004915237426758,0.019809484481811523,3138,0.016399145126342773
4403,AES,0.017355680465698242,0.017764806747436523,1730,0.017721891403198242
4403,No_Encryption,0.017693281173706055,0.015604496002197266,1378,0.01670241355895996
4404,PQC,0.02033519744873047,0.018704652786254883,3138,0.01629471778869629
4404,AES,0.018292665481567383,0.0159609317779541,1730,0.016993999481201172
4404,No_Encryption,0.01714468002319336,0.016051292419433594,1378,0.016561031341552734
4405,PQC,0.02202773094177246,0.019819021224975586,3138,0.01664590835571289
4405,AES,0.02017688751220703,0.01587533950805664,1730,0.016132116317749023
4405,No_Encryption,0.02077651023864746,0.015287399291992188,1378,0.017920732498168945
4406,PQC,0.020061254501342773,0.01879405975341797,3138,0.016218900680541992
4406,AES,0.02417445182800293,0.017188072204589844,1730,0.018116474151611328
4406,No_Encryption,0.01643085479736328,0.015465974807739258,1378,0.01716470718383789
4407,PQC,0.02047276496887207,0.020580291748046875,3138,0.017354726791381836
4407,AES,0.0206906795501709,0.017408370971679688,1730,0.0174410343170166
4407,No_Encryption,0.01941061019897461,0.014853239059448242,1378,0.016855955123901367
4408,PQC,0.021535634994506836,0.01836872100830078,3138,0.01796245574951172
4408,AES,0.019901752471923828,0.01822972297668457,1730,0.017810821533203125
4408,No_Encryption,0.02018451690673828,0.015488624572753906,1378,0.016698122024536133
4409,PQC,0.02197265625,0.01872849464416504,3138,0.017597436904907227
4409,AES,0.018172264099121094,0.016457796096801758,1730,0.017049074172973633
4409,No_Encryption,0.017297029495239258,0.015182256698608398,1378,0.016920089721679688
4410,PQC,0.02169942855834961,0.019598007202148438,3138,0.016913414001464844
4410,AES,0.020788192749023438,0.01698780059814453,1730,0.018529653549194336
4410,No_Encryption,0.023067474365234375,0.01704573631286621,1378,0.017300128936767578
4411,PQC,0.021101713180541992,0.01849365234375,3138,0.01634693145751953
4411,AES,0.017486572265625,0.01633763313293457,1730,0.017088651657104492
4411,No_Encryption,0.020328521728515625,0.014818191528320312,1378,0.018408775329589844
4412,PQC,0.02359771728515625,0.02050018310546875,3138,0.01629161834716797
4412,AES,0.0181121826171875,0.016451358795166016,1730,0.01614093780517578
4412,No_Encryption,0.0208892822265625,0.015586376190185547,1378,0.016316652297973633
4413,PQC,0.019982337951660156,0.0195009708404541,3138,0.016594409942626953
4413,AES,0.01825857162475586,0.016179800033569336,1730,0.016572237014770508
4413,No_Encryption,0.01860499382019043,0.0141143798828125,1378,0.016604185104370117
4414,PQC,0.02229142189025879,0.019106149673461914,3138,0.017731189727783203
4414,AES,0.018943309783935547,0.016798973083496094,1730,0.017978191375732422
4414,No_Encryption,0.01784801483154297,0.01638507843017578,1378,0.01876378059387207
4415,PQC,0.022767066955566406,0.01986384391784668,3138,0.017171621322631836
4415,AES,0.019222259521484375,0.016791343688964844,1730,0.01644444465637207
4415,No_Encryption,0.01728200912475586,0.015439033508300781,1378,0.016770124435424805
4416,PQC,0.020657062530517578,0.019144296646118164,3138,0.016353845596313477
4416,AES,0.022728443145751953,0.016756057739257812,1730,0.017595529556274414
4416,No_Encryption,0.018422603607177734,0.015006780624389648,1378,0.017048358917236328
4417,PQC,0.02283477783203125,0.0191342830657959,3138,0.016813039779663086
4417,AES,0.02062821388244629,0.017302513122558594,1730,0.017288684844970703
4417,No_Encryption,0.017488718032836914,0.015553474426269531,1378,0.01655125617980957
4418,PQC,0.019994258880615234,0.018072128295898438,3138,0.015799283981323242
4418,AES,0.01785564422607422,0.01774740219116211,1730,0.019471406936645508
4418,No_Encryption,0.026849031448364258,0.015625953674316406,1378,0.016260385513305664
4419,PQC,0.020617008209228516,0.01808953285217285,3138,0.015874385833740234
4419,AES,0.019716978073120117,0.01650691032409668,1730,0.0164639949798584
4419,No_Encryption,0.021733522415161133,0.01582169532775879,1378,0.016994714736938477
4420,PQC,0.01957869529724121,0.0187222957611084,3138,0.01693415641784668
4420,AES,0.01798272132873535,0.01701211929321289,1730,0.016682863235473633
4420,No_Encryption,0.01660299301147461,0.015348672866821289,1378,0.017028093338012695
4421,PQC,0.02049565315246582,0.019316911697387695,3138,0.01751089096069336
4421,AES,0.01835775375366211,0.017080068588256836,1730,0.017125606536865234
4421,No_Encryption,0.019095420837402344,0.015371084213256836,1378,0.01751565933227539
4422,PQC,0.02024364471435547,0.018782615661621094,3138,0.01770782470703125
4422,AES,0.020485877990722656,0.016833782196044922,1730,0.01930713653564453
4422,No_Encryption,0.02185225486755371,0.016129255294799805,1378,0.018851757049560547
4423,PQC,0.02095651626586914,0.020738601684570312,3138,0.017880678176879883
4423,AES,0.023801326751708984,0.01978158950805664,1730,0.01966094970703125
4423,No_Encryption,0.01959061622619629,0.01935577392578125,1378,0.023577451705932617
4424,PQC,0.02542877197265625,0.024168729782104492,3138,0.021173954010009766
4424,AES,0.02189803123474121,0.02195882797241211,1730,0.022029876708984375
4424,No_Encryption,0.02133464813232422,0.020641803741455078,1378,0.02310943603515625
4425,PQC,0.026564836502075195,0.026162385940551758,3138,0.023826122283935547
4425,AES,0.0257723331451416,0.023828506469726562,1730,0.02232670783996582
4425,No_Encryption,0.0208890438079834,0.021456480026245117,1378,0.023157358169555664
4426,PQC,0.02699756622314453,0.027735233306884766,3138,0.023552656173706055
4426,AES,0.02317047119140625,0.023707866668701172,1730,0.024678707122802734
4426,No_Encryption,0.021184921264648438,0.02214956283569336,1378,0.026313066482543945
4427,PQC,0.030136823654174805,0.03048086166381836,3138,0.024990320205688477
4427,AES,0.023493289947509766,0.024044275283813477,1730,0.022786617279052734
4427,No_Encryption,0.03620147705078125,0.021932125091552734,1378,0.0246121883392334
4428,PQC,0.031812429428100586,0.027109622955322266,3138,0.024419307708740234
4428,AES,0.02418231964111328,0.025748729705810547,1730,0.02544260025024414
4428,No_Encryption,0.02488231658935547,0.0217592716217041,1378,0.022796630859375
4429,PQC,0.03184318542480469,0.026932716369628906,3138,0.02337789535522461
4429,AES,0.02348184585571289,0.02433037757873535,1730,0.02352738380432129
4429,No_Encryption,0.02212977409362793,0.02180957794189453,1378,0.024703502655029297
4430,PQC,0.02811574935913086,0.028441429138183594,3138,0.025638103485107422
4430,AES,0.025275707244873047,0.025769948959350586,1730,0.02403116226196289
4430,No_Encryption,0.02361464500427246,0.021584272384643555,1378,0.02438187599182129
4431,PQC,0.03650832176208496,0.028705596923828125,3138,0.025628089904785156
4431,AES,0.027133941650390625,0.025606870651245117,1730,0.023021936416625977
4431,No_Encryption,0.024659395217895508,0.021867036819458008,1378,0.025212764739990234
4432,PQC,0.031137466430664062,0.02844524383544922,3138,0.02398061752319336
4432,AES,0.024607419967651367,0.025270700454711914,1730,0.02630162239074707
4432,No_Encryption,0.02474045753479004,0.021558523178100586,1378,0.025185346603393555
4433,PQC,0.030905485153198242,0.02836775779724121,3138,0.024277210235595703
4433,AES,0.024635791778564453,0.023705244064331055,1730,0.023487329483032227
4433,No_Encryption,0.02225494384765625,0.020791292190551758,1378,0.02399587631225586
4434,PQC,0.030323266983032227,0.028567075729370117,3138,0.023100614547729492
4434,AES,0.02437138557434082,0.024695873260498047,1730,0.024744272232055664
4434,No_Encryption,0.023710012435913086,0.021763086318969727,1378,0.024354219436645508
4435,PQC,0.030214309692382812,0.02812337875366211,3138,0.02613973617553711
4435,AES,0.025072097778320312,0.0232696533203125,1730,0.02603316307067871
4435,No_Encryption,0.024289369583129883,0.02294921875,1378,0.02410602569580078
4436,PQC,0.026743650436401367,0.027515649795532227,3138,0.024062633514404297
4436,AES,0.024285078048706055,0.02396106719970703,1730,0.024091482162475586
4436,No_Encryption,0.02155447006225586,0.02118206024169922,1378,0.02457594871520996
4437,PQC,0.028522968292236328,0.026945114135742188,3138,0.023448705673217773
4437,AES,0.026285648345947266,0.025461912155151367,1730,0.03332257270812988
4437,No_Encryption,0.026787996292114258,0.025034666061401367,1378,0.029113054275512695
4438,PQC,0.03120136260986328,0.03015732765197754,3138,0.02529120445251465
4438,AES,0.02732992172241211,0.025504589080810547,1730,0.02740621566772461
4438,No_Encryption,0.026891469955444336,0.024190187454223633,1378,0.02487635612487793
4439,PQC,0.02914261817932129,0.029012203216552734,3138,0.024881601333618164
4439,AES,0.02457737922668457,0.025065183639526367,1730,0.024999618530273438
4439,No_Encryption,0.02318429946899414,0.022879838943481445,1378,0.028132200241088867
4440,PQC,0.02759099006652832,0.02862405776977539,3138,0.02435016632080078
4440,AES,0.02475762367248535,0.024527311325073242,1730,0.023624897003173828
4440,No_Encryption,0.022470712661743164,0.021244049072265625,1378,0.02581501007080078
4441,PQC,0.03496098518371582,0.027885913848876953,3138,0.023370981216430664
4441,AES,0.02811431884765625,0.023590803146362305,1730,0.025986671447753906
4441,No_Encryption,0.023283004760742188,0.021906137466430664,1378,0.022072315216064453
4442,PQC,0.02811884880065918,0.027626514434814453,3138,0.022764205932617188
4442,AES,0.02484273910522461,0.025213241577148438,1730,0.025179386138916016
4442,No_Encryption,0.026150226593017578,0.021512985229492188,1378,0.025640249252319336
4443,PQC,0.027210712432861328,0.030076980590820312,3138,0.024502038955688477
4443,AES,0.028493881225585938,0.026685237884521484,1730,0.02435302734375
4443,No_Encryption,0.026480674743652344,0.02189326286315918,1378,0.02469468116760254
4444,PQC,0.028528451919555664,0.026522397994995117,3138,0.023961305618286133
4444,AES,0.025487661361694336,0.023318767547607422,1730,0.024634838104248047
4444,No_Encryption,0.0236513614654541,0.02167201042175293,1378,0.025017738342285156
4445,PQC,0.030338048934936523,0.029341697692871094,3138,0.02562689781188965
4445,AES,0.02460622787475586,0.02462172508239746,1730,0.0273592472076416
4445,No_Encryption,0.023007631301879883,0.023410558700561523,1378,0.026713132858276367
4446,PQC,0.03231191635131836,0.027669429779052734,3138,0.026658058166503906
4446,AES,0.025820016860961914,0.023424625396728516,1730,0.024216175079345703
4446,No_Encryption,0.02168560028076172,0.02118062973022461,1378,0.023053407669067383
4447,PQC,0.027231931686401367,0.027320146560668945,3138,0.022516250610351562
4447,AES,0.027978181838989258,0.025360822677612305,1730,0.02412724494934082
4447,No_Encryption,0.02373528480529785,0.021278858184814453,1378,0.02495718002319336
4448,PQC,0.029915809631347656,0.028083324432373047,3138,0.0262148380279541
4448,AES,0.025272607803344727,0.024999380111694336,1730,0.024561405181884766
4448,No_Encryption,0.02331376075744629,0.021602630615234375,1378,0.023822546005249023
4449,PQC,0.03027486801147461,0.028227806091308594,3138,0.02650284767150879
4449,AES,0.02649378776550293,0.025450706481933594,1730,0.025049209594726562
4449,No_Encryption,0.025247573852539062,0.022210121154785156,1378,0.024089813232421875
4450,PQC,0.027971744537353516,0.02918410301208496,3138,0.024634361267089844
4450,AES,0.024977445602416992,0.0240020751953125,1730,0.023929119110107422
4450,No_Encryption,0.02270364761352539,0.02173590660095215,1378,0.026085376739501953
4451,PQC,0.02714371681213379,0.028070449829101562,3138,0.024498462677001953
4451,AES,0.025148868560791016,0.02352118492126465,1730,0.022519588470458984
4451,No_Encryption,0.021061420440673828,0.021448612213134766,1378,0.024421215057373047
4452,PQC,0.02781081199645996,0.027178287506103516,3138,0.023851633071899414
4452,AES,0.027565717697143555,0.023604154586791992,1730,0.02448558807373047
4452,No_Encryption,0.023451566696166992,0.022073745727539062,1378,0.02279496192932129
4453,PQC,0.03014540672302246,0.029102802276611328,3138,0.023232460021972656
4453,AES,0.0262296199798584,0.023591995239257812,1730,0.02428412437438965
4453,No_Encryption,0.021642446517944336,0.02108001708984375,1378,0.025426626205444336
4454,PQC,0.02887582778930664,0.026825428009033203,3138,0.024000883102416992
4454,AES,0.02602982521057129,0.02518939971923828,1730,0.025688886642456055
4454,No_Encryption,0.02330613136291504,0.022849559783935547,1378,0.024005651473999023
4455,PQC,0.028264522552490234,0.027022838592529297,3138,0.026514053344726562
4455,AES,0.025169849395751953,0.022898435592651367,1730,0.02178192138671875
4455,No_Encryption,0.02798914909362793,0.02215409278869629,1378,0.023731470108032227
4456,PQC,0.03652811050415039,0.028173446655273438,3138,0.0244138240814209
4456,AES,0.024798154830932617,0.023882627487182617,1730,0.024059057235717773
4456,No_Encryption,0.032792091369628906,0.025221824645996094,1378,0.025588512420654297
4457,PQC,0.03180861473083496,0.02977585792541504,3138,0.02630615234375
4457,AES,0.028402328491210938,0.02507328987121582,1730,0.024373292922973633
4457,No_Encryption,0.022601842880249023,0.021990537643432617,1378,0.0231325626373291
4458,PQC,0.02741551399230957,0.027850627899169922,3138,0.02388477325439453
4458,AES,0.02671027183532715,0.025327682495117188,1730,0.025539875030517578
4458,No_Encryption,0.022750377655029297,0.021868467330932617,1378,0.024128198623657227
4459,PQC,0.02964639663696289,0.027110576629638672,3138,0.025000333786010742
4459,AES,0.02984786033630371,0.02492380142211914,1730,0.022321701049804688
4459,No_Encryption,0.02372145652770996,0.021207571029663086,1378,0.023533344268798828
4460,PQC,0.027622699737548828,0.027523040771484375,3138,0.024422168731689453
4460,AES,0.025002479553222656,0.023023366928100586,1730,0.023311138153076172
4460,No_Encryption,0.02236652374267578,0.023523330688476562,1378,0.024991273880004883
4461,PQC,0.029087305068969727,0.028903484344482422,3138,0.02663135528564453
4461,AES,0.025252103805541992,0.023962020874023438,1730,0.02352285385131836
4461,No_Encryption,0.023051023483276367,0.021308183670043945,1378,0.024777650833129883
4462,PQC,0.02758336067199707,0.025645732879638672,3138,0.02265191078186035
4462,AES,0.024155855178833008,0.024377822875976562,1730,0.023868083953857422
4462,No_Encryption,0.026392221450805664,0.022695064544677734,1378,0.024107694625854492
4463,PQC,0.027894973754882812,0.02706289291381836,3138,0.023509502410888672
4463,AES,0.0238494873046875,0.025087833404541016,1730,0.022906780242919922
4463,No_Encryption,0.022721052169799805,0.02195429801940918,1378,0.02346038818359375
4464,PQC,0.027071714401245117,0.026708602905273438,3138,0.02367258071899414
4464,AES,0.026904582977294922,0.024051189422607422,1730,0.022844314575195312
4464,No_Encryption,0.021881818771362305,0.02038121223449707,1378,0.025178194046020508
4465,PQC,0.02655172348022461,0.026787519454956055,3138,0.02485179901123047
4465,AES,0.02505946159362793,0.023655414581298828,1730,0.025479555130004883
4465,No_Encryption,0.0257260799407959,0.021599531173706055,1378,0.023429393768310547
4466,PQC,0.027977705001831055,0.02754354476928711,3138,0.022969484329223633
4466,AES,0.02402806282043457,0.025176048278808594,1730,0.025182247161865234
4466,No_Encryption,0.022629499435424805,0.02064228057861328,1378,0.024413108825683594
4467,PQC,0.028327465057373047,0.027576208114624023,3138,0.02185225486755371
4467,AES,0.027886629104614258,0.023544788360595703,1730,0.02392888069152832
4467,No_Encryption,0.025293350219726562,0.021541833877563477,1378,0.026052474975585938
4468,PQC,0.02734208106994629,0.02664494514465332,3138,0.026309728622436523
4468,AES,0.02383899688720703,0.02493000030517578,1730,0.022803783416748047
4468,No_Encryption,0.02472543716430664,0.023158550262451172,1378,0.0256497859954834
4469,PQC,0.032964229583740234,0.02681708335876465,3138,0.02568817138671875
4469,AES,0.024591684341430664,0.023291826248168945,1730,0.024343013763427734
4469,No_Encryption,0.022289514541625977,0.02077341079711914,1378,0.02414989471435547
4470,PQC,0.028806447982788086,0.026900053024291992,3138,0.026180744171142578
4470,AES,0.022826671600341797,0.02334737777709961,1730,0.023333072662353516
4470,No_Encryption,0.026891469955444336,0.020404577255249023,1378,0.022794246673583984
4471,PQC,0.03385281562805176,0.027443647384643555,3138,0.023774147033691406
4471,AES,0.025507450103759766,0.023471355438232422,1730,0.022891998291015625
4471,No_Encryption,0.021204710006713867,0.02077198028564453,1378,0.022762298583984375
4472,PQC,0.02760481834411621,0.025666236877441406,3138,0.024696826934814453
4472,AES,0.02550196647644043,0.024343490600585938,1730,0.025411367416381836
4472,No_Encryption,0.0251314640045166,0.021315813064575195,1378,0.025338411331176758
4473,PQC,0.026870250701904297,0.027393102645874023,3138,0.024593353271484375
4473,AES,0.024720430374145508,0.02356696128845215,1730,0.023856401443481445
4473,No_Encryption,0.02445244789123535,0.021349430084228516,1378,0.025339841842651367
4474,PQC,0.028768301010131836,0.027456998825073242,3138,0.023983001708984375
4474,AES,0.023169517517089844,0.024718761444091797,1730,0.024519920349121094
4474,No_Encryption,0.022818565368652344,0.021057605743408203,1378,0.02503514289855957
4475,PQC,0.02908945083618164,0.030432701110839844,3138,0.023996353149414062
4475,AES,0.023404598236083984,0.023875951766967773,1730,0.023524761199951172
4475,No_Encryption,0.026288747787475586,0.026700735092163086,1378,0.033231496810913086
4476,PQC,0.03564023971557617,0.03559255599975586,3138,0.030520200729370117
4476,AES,0.03304481506347656,0.026528120040893555,1730,0.02623915672302246
4476,No_Encryption,0.024676799774169922,0.023342370986938477,1378,0.024689674377441406
4477,PQC,0.030486106872558594,0.02926492691040039,3138,0.026078462600708008
4477,AES,0.024587631225585938,0.025676727294921875,1730,0.02564382553100586
4477,No_Encryption,0.028109073638916016,0.02284526824951172,1378,0.02641463279724121
4478,PQC,0.03133583068847656,0.028840303421020508,3138,0.02571845054626465
4478,AES,0.024731874465942383,0.024111270904541016,1730,0.023913860321044922
4478,No_Encryption,0.024008512496948242,0.022686243057250977,1378,0.02498912811279297
4479,PQC,0.02890801429748535,0.027194976806640625,3138,0.025956392288208008
4479,AES,0.027315855026245117,0.023255586624145508,1730,0.025496482849121094
4479,No_Encryption,0.023476123809814453,0.0225222110748291,1378,0.024043798446655273
4480,PQC,0.029546260833740234,0.02557086944580078,3138,0.025084495544433594
4480,AES,0.024459123611450195,0.02381730079650879,1730,0.023050308227539062
4480,No_Encryption,0.025810718536376953,0.021190166473388672,1378,0.024500608444213867
4481,PQC,0.02960944175720215,0.02715921401977539,3138,0.023630142211914062
4481,AES,0.024619102478027344,0.02413654327392578,1730,0.02319025993347168
4481,No_Encryption,0.024552583694458008,0.02230978012084961,1378,0.026996374130249023
4482,PQC,0.028536319732666016,0.0287933349609375,3138,0.024532079696655273
4482,AES,0.024161815643310547,0.026613712310791016,1730,0.024707317352294922
4482,No_Encryption,0.029328584671020508,0.021990299224853516,1378,0.02420520782470703
4483,PQC,0.03126645088195801,0.029628276824951172,3138,0.024045944213867188
4483,AES,0.025121450424194336,0.024967670440673828,1730,0.023650407791137695
4483,No_Encryption,0.023536205291748047,0.022149085998535156,1378,0.02537226676940918
4484,PQC,0.02792072296142578,0.026891231536865234,3138,0.022803068161010742
4484,AES,0.0241091251373291,0.022762775421142578,1730,0.025592803955078125
4484,No_Encryption,0.023654460906982422,0.023163318634033203,1378,0.024578332901000977
4485,PQC,0.028046846389770508,0.0285952091217041,3138,0.024250268936157227
4485,AES,0.028302907943725586,0.024561643600463867,1730,0.024585962295532227
4485,No_Encryption,0.02285003662109375,0.02175140380859375,1378,0.024271249771118164
4486,PQC,0.02940845489501953,0.02710127830505371,3138,0.025125503540039062
4486,AES,0.024517297744750977,0.024364471435546875,1730,0.024061918258666992
4486,No_Encryption,0.021788835525512695,0.021363258361816406,1378,0.02444601058959961
4487,PQC,0.026830196380615234,0.02665400505065918,3138,0.025072097778320312
4487,AES,0.026126384735107422,0.02480292320251465,1730,0.023760318756103516
4487,No_Encryption,0.024457454681396484,0.021435022354125977,1378,0.024187564849853516
4488,PQC,0.031214237213134766,0.026568889617919922,3138,0.024710416793823242
4488,AES,0.024542808532714844,0.02327275276184082,1730,0.023860692977905273
4488,No_Encryption,0.024280548095703125,0.021745920181274414,1378,0.023096561431884766
4489,PQC,0.027190685272216797,0.026400327682495117,3138,0.024201631546020508
4489,AES,0.023358821868896484,0.02580428123474121,1730,0.02691364288330078
4489,No_Encryption,0.021474599838256836,0.021096229553222656,1378,0.024578571319580078
4490,PQC,0.027154207229614258,0.028311967849731445,3138,0.023222923278808594
4490,AES,0.024974822998046875,0.02359604835510254,1730,0.023876190185546875
4490,No_Encryption,0.024779558181762695,0.02185821533203125,1378,0.02352142333984375
4491,PQC,0.027644634246826172,0.026307106018066406,3138,0.02687358856201172
4491,AES,0.024313688278198242,0.023100852966308594,1730,0.024476051330566406
4491,No_Encryption,0.02504754066467285,0.023465633392333984,1378,0.024518728256225586
4492,PQC,0.03384757041931152,0.02867579460144043,3138,0.024382829666137695
4492,AES,0.022983789443969727,0.023097753524780273,1730,0.02394556999206543
4492,No_Encryption,0.021559953689575195,0.021685361862182617,1378,0.025537729263305664
4493,PQC,0.028156042098999023,0.026330232620239258,3138,0.02390909194946289
4493,AES,0.031287431716918945,0.02579641342163086,1730,0.02541351318359375
4493,No_Encryption,0.023571491241455078,0.02214503288269043,1378,0.02258443832397461
4494,PQC,0.04329872131347656,0.03653597831726074,3138,0.028202056884765625
4494,AES,0.0273284912109375,0.025371789932250977,1730,0.025808334350585938
4494,No_Encryption,0.02521514892578125,0.02274608612060547,1378,0.026006698608398438
4495,PQC,0.03263521194458008,0.028850317001342773,3138,0.02443528175354004
4495,AES,0.025448083877563477,0.0242617130279541,1730,0.024278879165649414
4495,No_Encryption,0.025363922119140625,0.021682262420654297,1378,0.023836135864257812
4496,PQC,0.027522563934326172,0.02710103988647461,3138,0.02429819107055664
4496,AES,0.023591041564941406,0.025334835052490234,1730,0.02647542953491211
4496,No_Encryption,0.022861719131469727,0.02268695831298828,1378,0.025539875030517578
4497,PQC,0.029233455657958984,0.02827906608581543,3138,0.02377009391784668
4497,AES,0.026197433471679688,0.025409698486328125,1730,0.024998188018798828
4497,No_Encryption,0.026361942291259766,0.021158695220947266,1378,0.02489781379699707
4498,PQC,0.028560400009155273,0.027435302734375,3138,0.0228424072265625
4498,AES,0.02495861053466797,0.02355217933654785,1730,0.023954153060913086
4498,No_Encryption,0.02348017692565918,0.022154569625854492,1378,0.02495431900024414
4499,PQC,0.030529022216796875,0.0299835205078125,3138,0.025321245193481445
4499,AES,0.0265655517578125,0.027146339416503906,1730,0.023215532302856445
4499,No_Encryption,0.024288177490234375,0.021820545196533203,1378,0.024652719497680664
4500,PQC,0.029759645462036133,0.027946949005126953,3138,0.02515697479248047
4500,AES,0.025774717330932617,0.02429676055908203,1730,0.022542715072631836
4500,No_Encryption,0.024265527725219727,0.02200770378112793,1378,0.02402186393737793
4501,PQC,0.02939915657043457,0.028397798538208008,3138,0.02713942527770996
4501,AES,0.02647852897644043,0.02471756935119629,1730,0.024410724639892578
4501,No_Encryption,0.024746417999267578,0.021979808807373047,1378,0.02538609504699707
4502,PQC,0.030954837799072266,0.029854536056518555,3138,0.02442622184753418
4502,AES,0.026837825775146484,0.025132179260253906,1730,0.026024818420410156
4502,No_Encryption,0.02406597137451172,0.022180795669555664,1378,0.025052785873413086
4503,PQC,0.027415990829467773,0.026183366775512695,3138,0.024172544479370117
4503,AES,0.024470806121826172,0.023397207260131836,1730,0.02307748794555664
4503,No_Encryption,0.022409439086914062,0.02080845832824707,1378,0.02461838722229004
4504,PQC,0.027332305908203125,0.028159141540527344,3138,0.023545265197753906
4504,AES,0.027060270309448242,0.02406907081604004,1730,0.02398204803466797
4504,No_Encryption,0.022930383682250977,0.023285865783691406,1378,0.023404598236083984
4505,PQC,0.02790045738220215,0.027928829193115234,3138,0.02573418617248535
4505,AES,0.025530576705932617,0.024666786193847656,1730,0.02573561668395996
4505,No_Encryption,0.02424311637878418,0.022548913955688477,1378,0.025440692901611328
4506,PQC,0.02797102928161621,0.0283811092376709,3138,0.023844242095947266
4506,AES,0.02574920654296875,0.024745702743530273,1730,0.02238607406616211
4506,No_Encryption,0.022588491439819336,0.02265477180480957,1378,0.02780938148498535
4507,PQC,0.02900981903076172,0.026288509368896484,3138,0.02301645278930664
4507,AES,0.023984670639038086,0.02476048469543457,1730,0.023033857345581055
4507,No_Encryption,0.022104501724243164,0.022457599639892578,1378,0.023448944091796875
4508,PQC,0.027125120162963867,0.025787830352783203,3138,0.02243947982788086
4508,AES,0.02346515655517578,0.02199101448059082,1730,0.023167848587036133
4508,No_Encryption,0.0235445499420166,0.020379304885864258,1378,0.025283098220825195
4509,PQC,0.03069901466369629,0.027525901794433594,3138,0.023020505905151367
4509,AES,0.026432037353515625,0.025244951248168945,1730,0.023765087127685547
4509,No_Encryption,0.025394439697265625,0.021895408630371094,1378,0.023548603057861328
4510,PQC,0.03126168251037598,0.02843642234802246,3138,0.0242459774017334
4510,AES,0.025278091430664062,0.024428844451904297,1730,0.023687124252319336
4510,No_Encryption,0.029282808303833008,0.021382570266723633,1378,0.025790929794311523
4511,PQC,0.028271913528442383,0.027233362197875977,3138,0.021663188934326172
4511,AES,0.02031707763671875,0.0191652774810791,1730,0.01830887794494629
4511,No_Encryption,0.01673722267150879,0.015367269515991211,1378,0.020372867584228516
4512,PQC,0.023553133010864258,0.01883220672607422,3138,0.017241716384887695
4512,AES,0.01788616180419922,0.01711583137512207,1730,0.01659417152404785
4512,No_Encryption,0.03210806846618652,0.016866207122802734,1378,0.017679691314697266
4513,PQC,0.022439241409301758,0.019356727600097656,3138,0.01728367805480957
4513,AES,0.019253015518188477,0.017154693603515625,1730,0.01596999168395996
4513,No_Encryption,0.017718791961669922,0.015477895736694336,1378,0.017646312713623047
4514,PQC,0.019894123077392578,0.017880916595458984,3138,0.016597747802734375
4514,AES,0.018025875091552734,0.016054391860961914,1730,0.01654791831970215
4514,No_Encryption,0.019345998764038086,0.014262676239013672,1378,0.016721725463867188
4515,PQC,0.020188570022583008,0.017844438552856445,3138,0.0158536434173584
4515,AES,0.018656492233276367,0.015815258026123047,1730,0.016774415969848633
4515,No_Encryption,0.018572092056274414,0.01611495018005371,1378,0.01657891273498535
4516,PQC,0.021848678588867188,0.020587444305419922,3138,0.01743030548095703
4516,AES,0.018713951110839844,0.016833782196044922,1730,0.01804351806640625
4516,No_Encryption,0.016721010208129883,0.014602899551391602,1378,0.016637325286865234
4517,PQC,0.021251678466796875,0.019483566284179688,3138,0.01638507843017578
4517,AES,0.018642425537109375,0.016917705535888672,1730,0.0167233943939209
4517,No_Encryption,0.018352985382080078,0.015354633331298828,1378,0.01644754409790039
4518,PQC,0.020485401153564453,0.01775646209716797,3138,0.01658153533935547
4518,AES,0.018324613571166992,0.017140865325927734,1730,0.017691850662231445
4518,No_Encryption,0.02028822898864746,0.01603245735168457,1378,0.01810741424560547
4519,PQC,0.02183389663696289,0.018810033798217773,3138,0.017601966857910156
4519,AES,0.021424293518066406,0.01928114891052246,1730,0.01648116111755371
4519,No_Encryption,0.017374753952026367,0.016314983367919922,1378,0.016528606414794922
4520,PQC,0.020537614822387695,0.019438743591308594,3138,0.01670241355895996
4520,AES,0.018021821975708008,0.01740860939025879,1730,0.017676830291748047
4520,No_Encryption,0.0179135799407959,0.015169143676757812,1378,0.0178525447845459
4521,PQC,0.024102210998535156,0.0183107852935791,3138,0.01680612564086914
4521,AES,0.02129340171813965,0.017037391662597656,1730,0.017055988311767578
4521,No_Encryption,0.01761174201965332,0.015964746475219727,1378,0.016753673553466797
4522,PQC,0.021916866302490234,0.019500017166137695,3138,0.01800084114074707
4522,AES,0.019043445587158203,0.017659425735473633,1730,0.017537593841552734
4522,No_Encryption,0.017558813095092773,0.015540599822998047,1378,0.017424345016479492
4523,PQC,0.02086019515991211,0.01846766471862793,3138,0.017307281494140625
4523,AES,0.02011847496032715,0.016817569732666016,1730,0.017241239547729492
4523,No_Encryption,0.01847243309020996,0.01612997055053711,1378,0.018404483795166016
4524,PQC,0.021689414978027344,0.020743131637573242,3138,0.017466068267822266
4524,AES,0.017463207244873047,0.017095565795898438,1730,0.017973899841308594
4524,No_Encryption,0.01721978187561035,0.015424251556396484,1378,0.017310619354248047
4525,PQC,0.020502090454101562,0.019464492797851562,3138,0.01699972152709961
4525,AES,0.018166780471801758,0.017073392868041992,1730,0.01804518699645996
4525,No_Encryption,0.02051544189453125,0.01575303077697754,1378,0.017405033111572266
4526,PQC,0.020635128021240234,0.0205385684967041,3138,0.016866207122802734
4526,AES,0.01807713508605957,0.017064809799194336,1730,0.017227888107299805
4526,No_Encryption,0.018198013305664062,0.01640605926513672,1378,0.019132137298583984
4527,PQC,0.02200031280517578,0.020211458206176758,3138,0.017156124114990234
4527,AES,0.01823711395263672,0.017909526824951172,1730,0.017924785614013672
4527,No_Encryption,0.01839303970336914,0.015927553176879883,1378,0.0167083740234375
4528,PQC,0.021512746810913086,0.01983356475830078,3138,0.01728963851928711
4528,AES,0.01819634437561035,0.01754617691040039,1730,0.017117977142333984
4528,No_Encryption,0.017730236053466797,0.016900062561035156,1378,0.018574953079223633
4529,PQC,0.020984888076782227,0.019448518753051758,3138,0.01679253578186035
4529,AES,0.018996477127075195,0.018344402313232422,1730,0.01735091209411621
4529,No_Encryption,0.020418167114257812,0.015492916107177734,1378,0.020914316177368164
4530,PQC,0.022336244583129883,0.01929473876953125,3138,0.016889095306396484
4530,AES,0.01865410804748535,0.0177004337310791,1730,0.017300844192504883
4530,No_Encryption,0.017111539840698242,0.015315771102905273,1378,0.016997098922729492
4531,PQC,0.02194046974182129,0.0195462703704834,3138,0.018240928649902344
4531,AES,0.02005171775817871,0.017594575881958008,1730,0.017473697662353516
4531,No_Encryption,0.01994943618774414,0.01589369773864746,1378,0.018114805221557617
4532,PQC,0.021725177764892578,0.019463300704956055,3138,0.016972064971923828
4532,AES,0.02155137062072754,0.018196582794189453,1730,0.01869988441467285
4532,No_Encryption,0.0241849422454834,0.015215873718261719,1378,0.019191503524780273
4533,PQC,0.02029585838317871,0.019034147262573242,3138,0.0177915096282959
4533,AES,0.022011518478393555,0.01901984214782715,1730,0.024370670318603516
4533,No_Encryption,0.02837514877319336,0.019957542419433594,1378,0.023424863815307617
4534,PQC,0.026273250579833984,0.025779247283935547,3138,0.02223348617553711
4534,AES,0.023726940155029297,0.024019241333007812,1730,0.023357152938842773
4534,No_Encryption,0.02743220329284668,0.02248072624206543,1378,0.025638818740844727
4535,PQC,0.02935051918029785,0.028083086013793945,3138,0.02417278289794922
4535,AES,0.025075674057006836,0.02704453468322754,1730,0.024695158004760742
4535,No_Encryption,0.025900602340698242,0.02300405502319336,1378,0.025536775588989258
4536,PQC,0.02907252311706543,0.02745509147644043,3138,0.024307966232299805
4536,AES,0.025263309478759766,0.025037765502929688,1730,0.025927305221557617
4536,No_Encryption,0.02797222137451172,0.023932695388793945,1378,0.027182817459106445
4537,PQC,0.03312420845031738,0.03274965286254883,3138,0.026266098022460938
4537,AES,0.025307655334472656,0.024819374084472656,1730,0.025513887405395508
4537,No_Encryption,0.024666786193847656,0.0243074893951416,1378,0.0248262882232666
4538,PQC,0.03356647491455078,0.029359817504882812,3138,0.024715900421142578
4538,AES,0.026248455047607422,0.025578975677490234,1730,0.024543285369873047
4538,No_Encryption,0.02429938316345215,0.02477860450744629,1378,0.028835773468017578
4539,PQC,0.030402660369873047,0.029715538024902344,3138,0.02619624137878418
4539,AES,0.02601933479309082,0.026802778244018555,1730,0.025669336318969727
4539,No_Encryption,0.024091243743896484,0.023734569549560547,1378,0.027324676513671875
4540,PQC,0.029097318649291992,0.028301239013671875,3138,0.025304794311523438
4540,AES,0.02555227279663086,0.026320695877075195,1730,0.02590465545654297
4540,No_Encryption,0.02483654022216797,0.024439573287963867,1378,0.030322790145874023
4541,PQC,0.0402379035949707,0.03511452674865723,3138,0.027576208114624023
4541,AES,0.031087398529052734,0.027274131774902344,1730,0.026318073272705078
4541,No_Encryption,0.027027130126953125,0.024274110794067383,1378,0.02733325958251953
4542,PQC,0.031143903732299805,0.029644012451171875,3138,0.027526378631591797
4542,AES,0.029906272888183594,0.028438329696655273,1730,0.02817368507385254
4542,No_Encryption,0.02685093879699707,0.025269746780395508,1378,0.028164148330688477
4543,PQC,0.031722068786621094,0.028935909271240234,3138,0.025116920471191406
4543,AES,0.025498151779174805,0.025774240493774414,1730,0.025690793991088867
4543,No_Encryption,0.030550718307495117,0.022238731384277344,1378,0.027573585510253906
4544,PQC,0.03464841842651367,0.035582542419433594,3138,0.029215335845947266
4544,AES,0.03363847732543945,0.030936241149902344,1730,0.026529312133789062
4544,No_Encryption,0.02654886245727539,0.023099184036254883,1378,0.025913000106811523
4545,PQC,0.028713226318359375,0.027385473251342773,3138,0.026816844940185547
4545,AES,0.025815963745117188,0.025049448013305664,1730,0.027147769927978516
4545,No_Encryption,0.027274370193481445,0.024161338806152344,1378,0.028053760528564453
4546,PQC,0.03200793266296387,0.03084421157836914,3138,0.026735782623291016
4546,AES,0.02638554573059082,0.026196002960205078,1730,0.02689075469970703
4546,No_Encryption,0.028464555740356445,0.024425506591796875,1378,0.0260772705078125
4547,PQC,0.030484676361083984,0.03000783920288086,3138,0.024239063262939453
4547,AES,0.0335080623626709,0.026310443878173828,1730,0.026792049407958984
4547,No_Encryption,0.031005382537841797,0.025853872299194336,1378,0.02771162986755371
4548,PQC,0.03212594985961914,0.03167104721069336,3138,0.02587723731994629
4548,AES,0.027588605880737305,0.02628350257873535,1730,0.02646350860595703
4548,No_Encryption,0.025852203369140625,0.024001598358154297,1378,0.026943445205688477
4549,PQC,0.030211448669433594,0.030346155166625977,3138,0.025830507278442383
4549,AES,0.026283979415893555,0.026021718978881836,1730,0.0258486270904541
4549,No_Encryption,0.025660037994384766,0.024097919464111328,1378,0.026067733764648438
4550,PQC,0.03509521484375,0.030962467193603516,3138,0.026875019073486328
4550,AES,0.028176069259643555,0.02594780921936035,1730,0.027586698532104492
4550,No_Encryption,0.03918313980102539,0.028565406799316406,1378,0.03394174575805664
4551,PQC,0.03201866149902344,0.031635284423828125,3138,0.029556751251220703
4551,AES,0.03361010551452637,0.02814936637878418,1730,0.02619624137878418
4551,No_Encryption,0.031093597412109375,0.02697920799255371,1378,0.029793262481689453
4552,PQC,0.03211069107055664,0.030598163604736328,3138,0.02680039405822754
4552,AES,0.028295040130615234,0.02678370475769043,1730,0.026223182678222656
4552,No_Encryption,0.028908729553222656,0.02479100227355957,1378,0.02771735191345215
4553,PQC,0.032698631286621094,0.03026103973388672,3138,0.026190519332885742
4553,AES,0.02509284019470215,0.025075197219848633,1730,0.025695085525512695
4553,No_Encryption,0.027259111404418945,0.024290800094604492,1378,0.026330947875976562
4554,PQC,0.030870676040649414,0.03055715560913086,3138,0.029072999954223633
4554,AES,0.028604984283447266,0.026499509811401367,1730,0.024957895278930664
4554,No_Encryption,0.026516199111938477,0.024187326431274414,1378,0.02561497688293457
4555,PQC,0.0334477424621582,0.030896425247192383,3138,0.02716827392578125
4555,AES,0.03386092185974121,0.026906967163085938,1730,0.02703237533569336
4555,No_Encryption,0.025700807571411133,0.02410411834716797,1378,0.025241613388061523
4556,PQC,0.03125953674316406,0.030393362045288086,3138,0.02700042724609375
4556,AES,0.02653980255126953,0.026456356048583984,1730,0.02601766586303711
4556,No_Encryption,0.026396512985229492,0.02324390411376953,1378,0.025930166244506836
4557,PQC,0.029812097549438477,0.03025031089782715,3138,0.028610706329345703
4557,AES,0.02815842628479004,0.026311397552490234,1730,0.024602413177490234
4557,No_Encryption,0.02415180206298828,0.02132892608642578,1378,0.024760723114013672
4558,PQC,0.031042814254760742,0.027705669403076172,3138,0.023522138595581055
4558,AES,0.0242307186126709,0.024890661239624023,1730,0.024733543395996094
4558,No_Encryption,0.025533437728881836,0.023708581924438477,1378,0.027801513671875
4559,PQC,0.03197503089904785,0.031307220458984375,3138,0.03045368194580078
4559,AES,0.02711033821105957,0.026125669479370117,1730,0.025939464569091797
4559,No_Encryption,0.02952122688293457,0.025092363357543945,1378,0.0275726318359375
4560,PQC,0.03319120407104492,0.029259920120239258,3138,0.02492690086364746
4560,AES,0.027910947799682617,0.0279386043548584,1730,0.024796009063720703
4560,No_Encryption,0.024199485778808594,0.024373292922973633,1378,0.026142358779907227
4561,PQC,0.031032562255859375,0.030633926391601562,3138,0.02769613265991211
4561,AES,0.025202512741088867,0.02720355987548828,1730,0.02415609359741211
4561,No_Encryption,0.02602362632751465,0.023196935653686523,1378,0.027463436126708984
4562,PQC,0.03255128860473633,0.029612302780151367,3138,0.025870323181152344
4562,AES,0.027158260345458984,0.026415586471557617,1730,0.026612281799316406
4562,No_Encryption,0.02630448341369629,0.02283501625061035,1378,0.02663898468017578
4563,PQC,0.030911684036254883,0.03210711479187012,3138,0.02771925926208496
4563,AES,0.03644132614135742,0.029903650283813477,1730,0.02767324447631836
4563,No_Encryption,0.026067733764648438,0.02465534210205078,1378,0.028173208236694336
4564,PQC,0.03208804130554199,0.02888965606689453,3138,0.026021480560302734
4564,AES,0.023908615112304688,0.026719331741333008,1730,0.026790618896484375
4564,No_Encryption,0.02618122100830078,0.02547168731689453,1378,0.028376340866088867
4565,PQC,0.03244519233703613,0.030298709869384766,3138,0.024704456329345703
4565,AES,0.026955366134643555,0.02827930450439453,1730,0.026523828506469727
4565,No_Encryption,0.027631759643554688,0.024821758270263672,1378,0.0303647518157959
4566,PQC,0.03154492378234863,0.03278779983520508,3138,0.028982162475585938
4566,AES,0.026246070861816406,0.026886701583862305,1730,0.025821447372436523
4566,No_Encryption,0.04054093360900879,0.023773908615112305,1378,0.028149127960205078
4567,PQC,0.030367612838745117,0.03006887435913086,3138,0.027831554412841797
4567,AES,0.02584099769592285,0.02466130256652832,1730,0.024823904037475586
4567,No_Encryption,0.025121688842773438,0.026209354400634766,1378,0.030049800872802734
4568,PQC,0.041409969329833984,0.032804250717163086,3138,0.03254199028015137
4568,AES,0.03465414047241211,0.03242158889770508,1730,0.02949070930480957
4568,No_Encryption,0.028119564056396484,0.024204254150390625,1378,0.02832961082458496
4569,PQC,0.032106637954711914,0.030276775360107422,3138,0.02839803695678711
4569,AES,0.03728365898132324,0.028888225555419922,1730,0.02960824966430664
4569,No_Encryption,0.02700042724609375,0.02516031265258789,1378,0.029952049255371094
4570,PQC,0.030419588088989258,0.0291290283203125,3138,0.02365732192993164
4570,AES,0.026709556579589844,0.027518033981323242,1730,0.03184819221496582
4570,No_Encryption,0.028638124465942383,0.023930788040161133,1378,0.026996374130249023
4571,PQC,0.031003952026367188,0.031224966049194336,3138,0.027688264846801758
4571,AES,0.02778029441833496,0.025302886962890625,1730,0.0253908634185791
4571,No_Encryption,0.024587392807006836,0.02315521240234375,1378,0.02644801139831543
4572,PQC,0.03307366371154785,0.028873205184936523,3138,0.023923635482788086
4572,AES,0.02889704704284668,0.027629375457763672,1730,0.02787494659423828
4572,No_Encryption,0.025231361389160156,0.024869918823242188,1378,0.02727675437927246
4573,PQC,0.03350687026977539,0.031241893768310547,3138,0.028241395950317383
4573,AES,0.02987194061279297,0.0254514217376709,1730,0.026291847229003906
4573,No_Encryption,0.02810502052307129,0.0246579647064209,1378,0.030829906463623047
4574,PQC,0.030965089797973633,0.030952930450439453,3138,0.027451038360595703
4574,AES,0.02660346031188965,0.026300907135009766,1730,0.02638530731201172
4574,No_Encryption,0.025851964950561523,0.022973060607910156,1378,0.02694392204284668
4575,PQC,0.03111743927001953,0.031076669692993164,3138,0.025619029998779297
4575,AES,0.031030893325805664,0.026547670364379883,1730,0.027286291122436523
4575,No_Encryption,0.0264127254486084,0.022968769073486328,1378,0.025217771530151367
4576,PQC,0.032526254653930664,0.033048152923583984,3138,0.027373313903808594
4576,AES,0.03138279914855957,0.026929378509521484,1730,0.026610136032104492
4576,No_Encryption,0.026276826858520508,0.023533105850219727,1378,0.0279233455657959
4577,PQC,0.03393864631652832,0.033727407455444336,3138,0.026823997497558594
4577,AES,0.03381848335266113,0.02740335464477539,1730,0.0248410701751709
4577,No_Encryption,0.02789759635925293,0.02667999267578125,1378,0.027750492095947266
4578,PQC,0.031070947647094727,0.029619932174682617,3138,0.026374340057373047
4578,AES,0.027926921844482422,0.026760101318359375,1730,0.02575087547302246
4578,No_Encryption,0.028380870819091797,0.02625274658203125,1378,0.02843332290649414
4579,PQC,0.03101515769958496,0.03003382682800293,3138,0.02698349952697754
4579,AES,0.027350902557373047,0.02471184730529785,1730,0.027962684631347656
4579,No_Encryption,0.02858114242553711,0.024992704391479492,1378,0.027735471725463867
4580,PQC,0.029760360717773438,0.028934717178344727,3138,0.027633190155029297
4580,AES,0.031012296676635742,0.02596426010131836,1730,0.025200605392456055
4580,No_Encryption,0.026678085327148438,0.024518489837646484,1378,0.028767108917236328
4581,PQC,0.0299222469329834,0.03306150436401367,3138,0.025539398193359375
4581,AES,0.02637481689453125,0.026073455810546875,1730,0.02572345733642578
4581,No_Encryption,0.025109291076660156,0.022281408309936523,1378,0.02630019187927246
4582,PQC,0.02823638916015625,0.0285491943359375,3138,0.025699853897094727
4582,AES,0.026836633682250977,0.028074979782104492,1730,0.026272058486938477
4582,No_Encryption,0.02564716339111328,0.025278329849243164,1378,0.027263402938842773
4583,PQC,0.029046297073364258,0.029545068740844727,3138,0.024845361709594727
4583,AES,0.026583194732666016,0.025644540786743164,1730,0.026266813278198242
4583,No_Encryption,0.02470850944519043,0.024154186248779297,1378,0.026612043380737305
4584,PQC,0.036891937255859375,0.030365467071533203,3138,0.027031660079956055
4584,AES,0.025909900665283203,0.025213241577148438,1730,0.029190540313720703
4584,No_Encryption,0.02925419807434082,0.027608633041381836,1378,0.02682352066040039
4585,PQC,0.03129076957702637,0.028913259506225586,3138,0.026403188705444336
4585,AES,0.03206229209899902,0.02796316146850586,1730,0.03369498252868652
4585,No_Encryption,0.033899545669555664,0.028338193893432617,1378,0.031337738037109375
4586,PQC,0.03704428672790527,0.033594608306884766,3138,0.027888774871826172
4586,AES,0.027924299240112305,0.02837824821472168,1730,0.027411222457885742
4586,No_Encryption,0.027980327606201172,0.024635791778564453,1378,0.02915191650390625
4587,PQC,0.03259682655334473,0.038184404373168945,3138,0.02753281593322754
4587,AES,0.026363849639892578,0.02657771110534668,1730,0.026750802993774414
4587,No_Encryption,0.02637028694152832,0.02431321144104004,1378,0.029090166091918945
4588,PQC,0.0335695743560791,0.02917957305908203,3138,0.027352333068847656
4588,AES,0.02681589126586914,0.026279926300048828,1730,0.028340578079223633
4588,No_Encryption,0.028855562210083008,0.023462772369384766,1378,0.02815389633178711
4589,PQC,0.03250265121459961,0.03153038024902344,3138,0.02612781524658203
4589,AES,0.029006481170654297,0.02998948097229004,1730,0.028802156448364258
4589,No_Encryption,0.027837038040161133,0.02460455894470215,1378,0.027260303497314453
4590,PQC,0.032822608947753906,0.030515432357788086,3138,0.025898456573486328
4590,AES,0.02778005599975586,0.02694869041442871,1730,0.028348684310913086
4590,No_Encryption,0.02649712562561035,0.024138450622558594,1378,0.02702927589416504
4591,PQC,0.03217959403991699,0.030951261520385742,3138,0.027858257293701172
4591,AES,0.028127670288085938,0.02678990364074707,1730,0.027159690856933594
4591,No_Encryption,0.025636672973632812,0.023917436599731445,1378,0.028041362762451172
4592,PQC,0.033023834228515625,0.029416561126708984,3138,0.025306224822998047
4592,AES,0.02500462532043457,0.02594923973083496,1730,0.023851871490478516
4592,No_Encryption,0.025210857391357422,0.023995637893676758,1378,0.027274131774902344
4593,PQC,0.03763556480407715,0.0315093994140625,3138,0.02615499496459961
4593,AES,0.026252269744873047,0.027191162109375,1730,0.026533126831054688
4593,No_Encryption,0.025165081024169922,0.023743867874145508,1378,0.026946306228637695
4594,PQC,0.030038118362426758,0.029396533966064453,3138,0.026356935501098633
4594,AES,0.029331684112548828,0.026265382766723633,1730,0.026965618133544922
4594,No_Encryption,0.029300689697265625,0.0240023136138916,1378,0.02971506118774414
4595,PQC,0.033753156661987305,0.030788183212280273,3138,0.02595973014831543
4595,AES,0.02832818031311035,0.02489471435546875,1730,0.026822805404663086
4595,No_Encryption,0.024422645568847656,0.02309131622314453,1378,0.027293920516967773
4596,PQC,0.03405117988586426,0.02933955192565918,3138,0.02619004249572754
4596,AES,0.02702045440673828,0.027178049087524414,1730,0.02773761749267578
4596,No_Encryption,0.02614879608154297,0.0247800350189209,1378,0.026684045791625977
4597,PQC,0.03232765197753906,0.03378438949584961,3138,0.025810718536376953
4597,AES,0.02645397186279297,0.02690911293029785,1730,0.02758479118347168
4597,No_Encryption,0.0294187068939209,0.023827314376831055,1378,0.025563478469848633
4598,PQC,0.030374526977539062,0.03259873390197754,3138,0.024467945098876953
4598,AES,0.028915882110595703,0.026566028594970703,1730,0.02532505989074707
4598,No_Encryption,0.025908470153808594,0.024109363555908203,1378,0.030701637268066406
4599,PQC,0.03468632698059082,0.029581546783447266,3138,0.026419878005981445
4599,AES,0.02840447425842285,0.028783321380615234,1730,0.02691793441772461
4599,No_Encryption,0.026576995849609375,0.023813724517822266,1378,0.02688145637512207
4600,PQC,0.03576231002807617,0.028739213943481445,3138,0.024132966995239258
4600,AES,0.02580738067626953,0.026429414749145508,1730,0.027455806732177734
4600,No_Encryption,0.026068687438964844,0.023700237274169922,1378,0.028079986572265625
4601,PQC,0.03331446647644043,0.030829906463623047,3138,0.02592015266418457
4601,AES,0.024950742721557617,0.0259702205657959,1730,0.025970458984375
4601,No_Encryption,0.02585625648498535,0.024016380310058594,1378,0.026912212371826172
4602,PQC,0.030670642852783203,0.031458139419555664,3138,0.027819156646728516
4602,AES,0.025713443756103516,0.02496933937072754,1730,0.026140689849853516
4602,No_Encryption,0.02802276611328125,0.025159358978271484,1378,0.025012493133544922
4603,PQC,0.028947114944458008,0.028641223907470703,3138,0.02425408363342285
4603,AES,0.02559208869934082,0.026480436325073242,1730,0.025248289108276367
4603,No_Encryption,0.026144027709960938,0.026568889617919922,1378,0.037008047103881836
4604,PQC,0.03806591033935547,0.037850379943847656,3138,0.0309751033782959
4604,AES,0.029337167739868164,0.02637481689453125,1730,0.028776168823242188
4604,No_Encryption,0.029936790466308594,0.025447368621826172,1378,0.029114961624145508
4605,PQC,0.034453392028808594,0.03306269645690918,3138,0.026765823364257812
4605,AES,0.026521921157836914,0.027959108352661133,1730,0.02664041519165039
4605,No_Encryption,0.03354644775390625,0.02422046661376953,1378,0.02881336212158203
4606,PQC,0.0397493839263916,0.02940678596496582,3138,0.027013778686523438
4606,AES,0.026547908782958984,0.024865388870239258,1730,0.02667093276977539
4606,No_Encryption,0.023877859115600586,0.022932767868041992,1378,0.026923179626464844
4607,PQC,0.03450417518615723,0.029453039169311523,3138,0.02736353874206543
4607,AES,0.02568960189819336,0.02580857276916504,1730,0.02747488021850586
4607,No_Encryption,0.02687835693359375,0.025057077407836914,1378,0.027364492416381836
4608,PQC,0.041207075119018555,0.031093120574951172,3138,0.024780750274658203
4608,AES,0.027824878692626953,0.024499177932739258,1730,0.02365732192993164
4608,No_Encryption,0.02524876594543457,0.024872541427612305,1378,0.02836155891418457
4609,PQC,0.03616046905517578,0.03313612937927246,3138,0.028540372848510742
4609,AES,0.030034542083740234,0.025854825973510742,1730,0.024980545043945312
4609,No_Encryption,0.02487468719482422,0.024425268173217773,1378,0.025555849075317383
4610,PQC,0.0312197208404541,0.031633853912353516,3138,0.02686619758605957
4610,AES,0.027503490447998047,0.025535106658935547,1730,0.02657771110534668
4610,No_Encryption,0.03591203689575195,0.025870323181152344,1378,0.030617237091064453
4611,PQC,0.035123348236083984,0.03459668159484863,3138,0.030067920684814453
4611,AES,0.02993488311767578,0.03054523468017578,1730,0.029067277908325195
4611,No_Encryption,0.03819632530212402,0.02858901023864746,1378,0.030672550201416016
4612,PQC,0.0379638671875,0.03638005256652832,3138,0.030817031860351562
4612,AES,0.032306671142578125,0.03092813491821289,1730,0.02865886688232422
4612,No_Encryption,0.03087329864501953,0.026569366455078125,1378,0.027399301528930664
4613,PQC,0.0341799259185791,0.034458160400390625,3138,0.03014063835144043
4613,AES,0.02805352210998535,0.027704954147338867,1730,0.026044368743896484
4613,No_Encryption,0.027739524841308594,0.024049997329711914,1378,0.026572227478027344
4614,PQC,0.03281569480895996,0.030889034271240234,3138,0.027336597442626953
4614,AES,0.02912616729736328,0.028158903121948242,1730,0.028844594955444336
4614,No_Encryption,0.024725914001464844,0.022896766662597656,1378,0.027245283126831055
4615,PQC,0.0315704345703125,0.030144214630126953,3138,0.026269197463989258
4615,AES,0.026561260223388672,0.025217533111572266,1730,0.02552342414855957
4615,No_Encryption,0.02445077896118164,0.024482250213623047,1378,0.025206327438354492
4616,PQC,0.03535938262939453,0.028813600540161133,3138,0.025896072387695312
4616,AES,0.025999069213867188,0.027615785598754883,1730,0.029792070388793945
4616,No_Encryption,0.02492499351501465,0.02554178237915039,1378,0.028126955032348633
4617,PQC,0.035488128662109375,0.029675960540771484,3138,0.027007579803466797
4617,AES,0.029526472091674805,0.027696609497070312,1730,0.026617765426635742
4617,No_Encryption,0.024498701095581055,0.023821115493774414,1378,0.026968002319335938
4618,PQC,0.03220939636230469,0.030849933624267578,3138,0.02721405029296875
4618,AES,0.026606082916259766,0.02733469009399414,1730,0.02689051628112793
4618,No_Encryption,0.02436685562133789,0.023268699645996094,1378,0.026362895965576172
4619,PQC,0.03489327430725098,0.030143022537231445,3138,0.026072025299072266
4619,AES,0.02602410316467285,0.025714635848999023,1730,0.027904748916625977
4619,No_Encryption,0.029200315475463867,0.023174762725830078,1378,0.02610158920288086
4620,PQC,0.03078293800354004,0.032684326171875,3138,0.029001474380493164
4620,AES,0.029390573501586914,0.02889418601989746,1730,0.0355069637298584
4620,No_Encryption,0.03825855255126953,0.028089284896850586,1378,0.03090190887451172
4621,PQC,0.042878150939941406,0.03813815116882324,3138,0.03185701370239258
4621,AES,0.04066133499145508,0.033870697021484375,1730,0.03157687187194824
4621,No_Encryption,0.034320831298828125,0.026653289794921875,1378,0.03014683723449707
4622,PQC,0.03467869758605957,0.034784793853759766,3138,0.0307464599609375
4622,AES,0.031064271926879883,0.030544042587280273,1730,0.027521133422851562
4622,No_Encryption,0.028722047805786133,0.026504039764404297,1378,0.03323674201965332
4623,PQC,0.03396940231323242,0.031980037689208984,3138,0.027895212173461914
4623,AES,0.03162550926208496,0.029195547103881836,1730,0.027096986770629883
4623,No_Encryption,0.02613663673400879,0.024782419204711914,1378,0.02781391143798828
4624,PQC,0.03331446647644043,0.030717849731445312,3138,0.026913881301879883
4624,AES,0.027431488037109375,0.025686025619506836,1730,0.026366472244262695
4624,No_Encryption,0.02598714828491211,0.024192333221435547,1378,0.027363061904907227
4625,PQC,0.031213998794555664,0.030522584915161133,3138,0.027437925338745117
4625,AES,0.02753305435180664,0.026029586791992188,1730,0.027373313903808594
4625,No_Encryption,0.023413658142089844,0.02292346954345703,1378,0.024098634719848633
4626,PQC,0.03490471839904785,0.029120922088623047,3138,0.030323028564453125
4626,AES,0.026561737060546875,0.025708913803100586,1730,0.027007102966308594
4626,No_Encryption,0.029117822647094727,0.022591829299926758,1378,0.027182579040527344
4627,PQC,0.03156256675720215,0.030872106552124023,3138,0.028549671173095703
4627,AES,0.0263063907623291,0.027807950973510742,1730,0.02682042121887207
4627,No_Encryption,0.02709341049194336,0.024359941482543945,1378,0.02562737464904785
4628,PQC,0.03292131423950195,0.029903411865234375,3138,0.02816009521484375
4628,AES,0.028568506240844727,0.026163101196289062,1730,0.026796340942382812
4628,No_Encryption,0.025803565979003906,0.022057533264160156,1378,0.026288270950317383
4629,PQC,0.03196454048156738,0.02853536605834961,3138,0.025533437728881836
4629,AES,0.025218725204467773,0.02579355239868164,1730,0.025903940200805664
4629,No_Encryption,0.031011104583740234,0.023777246475219727,1378,0.027693986892700195
4630,PQC,0.029497861862182617,0.029645442962646484,3138,0.02664661407470703
4630,AES,0.02555394172668457,0.02663397789001465,1730,0.02680683135986328
4630,No_Encryption,0.024718761444091797,0.0227353572845459,1378,0.02679300308227539
4631,PQC,0.030719280242919922,0.029545307159423828,3138,0.024906635284423828
4631,AES,0.028018951416015625,0.02730560302734375,1730,0.026456832885742188
4631,No_Encryption,0.02509164810180664,0.02370285987854004,1378,0.026113033294677734
4632,PQC,0.03146076202392578,0.029931068420410156,3138,0.02552342414855957
4632,AES,0.030373334884643555,0.02692580223083496,1730,0.027293920516967773
4632,No_Encryption,0.02602553367614746,0.023955583572387695,1378,0.025878429412841797
4633,PQC,0.0339510440826416,0.03096771240234375,3138,0.02675652503967285
4633,AES,0.02934718132019043,0.027494430541992188,1730,0.026244640350341797
4633,No_Encryption,0.028147459030151367,0.02219986915588379,1378,0.026064157485961914
4634,PQC,0.030710458755493164,0.02929830551147461,3138,0.027590513229370117
4634,AES,0.030129194259643555,0.02609562873840332,1730,0.025531530380249023
4634,No_Encryption,0.025183916091918945,0.023799657821655273,1378,0.02805614471435547
4635,PQC,0.030572175979614258,0.029934406280517578,3138,0.02823352813720703
4635,AES,0.024596214294433594,0.024824142456054688,1730,0.024445295333862305
4635,No_Encryption,0.028317689895629883,0.022539138793945312,1378,0.02695631980895996
4636,PQC,0.03128242492675781,0.030284643173217773,3138,0.026511192321777344
4636,AES,0.030106544494628906,0.024064064025878906,1730,0.02467036247253418
4636,No_Encryption,0.027048587799072266,0.02451610565185547,1378,0.025455951690673828
4637,PQC,0.03403520584106445,0.028935909271240234,3138,0.030164241790771484
4637,AES,0.026120662689208984,0.02643895149230957,1730,0.027434587478637695
4637,No_Encryption,0.025845766067504883,0.02338862419128418,1378,0.02686786651611328
4638,PQC,0.030325889587402344,0.031200408935546875,3138,0.0288848876953125
4638,AES,0.04330277442932129,0.02974390983581543,1730,0.028715848922729492
4638,No_Encryption,0.028853893280029297,0.026081323623657227,1378,0.031259775161743164
4639,PQC,0.03418779373168945,0.03311753273010254,3138,0.026103496551513672
4639,AES,0.02858877182006836,0.027690410614013672,1730,0.02635812759399414
4639,No_Encryption,0.028133153915405273,0.025719642639160156,1378,0.02667713165283203
4640,PQC,0.032874345779418945,0.030626296997070312,3138,0.027570486068725586
4640,AES,0.02830648422241211,0.026233911514282227,1730,0.0274350643157959
4640,No_Encryption,0.02578449249267578,0.02572798728942871,1378,0.029006004333496094
4641,PQC,0.0350034236907959,0.03258562088012695,3138,0.026983976364135742
4641,AES,0.0270235538482666,0.027469873428344727,1730,0.026708364486694336
4641,No_Encryption,0.028049945831298828,0.02595210075378418,1378,0.031426191329956055
4642,PQC,0.03113722801208496,0.03291201591491699,3138,0.029757022857666016
4642,AES,0.03392934799194336,0.02615666389465332,1730,0.026196718215942383
4642,No_Encryption,0.026051044464111328,0.026453018188476562,1378,0.02737712860107422
4643,PQC,0.033063650131225586,0.030202865600585938,3138,0.027052879333496094
4643,AES,0.029302120208740234,0.027370452880859375,1730,0.026645183563232422
4643,No_Encryption,0.027377605438232422,0.025058269500732422,1378,0.029555320739746094
4644,PQC,0.039350032806396484,0.030634403228759766,3138,0.029314279556274414
4644,AES,0.02740001678466797,0.02815842628479004,1730,0.02637028694152832
4644,No_Encryption,0.02910900115966797,0.024068355560302734,1378,0.02836132049560547
4645,PQC,0.032572269439697266,0.03327512741088867,3138,0.03010272979736328
4645,AES,0.03310036659240723,0.02834606170654297,1730,0.028342723846435547
4645,No_Encryption,0.027540206909179688,0.02619338035583496,1378,0.026845216751098633
4646,PQC,0.03285551071166992,0.031150341033935547,3138,0.027456283569335938
4646,AES,0.02677440643310547,0.025866270065307617,1730,0.025936603546142578
4646,No_Encryption,0.025551795959472656,0.024556875228881836,1378,0.02757573127746582
4647,PQC,0.04203963279724121,0.032903432846069336,3138,0.02742767333984375
4647,AES,0.025632143020629883,0.0253751277923584,1730,0.02802419662475586
4647,No_Encryption,0.024695634841918945,0.025262832641601562,1378,0.026476144790649414
4648,PQC,0.03129911422729492,0.0303802490234375,3138,0.024597883224487305
4648,AES,0.027249813079833984,0.026915311813354492,1730,0.025344133377075195
4648,No_Encryption,0.027655601501464844,0.02361893653869629,1378,0.0259554386138916
4649,PQC,0.030844449996948242,0.029773950576782227,3138,0.027956247329711914
4649,AES,0.025734663009643555,0.0253603458404541,1730,0.026667356491088867
4649,No_Encryption,0.025829076766967773,0.02381300926208496,1378,0.028614282608032227
4650,PQC,0.030956029891967773,0.03214550018310547,3138,0.027788400650024414
4650,AES,0.027643203735351562,0.025290250778198242,1730,0.026758193969726562
4650,No_Encryption,0.02358245849609375,0.023081302642822266,1378,0.027318239212036133
4651,PQC,0.032182931900024414,0.030214786529541016,3138,0.026429414749145508
4651,AES,0.02641129493713379,0.02745819091796875,1730,0.025839805603027344
4651,No_Encryption,0.03386211395263672,0.02460193634033203,1378,0.027839183807373047
4652,PQC,0.029326677322387695,0.03017878532409668,3138,0.025869131088256836
4652,AES,0.02901625633239746,0.025170326232910156,1730,0.024945497512817383
4652,No_Encryption,0.026676177978515625,0.02523970603942871,1378,0.024449586868286133
4653,PQC,0.03032851219177246,0.029436588287353516,3138,0.02622699737548828
4653,AES,0.028808116912841797,0.026828527450561523,1730,0.024914264678955078
4653,No_Encryption,0.02498316764831543,0.024486780166625977,1378,0.028468847274780273
4654,PQC,0.0304715633392334,0.029972553253173828,3138,0.02475714683532715
4654,AES,0.03362584114074707,0.027320384979248047,1730,0.027663230895996094
4654,No_Encryption,0.028589963912963867,0.023674964904785156,1378,0.027405738830566406
4655,PQC,0.03627347946166992,0.030763864517211914,3138,0.02845001220703125
4655,AES,0.026708126068115234,0.026508808135986328,1730,0.026053428649902344
4655,No_Encryption,0.029799938201904297,0.02934551239013672,1378,0.03295302391052246
4656,PQC,0.04518246650695801,0.03695034980773926,3138,0.030927181243896484
4656,AES,0.028498411178588867,0.02908635139465332,1730,0.03065633773803711
4656,No_Encryption,0.031217575073242188,0.024978160858154297,1378,0.031174421310424805
4657,PQC,0.03161287307739258,0.03168368339538574,3138,0.026436328887939453
4657,AES,0.02743053436279297,0.025884628295898438,1730,0.02680349349975586
4657,No_Encryption,0.025888919830322266,0.024181604385375977,1378,0.025072813034057617
4658,PQC,0.03398752212524414,0.030091524124145508,3138,0.025618314743041992
4658,AES,0.02936410903930664,0.027758359909057617,1730,0.025990962982177734
4658,No_Encryption,0.02474832534790039,0.023982763290405273,1378,0.02707386016845703
4659,PQC,0.03290557861328125,0.03170013427734375,3138,0.028953075408935547
4659,AES,0.027080774307250977,0.0281679630279541,1730,0.0273282527923584
4659,No_Encryption,0.028064966201782227,0.02686929702758789,1378,0.02769947052001953
4660,PQC,0.035192251205444336,0.032068729400634766,3138,0.0293729305267334
4660,AES,0.02688121795654297,0.027548551559448242,1730,0.026314496994018555
4660,No_Encryption,0.02898883819580078,0.023698091506958008,1378,0.02900838851928711
4661,PQC,0.03294515609741211,0.03343820571899414,3138,0.026361465454101562
4661,AES,0.02661871910095215,0.02549886703491211,1730,0.026305198669433594
4661,No_Encryption,0.030373096466064453,0.025722503662109375,1378,0.02692866325378418
4662,PQC,0.029140949249267578,0.03026723861694336,3138,0.0260770320892334
4662,AES,0.026465892791748047,0.026531219482421875,1730,0.02744150161743164
4662,No_Encryption,0.027843475341796875,0.02462935447692871,1378,0.028803348541259766
4663,PQC,0.03842759132385254,0.0303647518157959,3138,0.027506351470947266
4663,AES,0.028611421585083008,0.02590489387512207,1730,0.029744625091552734
4663,No_Encryption,0.024310588836669922,0.024218082427978516,1378,0.025002717971801758
4664,PQC,0.03144383430480957,0.030010461807250977,3138,0.02526998519897461
4664,AES,0.02751302719116211,0.025263071060180664,1730,0.025909423828125
4664,No_Encryption,0.029317855834960938,0.02271127700805664,1378,0.025974750518798828
4665,PQC,0.03029942512512207,0.02996993064880371,3138,0.025583267211914062
4665,AES,0.026698589324951172,0.026696443557739258,1730,0.025252103805541992
4665,No_Encryption,0.023944616317749023,0.023888587951660156,1378,0.026207447052001953
4666,PQC,0.030747652053833008,0.02901744842529297,3138,0.024448394775390625
4666,AES,0.02657175064086914,0.02503037452697754,1730,0.02506422996520996
4666,No_Encryption,0.026022672653198242,0.021957874298095703,1378,0.028351783752441406
4667,PQC,0.030840396881103516,0.029572248458862305,3138,0.025723695755004883
4667,AES,0.02547764778137207,0.02748870849609375,1730,0.02840709686279297
4667,No_Encryption,0.02838277816772461,0.023962974548339844,1378,0.02518630027770996
4668,PQC,0.029250621795654297,0.028619766235351562,3138,0.0260772705078125
4668,AES,0.02747035026550293,0.028383493423461914,1730,0.024096012115478516
4668,No_Encryption,0.02474808692932129,0.022678136825561523,1378,0.02536606788635254
4669,PQC,0.029482364654541016,0.029450416564941406,3138,0.026855945587158203
4669,AES,0.0262453556060791,0.027350664138793945,1730,0.02514481544494629
4669,No_Encryption,0.02385115623474121,0.025039196014404297,1378,0.027213335037231445
4670,PQC,0.030613183975219727,0.028661251068115234,3138,0.0267336368560791
4670,AES,0.026998519897460938,0.024446487426757812,1730,0.02549910545349121
4670,No_Encryption,0.027641773223876953,0.023192644119262695,1378,0.026314258575439453
4671,PQC,0.03210949897766113,0.02784276008605957,3138,0.02499985694885254
4671,AES,0.02691936492919922,0.026387453079223633,1730,0.026401758193969727
4671,No_Encryption,0.024273157119750977,0.023328781127929688,1378,0.026818037033081055
4672,PQC,0.03229880332946777,0.02928328514099121,3138,0.025714874267578125
4672,AES,0.026720523834228516,0.025017261505126953,1730,0.02614116668701172
4672,No_Encryption,0.02690720558166504,0.025372982025146484,1378,0.028888940811157227
4673,PQC,0.03727102279663086,0.030078887939453125,3138,0.027548789978027344
4673,AES,0.024747610092163086,0.027128219604492188,1730,0.025836944580078125
4673,No_Encryption,0.025879859924316406,0.024264812469482422,1378,0.026070117950439453
4674,PQC,0.04023885726928711,0.03904986381530762,3138,0.031211376190185547
4674,AES,0.03158092498779297,0.031052112579345703,1730,0.028072357177734375
4674,No_Encryption,0.027315139770507812,0.025158166885375977,1378,0.030635833740234375
4675,PQC,0.03257155418395996,0.03313112258911133,3138,0.026320695877075195
4675,AES,0.027361392974853516,0.027817487716674805,1730,0.025653839111328125
4675,No_Encryption,0.026213645935058594,0.023829221725463867,1378,0.027494192123413086
4676,PQC,0.03163623809814453,0.030699968338012695,3138,0.029667377471923828
4676,AES,0.03770875930786133,0.026331186294555664,1730,0.025333642959594727
4676,No_Encryption,0.025686979293823242,0.025336742401123047,1378,0.02807021141052246
4677,PQC,0.03264284133911133,0.030994892120361328,3138,0.026501893997192383
4677,AES,0.02914118766784668,0.026178359985351562,1730,0.027486562728881836
4677,No_Encryption,0.025157928466796875,0.023416519165039062,1378,0.026172876358032227
4678,PQC,0.03480887413024902,0.029153823852539062,3138,0.026828765869140625
4678,AES,0.03140115737915039,0.026337385177612305,1730,0.02549910545349121
4678,No_Encryption,0.025995254516601562,0.023539066314697266,1378,0.0268404483795166
4679,PQC,0.03442883491516113,0.03122234344482422,3138,0.03090047836303711
4679,AES,0.03217029571533203,0.02671217918395996,1730,0.028131484985351562
4679,No_Encryption,0.02799367904663086,0.025957107543945312,1378,0.02682018280029297
4680,PQC,0.03322649002075195,0.031655311584472656,3138,0.02797555923461914
4680,AES,0.02662825584411621,0.026674747467041016,1730,0.026192188262939453
4680,No_Encryption,0.029029130935668945,0.024255037307739258,1378,0.031058549880981445
4681,PQC,0.03494834899902344,0.03293657302856445,3138,0.027934789657592773
4681,AES,0.030212879180908203,0.027027368545532227,1730,0.02618551254272461
4681,No_Encryption,0.025279760360717773,0.0227203369140625,1378,0.02816939353942871
4682,PQC,0.03505301475524902,0.02963709831237793,3138,0.028263330459594727
4682,AES,0.030142545700073242,0.027784109115600586,1730,0.027022838592529297
4682,No_Encryption,0.025783538818359375,0.02376270294189453,1378,0.027585506439208984
4683,PQC,0.035071372985839844,0.030545473098754883,3138,0.028636455535888672
4683,AES,0.027955055236816406,0.02558445930480957,1730,0.024896621704101562
4683,No_Encryption,0.024172067642211914,0.02244710922241211,1378,0.026801347732543945
4684,PQC,0.030667543411254883,0.029841184616088867,3138,0.027019977569580078
4684,AES,0.026417970657348633,0.02748560905456543,1730,0.02712249755859375
4684,No_Encryption,0.025511741638183594,0.02376103401184082,1378,0.02576756477355957
4685,PQC,0.031682491302490234,0.0332949161529541,3138,0.02544689178466797
4685,AES,0.026190757751464844,0.026598453521728516,1730,0.025224685668945312
4685,No_Encryption,0.024564266204833984,0.02218937873840332,1378,0.024960994720458984
4686,PQC,0.03331470489501953,0.030364513397216797,3138,0.025580167770385742
4686,AES,0.025573253631591797,0.027002811431884766,1730,0.02534174919128418
4686,No_Encryption,0.02739572525024414,0.024377107620239258,1378,0.026864290237426758
4687,PQC,0.033704280853271484,0.03239583969116211,3138,0.02820277214050293
4687,AES,0.02751922607421875,0.027567625045776367,1730,0.027106761932373047
4687,No_Encryption,0.025353670120239258,0.023960351943969727,1378,0.024875402450561523
4688,PQC,0.030213356018066406,0.029152393341064453,3138,0.025580406188964844
4688,AES,0.027486324310302734,0.024954795837402344,1730,0.027980804443359375
4688,No_Encryption,0.02998971939086914,0.024033069610595703,1378,0.026060819625854492
4689,PQC,0.029788494110107422,0.030730009078979492,3138,0.026106834411621094
4689,AES,0.027191877365112305,0.027088165283203125,1730,0.02993154525756836
4689,No_Encryption,0.024173259735107422,0.02252793312072754,1378,0.025905609130859375
4690,PQC,0.02855229377746582,0.02785038948059082,3138,0.028269529342651367
4690,AES,0.02996039390563965,0.027620553970336914,1730,0.026105642318725586
4690,No_Encryption,0.024774551391601562,0.02433466911315918,1378,0.025971651077270508
4691,PQC,0.030221939086914062,0.029944181442260742,3138,0.025480985641479492
4691,AES,0.026276588439941406,0.027042627334594727,1730,0.027426958084106445
4691,No_Encryption,0.030811071395874023,0.024876117706298828,1378,0.0264434814453125
4692,PQC,0.029464006423950195,0.033170461654663086,3138,0.033035993576049805
4692,AES,0.03121638298034668,0.031157255172729492,1730,0.029870271682739258
4692,No_Encryption,0.028069257736206055,0.02797079086303711,1378,0.029243946075439453
4693,PQC,0.0334017276763916,0.033791542053222656,3138,0.027582883834838867
4693,AES,0.028502941131591797,0.025773286819458008,1730,0.028873205184936523
4693,No_Encryption,0.025315046310424805,0.024550676345825195,1378,0.025866031646728516
4694,PQC,0.032515764236450195,0.029607057571411133,3138,0.028174161911010742
4694,AES,0.02922201156616211,0.024553537368774414,1730,0.024454832077026367
4694,No_Encryption,0.028894424438476562,0.023395776748657227,1378,0.025110721588134766
4695,PQC,0.032677650451660156,0.030255556106567383,3138,0.02656388282775879
4695,AES,0.03307700157165527,0.02613067626953125,1730,0.026983261108398438
4695,No_Encryption,0.02571558952331543,0.0232391357421875,1378,0.025608062744140625
4696,PQC,0.03157162666320801,0.02950572967529297,3138,0.026865243911743164
4696,AES,0.031369924545288086,0.027727842330932617,1730,0.025466442108154297
4696,No_Encryption,0.026484012603759766,0.02488398551940918,1378,0.028444528579711914
4697,PQC,0.029018878936767578,0.029004573822021484,3138,0.026999235153198242
4697,AES,0.02515578269958496,0.026141643524169922,1730,0.026741504669189453
4697,No_Encryption,0.027202367782592773,0.024920225143432617,1378,0.02862381935119629
4698,PQC,0.033895254135131836,0.02899622917175293,3138,0.025716304779052734
4698,AES,0.02635979652404785,0.02674102783203125,1730,0.027248144149780273
4698,No_Encryption,0.03011035919189453,0.02405571937561035,1378,0.027248382568359375
4699,PQC,0.030770301818847656,0.03147315979003906,3138,0.026074886322021484
4699,AES,0.030954599380493164,0.029247045516967773,1730,0.03137469291687012
4699,No_Encryption,0.025463342666625977,0.023108482360839844,1378,0.02745962142944336
4700,PQC,0.03615283966064453,0.029208660125732422,3138,0.02559661865234375
4700,AES,0.02689504623413086,0.028047561645507812,1730,0.026040315628051758
4700,No_Encryption,0.026223182678222656,0.02497386932373047,1378,0.02647113800048828
4701,PQC,0.03019404411315918,0.030006885528564453,3138,0.025229692459106445
4701,AES,0.034119606018066406,0.02773284912109375,1730,0.027623653411865234
4701,No_Encryption,0.024416446685791016,0.024836063385009766,1378,0.02625298500061035
4702,PQC,0.03177618980407715,0.028052806854248047,3138,0.024331092834472656
4702,AES,0.02648162841796875,0.025160789489746094,1730,0.026498794555664062
4702,No_Encryption,0.024161100387573242,0.02407050132751465,1378,0.02831101417541504
4703,PQC,0.029136180877685547,0.03310346603393555,3138,0.028276920318603516
4703,AES,0.02568531036376953,0.026324033737182617,1730,0.024849414825439453
4703,No_Encryption,0.027218341827392578,0.02275705337524414,1378,0.026426315307617188
4704,PQC,0.029224872589111328,0.02808547019958496,3138,0.02823948860168457
4704,AES,0.026451587677001953,0.024941444396972656,1730,0.02522110939025879
4704,No_Encryption,0.02348470687866211,0.023608922958374023,1378,0.025300264358520508
4705,PQC,0.035071372985839844,0.03072953224182129,3138,0.02443838119506836
4705,AES,0.030524015426635742,0.02722620964050293,1730,0.025758743286132812
4705,No_Encryption,0.024890661239624023,0.02510666847229004,1378,0.024485349655151367
4706,PQC,0.02990579605102539,0.03187227249145508,3138,0.025855541229248047
4706,AES,0.02762603759765625,0.02712416648864746,1730,0.026287317276000977
4706,No_Encryption,0.02430558204650879,0.024664878845214844,1378,0.025979280471801758
4707,PQC,0.03303122520446777,0.032877206802368164,3138,0.030175447463989258
4707,AES,0.028460025787353516,0.028624534606933594,1730,0.0241851806640625
4707,No_Encryption,0.025090694427490234,0.024254322052001953,1378,0.025554418563842773
4708,PQC,0.030237913131713867,0.03219175338745117,3138,0.030170917510986328
4708,AES,0.029651641845703125,0.0281829833984375,1730,0.029264211654663086
4708,No_Encryption,0.027814149856567383,0.026075363159179688,1378,0.02717733383178711
4709,PQC,0.032479047775268555,0.030471086502075195,3138,0.027364015579223633
4709,AES,0.03540468215942383,0.027402400970458984,1730,0.026242733001708984
4709,No_Encryption,0.026100635528564453,0.02404189109802246,1378,0.03658604621887207
4710,PQC,0.04273176193237305,0.03572535514831543,3138,0.03158092498779297
4710,AES,0.02874755859375,0.027187585830688477,1730,0.028984546661376953
4710,No_Encryption,0.025809288024902344,0.024306058883666992,1378,0.030271053314208984
4711,PQC,0.03419828414916992,0.030900955200195312,3138,0.027110576629638672
4711,AES,0.029667377471923828,0.02646017074584961,1730,0.025426864624023438
4711,No_Encryption,0.023862361907958984,0.024416446685791016,1378,0.029629230499267578
4712,PQC,0.029406309127807617,0.03166699409484863,3138,0.028119325637817383
4712,AES,0.02792525291442871,0.027878999710083008,1730,0.02875661849975586
4712,No_Encryption,0.024840593338012695,0.023822307586669922,1378,0.026965618133544922
4713,PQC,0.03205275535583496,0.0322113037109375,3138,0.028816938400268555
4713,AES,0.02738213539123535,0.0259096622467041,1730,0.026267528533935547
4713,No_Encryption,0.024924278259277344,0.024249553680419922,1378,0.026207923889160156
4714,PQC,0.03184223175048828,0.03460216522216797,3138,0.0283203125
4714,AES,0.028279542922973633,0.02588343620300293,1730,0.02589249610900879
4714,No_Encryption,0.030724287033081055,0.02416372299194336,1378,0.026197433471679688
4715,PQC,0.030548095703125,0.03283190727233887,3138,0.02906632423400879
4715,AES,0.027816295623779297,0.02788257598876953,1730,0.0264127254486084
4715,No_Encryption,0.027359724044799805,0.02548694610595703,1378,0.028011322021484375
4716,PQC,0.035193681716918945,0.03162956237792969,3138,0.028801918029785156
4716,AES,0.028279781341552734,0.026732206344604492,1730,0.025065898895263672
4716,No_Encryption,0.02491593360900879,0.02424931526184082,1378,0.026397228240966797
4717,PQC,0.034964561462402344,0.02735304832458496,3138,0.024047136306762695
4717,AES,0.029436349868774414,0.02541971206665039,1730,0.02504420280456543
4717,No_Encryption,0.024878978729248047,0.02368927001953125,1378,0.027802228927612305
4718,PQC,0.029835224151611328,0.02869415283203125,3138,0.026192188262939453
4718,AES,0.029618263244628906,0.028046369552612305,1730,0.027537822723388672
4718,No_Encryption,0.02633190155029297,0.023688316345214844,1378,0.02709674835205078
4719,PQC,0.043115854263305664,0.029089689254760742,3138,0.029048442840576172
4719,AES,0.030260562896728516,0.027202129364013672,1730,0.02503371238708496
4719,No_Encryption,0.028110742568969727,0.025299549102783203,1378,0.030198335647583008
4720,PQC,0.04753375053405762,0.03286623954772949,3138,0.02674245834350586
4720,AES,0.030589818954467773,0.02825760841369629,1730,0.027548789978027344
4720,No_Encryption,0.02759695053100586,0.02284979820251465,1378,0.026185035705566406
4721,PQC,0.030627965927124023,0.02988123893737793,3138,0.02640986442565918
4721,AES,0.02747035026550293,0.02716684341430664,1730,0.0256497859954834
4721,No_Encryption,0.027549266815185547,0.02329397201538086,1378,0.027387380599975586
4722,PQC,0.030003786087036133,0.030257225036621094,3138,0.027083396911621094
4722,AES,0.028841018676757812,0.02784419059753418,1730,0.027373790740966797
4722,No_Encryption,0.024565696716308594,0.02353072166442871,1378,0.026555538177490234
4723,PQC,0.03414130210876465,0.034490108489990234,3138,0.028049945831298828
4723,AES,0.027501583099365234,0.026819705963134766,1730,0.02810192108154297
4723,No_Encryption,0.024746179580688477,0.021929264068603516,1378,0.025555849075317383
4724,PQC,0.03011798858642578,0.03061962127685547,3138,0.027368545532226562
4724,AES,0.02621150016784668,0.02785634994506836,1730,0.026120662689208984
4724,No_Encryption,0.023778915405273438,0.022960186004638672,1378,0.02560114860534668
4725,PQC,0.02984166145324707,0.03141212463378906,3138,0.027081727981567383
4725,AES,0.02719259262084961,0.02587413787841797,1730,0.026599645614624023
4725,No_Encryption,0.024174928665161133,0.02394413948059082,1378,0.024588584899902344
4726,PQC,0.03340768814086914,0.02854633331298828,3138,0.028223514556884766
4726,AES,0.030340909957885742,0.03203415870666504,1730,0.0296630859375
4726,No_Encryption,0.0360720157623291,0.029038190841674805,1378,0.03139019012451172
4727,PQC,0.0417330265045166,0.03193163871765137,3138,0.029918432235717773
4727,AES,0.029320955276489258,0.03283882141113281,1730,0.030056476593017578
4727,No_Encryption,0.025893211364746094,0.023678064346313477,1378,0.029872417449951172
4728,PQC,0.03176760673522949,0.03155970573425293,3138,0.027883052825927734
4728,AES,0.026097536087036133,0.02889227867126465,1730,0.029890775680541992
4728,No_Encryption,0.029747486114501953,0.02349257469177246,1378,0.02452850341796875
4729,PQC,0.039917707443237305,0.031046628952026367,3138,0.02555704116821289
4729,AES,0.027528762817382812,0.026142120361328125,1730,0.024560213088989258
4729,No_Encryption,0.0246584415435791,0.023174047470092773,1378,0.0295867919921875
4730,PQC,0.03466367721557617,0.029442787170410156,3138,0.027033329010009766
4730,AES,0.027048587799072266,0.024456024169921875,1730,0.026033639907836914
4730,No_Encryption,0.03083181381225586,0.02438068389892578,1378,0.02558612823486328
4731,PQC,0.03072524070739746,0.028257131576538086,3138,0.02899622917175293
4731,AES,0.027148962020874023,0.02695488929748535,1730,0.0279388427734375
4731,No_Encryption,0.024539947509765625,0.024493694305419922,1378,0.02836441993713379
4732,PQC,0.03136277198791504,0.029278039932250977,3138,0.026425838470458984
4732,AES,0.029439926147460938,0.026668310165405273,1730,0.027600526809692383
4732,No_Encryption,0.024152278900146484,0.023889780044555664,1378,0.025520801544189453
4733,PQC,0.0329747200012207,0.028754234313964844,3138,0.02611708641052246
4733,AES,0.027994871139526367,0.02565479278564453,1730,0.027118921279907227
4733,No_Encryption,0.022912979125976562,0.023072481155395508,1378,0.02516460418701172
4734,PQC,0.03475451469421387,0.030593156814575195,3138,0.02554154396057129
4734,AES,0.02705860137939453,0.02679729461669922,1730,0.02595686912536621
4734,No_Encryption,0.02736520767211914,0.024159669876098633,1378,0.028518199920654297
4735,PQC,0.030617952346801758,0.02791619300842285,3138,0.02408599853515625
4735,AES,0.029722929000854492,0.025939464569091797,1730,0.02734661102294922
4735,No_Encryption,0.025353431701660156,0.02389216423034668,1378,0.025132179260253906
4736,PQC,0.029314517974853516,0.02794623374938965,3138,0.024471521377563477
4736,AES,0.03046870231628418,0.028831005096435547,1730,0.02678847312927246
4736,No_Encryption,0.02562856674194336,0.022812366485595703,1378,0.025257349014282227
4737,PQC,0.02960944175720215,0.029265880584716797,3138,0.027094602584838867
4737,AES,0.028156518936157227,0.02627730369567871,1730,0.025757789611816406
4737,No_Encryption,0.030241727828979492,0.024124622344970703,1378,0.027971982955932617
4738,PQC,0.028675079345703125,0.0316162109375,3138,0.027062177658081055
4738,AES,0.026796579360961914,0.02817392349243164,1730,0.025676727294921875
4738,No_Encryption,0.02470254898071289,0.02295088768005371,1378,0.028748035430908203
4739,PQC,0.032370805740356445,0.02898240089416504,3138,0.026896238327026367
4739,AES,0.025692224502563477,0.025711774826049805,1730,0.025325775146484375
4739,No_Encryption,0.023862123489379883,0.022017478942871094,1378,0.02449965476989746
4740,PQC,0.02845311164855957,0.02810359001159668,3138,0.02480792999267578
4740,AES,0.02721428871154785,0.02599167823791504,1730,0.025223493576049805
4740,No_Encryption,0.023975849151611328,0.022257089614868164,1378,0.024733304977416992
4741,PQC,0.029614925384521484,0.02864384651184082,3138,0.02546977996826172
4741,AES,0.026693344116210938,0.027137041091918945,1730,0.02717423439025879
4741,No_Encryption,0.02462315559387207,0.022538185119628906,1378,0.026418209075927734
4742,PQC,0.02963876724243164,0.029778003692626953,3138,0.027045488357543945
4742,AES,0.027177810668945312,0.025809764862060547,1730,0.026568174362182617
4742,No_Encryption,0.025232315063476562,0.02400684356689453,1378,0.02707052230834961
4743,PQC,0.029404163360595703,0.028797388076782227,3138,0.025653839111328125
4743,AES,0.030588626861572266,0.027190685272216797,1730,0.026403427124023438
4743,No_Encryption,0.02387237548828125,0.025359153747558594,1378,0.026578903198242188
4744,PQC,0.032285451889038086,0.031186819076538086,3138,0.025187969207763672
4744,AES,0.025846481323242188,0.024661779403686523,1730,0.025992155075073242
4744,No_Encryption,0.024904489517211914,0.024788856506347656,1378,0.02704000473022461
4745,PQC,0.05553913116455078,0.03849434852600098,3138,0.028814077377319336
4745,AES,0.03367424011230469,0.029313325881958008,1730,0.028673171997070312
4745,No_Encryption,0.027284860610961914,0.025704383850097656,1378,0.02854013442993164
4746,PQC,0.03507208824157715,0.03361153602600098,3138,0.027270793914794922
4746,AES,0.03240346908569336,0.028575897216796875,1730,0.02571892738342285
4746,No_Encryption,0.027159929275512695,0.024921417236328125,1378,0.025783300399780273
4747,PQC,0.030232906341552734,0.029506921768188477,3138,0.02714085578918457
4747,AES,0.026641368865966797,0.026182889938354492,1730,0.026444673538208008
4747,No_Encryption,0.028451204299926758,0.023203372955322266,1378,0.025281667709350586
4748,PQC,0.03781700134277344,0.029497146606445312,3138,0.026821613311767578
4748,AES,0.02755451202392578,0.026497602462768555,1730,0.024939775466918945
4748,No_Encryption,0.02487492561340332,0.024073362350463867,1378,0.026935577392578125
4749,PQC,0.0331118106842041,0.03172755241394043,3138,0.026634931564331055
4749,AES,0.027589082717895508,0.02718973159790039,1730,0.029450416564941406
4749,No_Encryption,0.02560114860534668,0.01976180076599121,1378,0.02183842658996582
4750,PQC,0.022700786590576172,0.021341323852539062,3138,0.017710447311401367
4750,AES,0.022284507751464844,0.01795482635498047,1730,0.01662135124206543
4750,No_Encryption,0.017429590225219727,0.014374017715454102,1378,0.018308401107788086
4751,PQC,0.02144026756286621,0.020842790603637695,3138,0.017542362213134766
4751,AES,0.017236709594726562,0.016947269439697266,1730,0.016247987747192383
4751,No_Encryption,0.018819570541381836,0.014779806137084961,1378,0.017017602920532227
4752,PQC,0.019879817962646484,0.019195556640625,3138,0.0161740779876709
4752,AES,0.018763303756713867,0.016162395477294922,1730,0.01613640785217285
4752,No_Encryption,0.018245458602905273,0.015337467193603516,1378,0.016940593719482422
4753,PQC,0.0202484130859375,0.018166542053222656,3138,0.016683340072631836
4753,AES,0.017664432525634766,0.017590045928955078,1730,0.017502307891845703
4753,No_Encryption,0.021267175674438477,0.015604734420776367,1378,0.018216848373413086
4754,PQC,0.024918317794799805,0.0186460018157959,3138,0.01565074920654297
4754,AES,0.019217967987060547,0.017215251922607422,1730,0.016529083251953125
4754,No_Encryption,0.017333507537841797,0.014945507049560547,1378,0.016881227493286133
4755,PQC,0.021546363830566406,0.018496036529541016,3138,0.015576601028442383
4755,AES,0.020502805709838867,0.01678943634033203,1730,0.016336679458618164
4755,No_Encryption,0.018179655075073242,0.014684200286865234,1378,0.016824722290039062
4756,PQC,0.020693302154541016,0.018473386764526367,3138,0.016817569732666016
4756,AES,0.018501996994018555,0.016777992248535156,1730,0.01660466194152832
4756,No_Encryption,0.015861034393310547,0.01571369171142578,1378,0.017131567001342773
4757,PQC,0.020814895629882812,0.01927804946899414,3138,0.01617288589477539
4757,AES,0.018941402435302734,0.01735544204711914,1730,0.016845226287841797
4757,No_Encryption,0.017798423767089844,0.015398025512695312,1378,0.01736140251159668
4758,PQC,0.022313594818115234,0.019307851791381836,3138,0.017494916915893555
4758,AES,0.01901841163635254,0.016213655471801758,1730,0.016902685165405273
4758,No_Encryption,0.019281864166259766,0.014769315719604492,1378,0.01969170570373535
4759,PQC,0.019879579544067383,0.019765615463256836,3138,0.01789379119873047
4759,AES,0.01822209358215332,0.016533613204956055,1730,0.017400503158569336
4759,No_Encryption,0.01747441291809082,0.014818429946899414,1378,0.017229795455932617
4760,PQC,0.021576881408691406,0.01981806755065918,3138,0.0174558162689209
4760,AES,0.01800227165222168,0.016083717346191406,1730,0.01756429672241211
4760,No_Encryption,0.016660213470458984,0.015569210052490234,1378,0.017857074737548828
4761,PQC,0.02456521987915039,0.018627643585205078,3138,0.015913963317871094
4761,AES,0.022690296173095703,0.01733708381652832,1730,0.016446352005004883
4761,No_Encryption,0.02015399932861328,0.0160520076751709,1378,0.017087221145629883
4762,PQC,0.021845102310180664,0.0208740234375,3138,0.016907453536987305
4762,AES,0.020148754119873047,0.01801300048828125,1730,0.018593311309814453
4762,No_Encryption,0.017866134643554688,0.01607656478881836,1378,0.017001867294311523
4763,PQC,0.025326013565063477,0.02078533172607422,3138,0.01882314682006836
4763,AES,0.019659042358398438,0.017470121383666992,1730,0.017169475555419922
4763,No_Encryption,0.017363548278808594,0.014211654663085938,1378,0.019722461700439453
4764,PQC,0.021702289581298828,0.019137144088745117,3138,0.016808509826660156
4764,AES,0.017838716506958008,0.01657700538635254,1730,0.017455339431762695
4764,No_Encryption,0.020186185836791992,0.015537261962890625,1378,0.017113685607910156
4765,PQC,0.024904251098632812,0.01922893524169922,3138,0.01694464683532715
4765,AES,0.018625259399414062,0.016441822052001953,1730,0.0172119140625
4765,No_Encryption,0.01779651641845703,0.01562786102294922,1378,0.017305374145507812
4766,PQC,0.022203445434570312,0.01938486099243164,3138,0.015997886657714844
4766,AES,0.017876386642456055,0.01739025115966797,1730,0.01689291000366211
4766,No_Encryption,0.0345463752746582,0.016025781631469727,1378,0.01777338981628418
4767,PQC,0.02089715003967285,0.01892828941345215,3138,0.016969919204711914
4767,AES,0.019638776779174805,0.017406463623046875,1730,0.01728534698486328
4767,No_Encryption,0.01880931854248047,0.014981269836425781,1378,0.017740249633789062
4768,PQC,0.020334243774414062,0.01923203468322754,3138,0.016732215881347656
4768,AES,0.019014596939086914,0.017069101333618164,1730,0.01711440086364746
4768,No_Encryption,0.01892995834350586,0.015532970428466797,1378,0.018284082412719727
4769,PQC,0.02052760124206543,0.020063161849975586,3138,0.016222715377807617
4769,AES,0.018682241439819336,0.0162045955657959,1730,0.016037464141845703
4769,No_Encryption,0.01691603660583496,0.014860391616821289,1378,0.016350507736206055
4770,PQC,0.02024984359741211,0.019337892532348633,3138,0.018056631088256836
4770,AES,0.02003192901611328,0.01781153678894043,1730,0.016580820083618164
4770,No_Encryption,0.01706099510192871,0.014878988265991211,1378,0.017050743103027344
4771,PQC,0.020698070526123047,0.018178939819335938,3138,0.015993118286132812
4771,AES,0.017954111099243164,0.017000675201416016,1730,0.017810821533203125
4771,No_Encryption,0.017964839935302734,0.014480113983154297,1378,0.017009973526000977
4772,PQC,0.021378278732299805,0.0197293758392334,3138,0.017915010452270508
4772,AES,0.01827716827392578,0.016861438751220703,1730,0.016004562377929688
4772,No_Encryption,0.017615318298339844,0.016043663024902344,1378,0.018486738204956055
4773,PQC,0.022050142288208008,0.018922090530395508,3138,0.01720571517944336
4773,AES,0.018894672393798828,0.017077207565307617,1730,0.016809463500976562
4773,No_Encryption,0.01844477653503418,0.015254020690917969,1378,0.0174715518951416
4774,PQC,0.019406795501708984,0.019508838653564453,3138,0.01694464683532715
4774,AES,0.017458438873291016,0.016907453536987305,1730,0.016263723373413086
4774,No_Encryption,0.020330429077148438,0.015289783477783203,1378,0.015841960906982422
4775,PQC,0.02105236053466797,0.017624855041503906,3138,0.01564955711364746
4775,AES,0.018127918243408203,0.01634049415588379,1730,0.018054723739624023
4775,No_Encryption,0.019299030303955078,0.014930248260498047,1378,0.01645684242248535
4776,PQC,0.02051830291748047,0.01950860023498535,3138,0.016983509063720703
4776,AES,0.018564701080322266,0.01743149757385254,1730,0.01747417449951172
4776,No_Encryption,0.017080068588256836,0.014971494674682617,1378,0.01966094970703125
4777,PQC,0.02160501480102539,0.021601438522338867,3138,0.018704891204833984
4777,AES,0.02223348617553711,0.019731998443603516,1730,0.018713712692260742
4777,No_Encryption,0.020537137985229492,0.018383264541625977,1378,0.02014303207397461
4778,PQC,0.025511503219604492,0.024404287338256836,3138,0.02219080924987793
4778,AES,0.02606964111328125,0.023455142974853516,1730,0.023090362548828125
4778,No_Encryption,0.0220639705657959,0.021555423736572266,1378,0.022478818893432617
4779,PQC,0.02749180793762207,0.027878761291503906,3138,0.024254560470581055
4779,AES,0.024155378341674805,0.02301621437072754,1730,0.021923542022705078
4779,No_Encryption,0.02316761016845703,0.020685195922851562,1378,0.02290058135986328
4780,PQC,0.028017282485961914,0.0281674861907959,3138,0.024767637252807617
4780,AES,0.027384042739868164,0.025990009307861328,1730,0.02434062957763672
4780,No_Encryption,0.024193525314331055,0.020808696746826172,1378,0.02429795265197754
4781,PQC,0.027678966522216797,0.027191638946533203,3138,0.02363729476928711
4781,AES,0.026021718978881836,0.025679826736450195,1730,0.0251162052154541
4781,No_Encryption,0.027714967727661133,0.02277398109436035,1378,0.024776220321655273
4782,PQC,0.029271841049194336,0.026575088500976562,3138,0.02334737777709961
4782,AES,0.025693893432617188,0.022496700286865234,1730,0.02471160888671875
4782,No_Encryption,0.02343606948852539,0.02175283432006836,1378,0.02438211441040039
4783,PQC,0.03131699562072754,0.027776718139648438,3138,0.02392578125
4783,AES,0.026341915130615234,0.0236051082611084,1730,0.025562763214111328
4783,No_Encryption,0.02364969253540039,0.022597551345825195,1378,0.023396968841552734
4784,PQC,0.02791905403137207,0.03103780746459961,3138,0.025295495986938477
4784,AES,0.024672269821166992,0.02391505241394043,1730,0.023800134658813477
4784,No_Encryption,0.022901058197021484,0.021067380905151367,1378,0.024524927139282227
4785,PQC,0.02730250358581543,0.02762150764465332,3138,0.02406764030456543
4785,AES,0.024608373641967773,0.024875640869140625,1730,0.02539801597595215
4785,No_Encryption,0.02655172348022461,0.02370285987854004,1378,0.025551557540893555
4786,PQC,0.029552698135375977,0.028086185455322266,3138,0.02468585968017578
4786,AES,0.028153181076049805,0.025454998016357422,1730,0.025470733642578125
4786,No_Encryption,0.027388334274291992,0.024578332901000977,1378,0.024663925170898438
4787,PQC,0.027668237686157227,0.028643369674682617,3138,0.02732396125793457
4787,AES,0.0296328067779541,0.027601957321166992,1730,0.028375625610351562
4787,No_Encryption,0.028118371963500977,0.02454066276550293,1378,0.030308008193969727
4788,PQC,0.0318300724029541,0.031224489212036133,3138,0.024762868881225586
4788,AES,0.027806758880615234,0.02730083465576172,1730,0.02846217155456543
4788,No_Encryption,0.025305509567260742,0.023292064666748047,1378,0.024714231491088867
4789,PQC,0.02967548370361328,0.02845311164855957,3138,0.024660348892211914
4789,AES,0.025188446044921875,0.024799823760986328,1730,0.024379730224609375
4789,No_Encryption,0.024533987045288086,0.022645235061645508,1378,0.026637554168701172
4790,PQC,0.029497623443603516,0.0307769775390625,3138,0.024294614791870117
4790,AES,0.026346445083618164,0.025980234146118164,1730,0.024329185485839844
4790,No_Encryption,0.0238344669342041,0.02262401580810547,1378,0.02516007423400879
4791,PQC,0.03234386444091797,0.028410673141479492,3138,0.024395465850830078
4791,AES,0.026934146881103516,0.02529144287109375,1730,0.024570465087890625
4791,No_Encryption,0.021695852279663086,0.021579742431640625,1378,0.02452397346496582
4792,PQC,0.029611825942993164,0.030157089233398438,3138,0.023763179779052734
4792,AES,0.02490520477294922,0.024976015090942383,1730,0.02447032928466797
4792,No_Encryption,0.02811145782470703,0.022358417510986328,1378,0.024894237518310547
4793,PQC,0.028002023696899414,0.027803897857666016,3138,0.022745847702026367
4793,AES,0.02460622787475586,0.024996280670166016,1730,0.024959325790405273
4793,No_Encryption,0.02695441246032715,0.02221083641052246,1378,0.02554917335510254
4794,PQC,0.02862381935119629,0.0281829833984375,3138,0.02438068389892578
4794,AES,0.026342153549194336,0.025455236434936523,1730,0.02457141876220703
4794,No_Encryption,0.023766040802001953,0.024177074432373047,1378,0.02645134925842285
4795,PQC,0.03129172325134277,0.030309200286865234,3138,0.025836467742919922
4795,AES,0.026976346969604492,0.02626967430114746,1730,0.026253700256347656
4795,No_Encryption,0.02471327781677246,0.0219573974609375,1378,0.028775930404663086
4796,PQC,0.028807878494262695,0.02765941619873047,3138,0.024576187133789062
4796,AES,0.02850174903869629,0.02790546417236328,1730,0.029957294464111328
4796,No_Encryption,0.030293941497802734,0.02178668975830078,1378,0.026704072952270508
4797,PQC,0.029462099075317383,0.02715754508972168,3138,0.023145437240600586
4797,AES,0.02609848976135254,0.02242898941040039,1730,0.0232546329498291
4797,No_Encryption,0.022803306579589844,0.021553754806518555,1378,0.02410745620727539
4798,PQC,0.028747081756591797,0.028354644775390625,3138,0.023759126663208008
4798,AES,0.03220820426940918,0.024463653564453125,1730,0.023764610290527344
4798,No_Encryption,0.02477240562438965,0.021421432495117188,1378,0.02538299560546875
4799,PQC,0.029088497161865234,0.03021383285522461,3138,0.024559736251831055
4799,AES,0.025686025619506836,0.024471282958984375,1730,0.026402950286865234
4799,No_Encryption,0.025162458419799805,0.023740053176879883,1378,0.025314807891845703
4800,PQC,0.02881646156311035,0.028124570846557617,3138,0.024328947067260742
4800,AES,0.024520158767700195,0.025099515914916992,1730,0.028221845626831055
4800,No_Encryption,0.024356603622436523,0.020502328872680664,1378,0.024235010147094727
4801,PQC,0.02847123146057129,0.028254270553588867,3138,0.023411989212036133
4801,AES,0.025780200958251953,0.025241374969482422,1730,0.025273799896240234
4801,No_Encryption,0.025333166122436523,0.022662878036499023,1378,0.0242919921875
4802,PQC,0.03014373779296875,0.028726816177368164,3138,0.028135061264038086
4802,AES,0.027294397354125977,0.026517152786254883,1730,0.029177188873291016
4802,No_Encryption,0.02430105209350586,0.024116039276123047,1378,0.026579856872558594
4803,PQC,0.03178596496582031,0.032547950744628906,3138,0.02857208251953125
4803,AES,0.024994850158691406,0.025521039962768555,1730,0.025423765182495117
4803,No_Encryption,0.024517536163330078,0.023771286010742188,1378,0.026714324951171875
4804,PQC,0.028424739837646484,0.02883768081665039,3138,0.02404022216796875
4804,AES,0.029201507568359375,0.02444624900817871,1730,0.025717973709106445
4804,No_Encryption,0.024271488189697266,0.02214503288269043,1378,0.025084257125854492
4805,PQC,0.032180070877075195,0.028078317642211914,3138,0.023089170455932617
4805,AES,0.028879880905151367,0.027263879776000977,1730,0.02639007568359375
4805,No_Encryption,0.024420499801635742,0.021695852279663086,1378,0.0231626033782959
4806,PQC,0.03644132614135742,0.039711713790893555,3138,0.030310630798339844
4806,AES,0.027718782424926758,0.02880549430847168,1730,0.029694318771362305
4806,No_Encryption,0.026421308517456055,0.022214174270629883,1378,0.0265810489654541
4807,PQC,0.03831028938293457,0.030049800872802734,3138,0.026559829711914062
4807,AES,0.033826351165771484,0.027454137802124023,1730,0.02618861198425293
4807,No_Encryption,0.022967100143432617,0.02286386489868164,1378,0.024897098541259766
4808,PQC,0.03136563301086426,0.0316004753112793,3138,0.025460481643676758
4808,AES,0.02510356903076172,0.025526046752929688,1730,0.027831554412841797
4808,No_Encryption,0.02653980255126953,0.022342681884765625,1378,0.024164676666259766
4809,PQC,0.02810525894165039,0.029325008392333984,3138,0.02778029441833496
4809,AES,0.02658987045288086,0.02533698081970215,1730,0.02340984344482422
4809,No_Encryption,0.02303767204284668,0.020720720291137695,1378,0.024819374084472656
4810,PQC,0.028797388076782227,0.027346134185791016,3138,0.023290395736694336
4810,AES,0.024518966674804688,0.023258209228515625,1730,0.022905588150024414
4810,No_Encryption,0.022649288177490234,0.020928621292114258,1378,0.0230562686920166
4811,PQC,0.02814793586730957,0.027598857879638672,3138,0.023052215576171875
4811,AES,0.029144763946533203,0.023739099502563477,1730,0.02509450912475586
4811,No_Encryption,0.023132801055908203,0.02246236801147461,1378,0.02371525764465332
4812,PQC,0.02754974365234375,0.02648305892944336,3138,0.024184226989746094
4812,AES,0.022960901260375977,0.02435469627380371,1730,0.023764610290527344
4812,No_Encryption,0.0232541561126709,0.02155447006225586,1378,0.02870011329650879
4813,PQC,0.031114816665649414,0.028565645217895508,3138,0.02615070343017578
4813,AES,0.024264097213745117,0.02311420440673828,1730,0.024202346801757812
4813,No_Encryption,0.022892236709594727,0.021375417709350586,1378,0.023407697677612305
4814,PQC,0.03028249740600586,0.02738666534423828,3138,0.02323317527770996
4814,AES,0.022795915603637695,0.023975849151611328,1730,0.023267507553100586
4814,No_Encryption,0.02417778968811035,0.021002769470214844,1378,0.02555060386657715
4815,PQC,0.028093338012695312,0.02998828887939453,3138,0.02340555191040039
4815,AES,0.02295541763305664,0.023880720138549805,1730,0.023978710174560547
4815,No_Encryption,0.024721860885620117,0.022650957107543945,1378,0.024746179580688477
4816,PQC,0.0305325984954834,0.029761791229248047,3138,0.02673816680908203
4816,AES,0.027568578720092773,0.025116920471191406,1730,0.023154497146606445
4816,No_Encryption,0.022091150283813477,0.020891427993774414,1378,0.023593902587890625
4817,PQC,0.02873992919921875,0.02858257293701172,3138,0.02594900131225586
4817,AES,0.02494025230407715,0.02546238899230957,1730,0.02382063865661621
4817,No_Encryption,0.02239847183227539,0.02103900909423828,1378,0.02298116683959961
4818,PQC,0.03275895118713379,0.02700495719909668,3138,0.025507688522338867
4818,AES,0.023919343948364258,0.02726578712463379,1730,0.026511430740356445
4818,No_Encryption,0.023956775665283203,0.02137160301208496,1378,0.02425408363342285
4819,PQC,0.0277864933013916,0.02955031394958496,3138,0.02404308319091797
4819,AES,0.024903297424316406,0.02430272102355957,1730,0.02459263801574707
4819,No_Encryption,0.023694753646850586,0.023636341094970703,1378,0.024275541305541992
4820,PQC,0.029593706130981445,0.027901887893676758,3138,0.025652647018432617
4820,AES,0.024939298629760742,0.023442506790161133,1730,0.023151397705078125
4820,No_Encryption,0.02405571937561035,0.022106647491455078,1378,0.023696184158325195
4821,PQC,0.027863264083862305,0.027118206024169922,3138,0.022694110870361328
4821,AES,0.025136232376098633,0.024836063385009766,1730,0.024204015731811523
4821,No_Encryption,0.021668672561645508,0.021757841110229492,1378,0.025588035583496094
4822,PQC,0.030144214630126953,0.026540517807006836,3138,0.022800207138061523
4822,AES,0.025840044021606445,0.023166179656982422,1730,0.023970603942871094
4822,No_Encryption,0.026893138885498047,0.02037787437438965,1378,0.026324987411499023
4823,PQC,0.02895975112915039,0.02636551856994629,3138,0.024600982666015625
4823,AES,0.025426387786865234,0.023352622985839844,1730,0.02386617660522461
4823,No_Encryption,0.022764921188354492,0.022803306579589844,1378,0.023598909378051758
4824,PQC,0.029108762741088867,0.02693486213684082,3138,0.02339005470275879
4824,AES,0.028043508529663086,0.02551555633544922,1730,0.023856639862060547
4824,No_Encryption,0.029407262802124023,0.022128820419311523,1378,0.026762962341308594
4825,PQC,0.026659011840820312,0.026929378509521484,3138,0.025526762008666992
4825,AES,0.03240156173706055,0.029279470443725586,1730,0.025862455368041992
4825,No_Encryption,0.02579498291015625,0.023720979690551758,1378,0.026998519897460938
4826,PQC,0.028616666793823242,0.030295848846435547,3138,0.026904821395874023
4826,AES,0.026129961013793945,0.026629924774169922,1730,0.02531743049621582
4826,No_Encryption,0.024999380111694336,0.02184438705444336,1378,0.02577066421508789
4827,PQC,0.03631949424743652,0.028111934661865234,3138,0.024327993392944336
4827,AES,0.023178815841674805,0.023617982864379883,1730,0.02336716651916504
4827,No_Encryption,0.025431156158447266,0.022663354873657227,1378,0.02383255958557129
4828,PQC,0.028751373291015625,0.026113510131835938,3138,0.02264881134033203
4828,AES,0.023621082305908203,0.024034738540649414,1730,0.02388763427734375
4828,No_Encryption,0.023190975189208984,0.022451400756835938,1378,0.02501225471496582
4829,PQC,0.029466867446899414,0.02881765365600586,3138,0.024943113327026367
4829,AES,0.02448415756225586,0.02405261993408203,1730,0.02691936492919922
4829,No_Encryption,0.024027585983276367,0.02277827262878418,1378,0.02525782585144043
4830,PQC,0.03171038627624512,0.026900529861450195,3138,0.02400803565979004
4830,AES,0.025595664978027344,0.02411508560180664,1730,0.022980451583862305
4830,No_Encryption,0.026772022247314453,0.0231931209564209,1378,0.025379180908203125
4831,PQC,0.0294039249420166,0.028059005737304688,3138,0.024913549423217773
4831,AES,0.03044438362121582,0.02909255027770996,1730,0.02676677703857422
4831,No_Encryption,0.023258686065673828,0.022249937057495117,1378,0.02581024169921875
4832,PQC,0.02776336669921875,0.028239727020263672,3138,0.023530960083007812
4832,AES,0.024549484252929688,0.025402307510375977,1730,0.02459573745727539
4832,No_Encryption,0.022329330444335938,0.02146005630493164,1378,0.02357959747314453
4833,PQC,0.029242753982543945,0.028615474700927734,3138,0.023566246032714844
4833,AES,0.023625850677490234,0.022939205169677734,1730,0.02452826499938965
4833,No_Encryption,0.022777557373046875,0.023625850677490234,1378,0.024202585220336914
4834,PQC,0.0281522274017334,0.027556180953979492,3138,0.024140357971191406
4834,AES,0.028813838958740234,0.025302886962890625,1730,0.023936986923217773
4834,No_Encryption,0.022510051727294922,0.02186274528503418,1378,0.023992300033569336
4835,PQC,0.028664350509643555,0.029685497283935547,3138,0.025148630142211914
4835,AES,0.0259246826171875,0.02437877655029297,1730,0.02355647087097168
4835,No_Encryption,0.02213907241821289,0.022324800491333008,1378,0.023980140686035156
4836,PQC,0.027367830276489258,0.026491403579711914,3138,0.024376392364501953
4836,AES,0.02375650405883789,0.023174047470092773,1730,0.023944616317749023
4836,No_Encryption,0.023610830307006836,0.02302265167236328,1378,0.025834321975708008
4837,PQC,0.029732704162597656,0.028809070587158203,3138,0.026080608367919922
4837,AES,0.029584884643554688,0.025976181030273438,1730,0.025739192962646484
4837,No_Encryption,0.029860734939575195,0.0224151611328125,1378,0.02576422691345215
4838,PQC,0.03329586982727051,0.027788877487182617,3138,0.025611400604248047
4838,AES,0.02428913116455078,0.025064706802368164,1730,0.02431941032409668
4838,No_Encryption,0.02618861198425293,0.02098846435546875,1378,0.022246599197387695
4839,PQC,0.029763460159301758,0.02565312385559082,3138,0.023724794387817383
4839,AES,0.02751898765563965,0.026040315628051758,1730,0.023283958435058594
4839,No_Encryption,0.025366544723510742,0.021529436111450195,1378,0.022754907608032227
4840,PQC,0.03655123710632324,0.029259681701660156,3138,0.024499893188476562
4840,AES,0.02735733985900879,0.0262148380279541,1730,0.027675390243530273
4840,No_Encryption,0.026651382446289062,0.024116039276123047,1378,0.026506900787353516
4841,PQC,0.03261399269104004,0.032503366470336914,3138,0.03018045425415039
4841,AES,0.0369572639465332,0.029587745666503906,1730,0.027078628540039062
4841,No_Encryption,0.029605388641357422,0.02605414390563965,1378,0.030246257781982422
4842,PQC,0.034958600997924805,0.03099513053894043,3138,0.026603221893310547
4842,AES,0.029073238372802734,0.027304410934448242,1730,0.029050588607788086
4842,No_Encryption,0.02577829360961914,0.02313852310180664,1378,0.02577805519104004
4843,PQC,0.031128644943237305,0.029849767684936523,3138,0.024595975875854492
4843,AES,0.025166749954223633,0.024821996688842773,1730,0.023169279098510742
4843,No_Encryption,0.02282404899597168,0.022056102752685547,1378,0.02815079689025879
4844,PQC,0.05147981643676758,0.03724026679992676,3138,0.028985023498535156
4844,AES,0.034850120544433594,0.029039859771728516,1730,0.02728891372680664
4844,No_Encryption,0.029088973999023438,0.02623605728149414,1378,0.02699589729309082
4845,PQC,0.02912306785583496,0.029708147048950195,3138,0.027005672454833984
4845,AES,0.027898788452148438,0.02683281898498535,1730,0.024105548858642578
4845,No_Encryption,0.02529311180114746,0.022647380828857422,1378,0.025865554809570312
4846,PQC,0.027879953384399414,0.026440858840942383,3138,0.02633357048034668
4846,AES,0.026518583297729492,0.02555561065673828,1730,0.024569034576416016
4846,No_Encryption,0.025186538696289062,0.021741628646850586,1378,0.022617816925048828
4847,PQC,0.026881694793701172,0.026346683502197266,3138,0.02536630630493164
4847,AES,0.030574321746826172,0.024686574935913086,1730,0.024667024612426758
4847,No_Encryption,0.023016691207885742,0.022145748138427734,1378,0.02430272102355957
4848,PQC,0.027047157287597656,0.027667760848999023,3138,0.02498626708984375
4848,AES,0.024835586547851562,0.023543596267700195,1730,0.024021625518798828
4848,No_Encryption,0.02492380142211914,0.0205841064453125,1378,0.02433466911315918
4849,PQC,0.03155040740966797,0.029390811920166016,3138,0.0262603759765625
4849,AES,0.02811431884765625,0.025300025939941406,1730,0.026563644409179688
4849,No_Encryption,0.02337169647216797,0.022177457809448242,1378,0.024123191833496094
4850,PQC,0.028602123260498047,0.027579545974731445,3138,0.024571895599365234
4850,AES,0.028630495071411133,0.026543855667114258,1730,0.0247189998626709
4850,No_Encryption,0.026404619216918945,0.02275848388671875,1378,0.02458047866821289
4851,PQC,0.029629945755004883,0.030560970306396484,3138,0.024134159088134766
4851,AES,0.027652263641357422,0.025377988815307617,1730,0.024024486541748047
4851,No_Encryption,0.026938199996948242,0.023232698440551758,1378,0.024335384368896484
4852,PQC,0.034082651138305664,0.02869248390197754,3138,0.025944232940673828
4852,AES,0.02602410316467285,0.02478957176208496,1730,0.027710437774658203
4852,No_Encryption,0.027054309844970703,0.022549867630004883,1378,0.02585315704345703
4853,PQC,0.02977585792541504,0.029083728790283203,3138,0.024717330932617188
4853,AES,0.025495529174804688,0.02781367301940918,1730,0.026321887969970703
4853,No_Encryption,0.03123021125793457,0.02347731590270996,1378,0.027215003967285156
4854,PQC,0.030336618423461914,0.027501583099365234,3138,0.023336410522460938
4854,AES,0.026425838470458984,0.0224149227142334,1730,0.024031400680541992
4854,No_Encryption,0.024045228958129883,0.021454334259033203,1378,0.025393247604370117
4855,PQC,0.03072977066040039,0.029065847396850586,3138,0.024311542510986328
4855,AES,0.027951955795288086,0.025687217712402344,1730,0.027564525604248047
4855,No_Encryption,0.024892807006835938,0.024538755416870117,1378,0.026574134826660156
4856,PQC,0.03242826461791992,0.028122425079345703,3138,0.024863243103027344
4856,AES,0.02538442611694336,0.02541947364807129,1730,0.026294946670532227
4856,No_Encryption,0.024326086044311523,0.021892786026000977,1378,0.026766538619995117
4857,PQC,0.03139829635620117,0.029802799224853516,3138,0.026747465133666992
4857,AES,0.025448322296142578,0.02608942985534668,1730,0.02582263946533203
4857,No_Encryption,0.02422499656677246,0.023408174514770508,1378,0.02553391456604004
4858,PQC,0.030199527740478516,0.0296173095703125,3138,0.025630712509155273
4858,AES,0.025665760040283203,0.02445244789123535,1730,0.023520231246948242
4858,No_Encryption,0.023818254470825195,0.022404193878173828,1378,0.02446746826171875
4859,PQC,0.0292966365814209,0.02914881706237793,3138,0.02396988868713379
4859,AES,0.025829792022705078,0.026635408401489258,1730,0.024326086044311523
4859,No_Encryption,0.023216724395751953,0.023752689361572266,1378,0.02543783187866211
4860,PQC,0.02862071990966797,0.027820348739624023,3138,0.026015520095825195
4860,AES,0.024336576461791992,0.027564525604248047,1730,0.026119232177734375
4860,No_Encryption,0.026239633560180664,0.022819042205810547,1378,0.02859663963317871
4861,PQC,0.030329227447509766,0.028836965560913086,3138,0.026328563690185547
4861,AES,0.02814483642578125,0.025693416595458984,1730,0.026285171508789062
4861,No_Encryption,0.023942947387695312,0.024121522903442383,1378,0.02580428123474121
4862,PQC,0.02937150001525879,0.028171062469482422,3138,0.02283930778503418
4862,AES,0.04788088798522949,0.03211355209350586,1730,0.028200149536132812
4862,No_Encryption,0.03360939025878906,0.024158954620361328,1378,0.029810190200805664
4863,PQC,0.03443312644958496,0.029718875885009766,3138,0.025829792022705078
4863,AES,0.025149106979370117,0.026406526565551758,1730,0.024808406829833984
4863,No_Encryption,0.022913694381713867,0.023151159286499023,1378,0.025300025939941406
4864,PQC,0.031356096267700195,0.029155492782592773,3138,0.02482295036315918
4864,AES,0.02714371681213379,0.02630472183227539,1730,0.02532958984375
4864,No_Encryption,0.024366140365600586,0.022135257720947266,1378,0.02449512481689453
4865,PQC,0.0291140079498291,0.02762579917907715,3138,0.024373531341552734
4865,AES,0.02391219139099121,0.025117158889770508,1730,0.024694204330444336
4865,No_Encryption,0.023766517639160156,0.021615266799926758,1378,0.024524927139282227
4866,PQC,0.02866673469543457,0.026827335357666016,3138,0.025184154510498047
4866,AES,0.030814409255981445,0.02411961555480957,1730,0.025423288345336914
4866,No_Encryption,0.024970293045043945,0.02300882339477539,1378,0.02641010284423828
4867,PQC,0.028241634368896484,0.027075767517089844,3138,0.023792266845703125
4867,AES,0.024805784225463867,0.02548050880432129,1730,0.024115562438964844
4867,No_Encryption,0.027027368545532227,0.02277851104736328,1378,0.026201725006103516
4868,PQC,0.031764984130859375,0.02752518653869629,3138,0.025589942932128906
4868,AES,0.02747654914855957,0.027919769287109375,1730,0.02531743049621582
4868,No_Encryption,0.022786617279052734,0.022563457489013672,1378,0.023404359817504883
4869,PQC,0.0285642147064209,0.028638124465942383,3138,0.02482748031616211
4869,AES,0.028698444366455078,0.024964094161987305,1730,0.024962663650512695
4869,No_Encryption,0.024377822875976562,0.022590160369873047,1378,0.02588057518005371
4870,PQC,0.03187894821166992,0.02944016456604004,3138,0.02519059181213379
4870,AES,0.02562546730041504,0.0264434814453125,1730,0.025872468948364258
4870,No_Encryption,0.02391362190246582,0.02248072624206543,1378,0.02466440200805664
4871,PQC,0.029078960418701172,0.029430150985717773,3138,0.025179147720336914
4871,AES,0.025545597076416016,0.025335311889648438,1730,0.026520967483520508
4871,No_Encryption,0.02554035186767578,0.023807048797607422,1378,0.02560114860534668
4872,PQC,0.029022216796875,0.026611328125,3138,0.02443981170654297
4872,AES,0.02436661720275879,0.02518630027770996,1730,0.02489018440246582
4872,No_Encryption,0.024804115295410156,0.023572444915771484,1378,0.024955272674560547
4873,PQC,0.030897855758666992,0.027419567108154297,3138,0.02337503433227539
4873,AES,0.025643110275268555,0.025134563446044922,1730,0.023876190185546875
4873,No_Encryption,0.024973392486572266,0.02276301383972168,1378,0.025475740432739258
4874,PQC,0.03033757209777832,0.028745174407958984,3138,0.02617788314819336
4874,AES,0.02636575698852539,0.024361371994018555,1730,0.02509474754333496
4874,No_Encryption,0.025859355926513672,0.023131847381591797,1378,0.025986671447753906
4875,PQC,0.030712604522705078,0.03107762336730957,3138,0.026007652282714844
4875,AES,0.02554941177368164,0.025796890258789062,1730,0.025069713592529297
4875,No_Encryption,0.023108482360839844,0.021571874618530273,1378,0.024142026901245117
4876,PQC,0.029114961624145508,0.029465675354003906,3138,0.027821063995361328
4876,AES,0.02567768096923828,0.025112628936767578,1730,0.023255109786987305
4876,No_Encryption,0.022641420364379883,0.02162337303161621,1378,0.02516651153564453
4877,PQC,0.02952718734741211,0.028677940368652344,3138,0.02362513542175293
4877,AES,0.02420830726623535,0.025065898895263672,1730,0.0283203125
4877,No_Encryption,0.023684263229370117,0.023142576217651367,1378,0.025748491287231445
4878,PQC,0.030425548553466797,0.027617931365966797,3138,0.024224519729614258
4878,AES,0.026451826095581055,0.02361297607421875,1730,0.02399611473083496
4878,No_Encryption,0.025435209274291992,0.021550655364990234,1378,0.02593398094177246
4879,PQC,0.027010202407836914,0.028156757354736328,3138,0.024745702743530273
4879,AES,0.024534940719604492,0.024471044540405273,1730,0.023782730102539062
4879,No_Encryption,0.022364377975463867,0.020203113555908203,1378,0.023807287216186523
4880,PQC,0.027825355529785156,0.026050567626953125,3138,0.0283966064453125
4880,AES,0.03651309013366699,0.028973102569580078,1730,0.027890682220458984
4880,No_Encryption,0.02726125717163086,0.026667356491088867,1378,0.026450634002685547
4881,PQC,0.03158092498779297,0.02932572364807129,3138,0.027222394943237305
4881,AES,0.027419567108154297,0.027324676513671875,1730,0.02544999122619629
4881,No_Encryption,0.02486276626586914,0.023514509201049805,1378,0.025936603546142578
4882,PQC,0.030735492706298828,0.03478837013244629,3138,0.026532411575317383
4882,AES,0.02650141716003418,0.024634599685668945,1730,0.025096654891967773
4882,No_Encryption,0.023042678833007812,0.022703886032104492,1378,0.024387598037719727
4883,PQC,0.029389619827270508,0.02753591537475586,3138,0.02443528175354004
4883,AES,0.028183698654174805,0.024075984954833984,1730,0.022704362869262695
4883,No_Encryption,0.02211737632751465,0.02142953872680664,1378,0.024180889129638672
4884,PQC,0.03787493705749512,0.026750564575195312,3138,0.023836612701416016
4884,AES,0.025787830352783203,0.025780439376831055,1730,0.02234506607055664
4884,No_Encryption,0.023554563522338867,0.021851778030395508,1378,0.023947715759277344
4885,PQC,0.027051210403442383,0.028210878372192383,3138,0.02510833740234375
4885,AES,0.02320098876953125,0.024580001831054688,1730,0.02292037010192871
4885,No_Encryption,0.0239870548248291,0.02256178855895996,1378,0.02694988250732422
4886,PQC,0.030993938446044922,0.029082298278808594,3138,0.024770498275756836
4886,AES,0.02433943748474121,0.02362847328186035,1730,0.023246288299560547
4886,No_Encryption,0.028034687042236328,0.024094343185424805,1378,0.026256561279296875
4887,PQC,0.028675556182861328,0.02873706817626953,3138,0.024447917938232422
4887,AES,0.026656150817871094,0.024692535400390625,1730,0.023309946060180664
4887,No_Encryption,0.024025917053222656,0.021429777145385742,1378,0.0248868465423584
4888,PQC,0.03254985809326172,0.03328108787536621,3138,0.02668619155883789
4888,AES,0.028797149658203125,0.02654099464416504,1730,0.02458810806274414
4888,No_Encryption,0.02511429786682129,0.02275991439819336,1378,0.02496504783630371
4889,PQC,0.029837846755981445,0.029438018798828125,3138,0.023313522338867188
4889,AES,0.023416757583618164,0.023981332778930664,1730,0.02547168731689453
4889,No_Encryption,0.027022361755371094,0.02231574058532715,1378,0.02575230598449707
4890,PQC,0.029474258422851562,0.028255939483642578,3138,0.02493453025817871
4890,AES,0.02576470375061035,0.024286508560180664,1730,0.025073766708374023
4890,No_Encryption,0.02868056297302246,0.022551536560058594,1378,0.026416778564453125
4891,PQC,0.03125190734863281,0.029509305953979492,3138,0.025810718536376953
4891,AES,0.02609872817993164,0.026337146759033203,1730,0.02606511116027832
4891,No_Encryption,0.023257017135620117,0.0224606990814209,1378,0.0254666805267334
4892,PQC,0.032262563705444336,0.027162790298461914,3138,0.024580717086791992
4892,AES,0.024873733520507812,0.0253603458404541,1730,0.02465081214904785
4892,No_Encryption,0.02269577980041504,0.021475791931152344,1378,0.024371623992919922
4893,PQC,0.0314640998840332,0.02859950065612793,3138,0.023814678192138672
4893,AES,0.024522781372070312,0.023965835571289062,1730,0.023621082305908203
4893,No_Encryption,0.02200007438659668,0.023101091384887695,1378,0.02436351776123047
4894,PQC,0.029618024826049805,0.02845454216003418,3138,0.027016401290893555
4894,AES,0.02502894401550293,0.024479389190673828,1730,0.025195598602294922
4894,No_Encryption,0.026808738708496094,0.02210688591003418,1378,0.028067350387573242
4895,PQC,0.028632164001464844,0.0312957763671875,3138,0.02733469009399414
4895,AES,0.027268409729003906,0.02856302261352539,1730,0.024335861206054688
4895,No_Encryption,0.023509979248046875,0.024475812911987305,1378,0.02613091468811035
4896,PQC,0.02909994125366211,0.026823997497558594,3138,0.02454400062561035
4896,AES,0.023433923721313477,0.023306846618652344,1730,0.023250579833984375
4896,No_Encryption,0.0245361328125,0.02266979217529297,1378,0.025130510330200195
4897,PQC,0.028426408767700195,0.02921271324157715,3138,0.027146577835083008
4897,AES,0.025371551513671875,0.024895668029785156,1730,0.024524450302124023
4897,No_Encryption,0.02584242820739746,0.02299356460571289,1378,0.025893211364746094
4898,PQC,0.02965235710144043,0.026111602783203125,3138,0.02515411376953125
4898,AES,0.02605891227722168,0.024332523345947266,1730,0.022966861724853516
4898,No_Encryption,0.02306199073791504,0.02202320098876953,1378,0.02392435073852539
4899,PQC,0.028696298599243164,0.027085542678833008,3138,0.024204254150390625
4899,AES,0.024675607681274414,0.024743080139160156,1730,0.030309438705444336
4899,No_Encryption,0.040047645568847656,0.027254343032836914,1378,0.027291297912597656
4900,PQC,0.031033992767333984,0.030561447143554688,3138,0.026313304901123047
4900,AES,0.027173280715942383,0.026967287063598633,1730,0.026555538177490234
4900,No_Encryption,0.025016307830810547,0.025215864181518555,1378,0.02547907829284668
4901,PQC,0.02871537208557129,0.027457714080810547,3138,0.025478363037109375
4901,AES,0.026210546493530273,0.02445387840270996,1730,0.025210857391357422
4901,No_Encryption,0.030928850173950195,0.021860837936401367,1378,0.026665449142456055
4902,PQC,0.029832839965820312,0.029203176498413086,3138,0.0263063907623291
4902,AES,0.029773950576782227,0.024721145629882812,1730,0.023722410202026367
4902,No_Encryption,0.023287534713745117,0.022167444229125977,1378,0.0265350341796875
4903,PQC,0.03154253959655762,0.02741718292236328,3138,0.024015426635742188
4903,AES,0.025858640670776367,0.024283170700073242,1730,0.023911476135253906
4903,No_Encryption,0.022593259811401367,0.02324962615966797,1378,0.027249813079833984
4904,PQC,0.027583599090576172,0.028235912322998047,3138,0.025637388229370117
4904,AES,0.02544569969177246,0.024657487869262695,1730,0.02462482452392578
4904,No_Encryption,0.02692723274230957,0.020979881286621094,1378,0.02340841293334961
4905,PQC,0.031673431396484375,0.027388572692871094,3138,0.02331829071044922
4905,AES,0.02542400360107422,0.02345752716064453,1730,0.02276325225830078
4905,No_Encryption,0.022998809814453125,0.022129058837890625,1378,0.024860858917236328
4906,PQC,0.02911376953125,0.028890609741210938,3138,0.024134159088134766
4906,AES,0.02754664421081543,0.024337053298950195,1730,0.023182392120361328
4906,No_Encryption,0.022585153579711914,0.022958040237426758,1378,0.02480316162109375
4907,PQC,0.03064560890197754,0.028472423553466797,3138,0.0247342586517334
4907,AES,0.02736210823059082,0.025597810745239258,1730,0.024926424026489258
4907,No_Encryption,0.024439096450805664,0.02273416519165039,1378,0.024860382080078125
4908,PQC,0.027822256088256836,0.02927422523498535,3138,0.0238187313079834
4908,AES,0.025331735610961914,0.024576663970947266,1730,0.024098873138427734
4908,No_Encryption,0.03109121322631836,0.02205061912536621,1378,0.02496194839477539
4909,PQC,0.028551578521728516,0.028295516967773438,3138,0.026199817657470703
4909,AES,0.024147748947143555,0.023535728454589844,1730,0.023279190063476562
4909,No_Encryption,0.023479938507080078,0.022466421127319336,1378,0.026263713836669922
4910,PQC,0.029610633850097656,0.02665853500366211,3138,0.024820566177368164
4910,AES,0.02599167823791504,0.024846553802490234,1730,0.025037527084350586
4910,No_Encryption,0.024521589279174805,0.022818803787231445,1378,0.025749683380126953
4911,PQC,0.028669118881225586,0.030001401901245117,3138,0.024065256118774414
4911,AES,0.025535106658935547,0.025651216506958008,1730,0.024250268936157227
4911,No_Encryption,0.02813434600830078,0.02200031280517578,1378,0.025676727294921875
4912,PQC,0.028724193572998047,0.02938532829284668,3138,0.027139902114868164
4912,AES,0.026235342025756836,0.025504350662231445,1730,0.026094913482666016
4912,No_Encryption,0.023066997528076172,0.021489620208740234,1378,0.02357316017150879
4913,PQC,0.02875208854675293,0.02718973159790039,3138,0.025818824768066406
4913,AES,0.025395870208740234,0.025412321090698242,1730,0.025705337524414062
4913,No_Encryption,0.024889707565307617,0.02347278594970703,1378,0.024578332901000977
4914,PQC,0.02799224853515625,0.02738785743713379,3138,0.026342391967773438
4914,AES,0.02588367462158203,0.02566361427307129,1730,0.025350570678710938
4914,No_Encryption,0.02458810806274414,0.02245616912841797,1378,0.02575087547302246
4915,PQC,0.02782750129699707,0.030148744583129883,3138,0.024698972702026367
4915,AES,0.030109643936157227,0.027424335479736328,1730,0.026787519454956055
4915,No_Encryption,0.022679567337036133,0.021738290786743164,1378,0.025209903717041016
4916,PQC,0.02789759635925293,0.0278778076171875,3138,0.025250673294067383
4916,AES,0.028354644775390625,0.026775598526000977,1730,0.025544404983520508
4916,No_Encryption,0.023256778717041016,0.02177739143371582,1378,0.024647235870361328
4917,PQC,0.029462814331054688,0.028780460357666016,3138,0.02507948875427246
4917,AES,0.02551579475402832,0.023519277572631836,1730,0.024318456649780273
4917,No_Encryption,0.02656269073486328,0.021761655807495117,1378,0.027277469635009766
4918,PQC,0.027519941329956055,0.027187347412109375,3138,0.023426294326782227
4918,AES,0.02767181396484375,0.023573875427246094,1730,0.022803783416748047
4918,No_Encryption,0.024053335189819336,0.020884037017822266,1378,0.023734569549560547
4919,PQC,0.029880285263061523,0.02726602554321289,3138,0.02436685562133789
4919,AES,0.04269099235534668,0.031322479248046875,1730,0.03000187873840332
4919,No_Encryption,0.024898052215576172,0.02302861213684082,1378,0.0257108211517334
4920,PQC,0.03243517875671387,0.028621912002563477,3138,0.025765657424926758
4920,AES,0.027530670166015625,0.024983882904052734,1730,0.02524566650390625
4920,No_Encryption,0.024445295333862305,0.022293567657470703,1378,0.02527165412902832
4921,PQC,0.029232263565063477,0.028433561325073242,3138,0.023784399032592773
4921,AES,0.02552628517150879,0.023533344268798828,1730,0.023827552795410156
4921,No_Encryption,0.026663541793823242,0.02343440055847168,1378,0.025982141494750977
4922,PQC,0.03212475776672363,0.02838444709777832,3138,0.02445244789123535
4922,AES,0.024792909622192383,0.02397608757019043,1730,0.024630069732666016
4922,No_Encryption,0.026159286499023438,0.020715713500976562,1378,0.024288415908813477
4923,PQC,0.0284273624420166,0.02824544906616211,3138,0.0236513614654541
4923,AES,0.027788400650024414,0.024252653121948242,1730,0.025928497314453125
4923,No_Encryption,0.023092269897460938,0.02200484275817871,1378,0.02498793601989746
4924,PQC,0.031766414642333984,0.028952836990356445,3138,0.024591922760009766
4924,AES,0.02770090103149414,0.025781631469726562,1730,0.02657794952392578
4924,No_Encryption,0.022861242294311523,0.021878957748413086,1378,0.024967193603515625
4925,PQC,0.02686786651611328,0.02949810028076172,3138,0.025925636291503906
4925,AES,0.03255438804626465,0.024736404418945312,1730,0.02428293228149414
4925,No_Encryption,0.024359703063964844,0.020889759063720703,1378,0.023958206176757812
4926,PQC,0.027974367141723633,0.027540922164916992,3138,0.023697376251220703
4926,AES,0.025845050811767578,0.02531909942626953,1730,0.023927688598632812
4926,No_Encryption,0.022277116775512695,0.021134138107299805,1378,0.025534868240356445
4927,PQC,0.028439998626708984,0.027665138244628906,3138,0.024940967559814453
4927,AES,0.024396896362304688,0.025368928909301758,1730,0.02465963363647461
4927,No_Encryption,0.025429248809814453,0.022034883499145508,1378,0.025133848190307617
4928,PQC,0.02796649932861328,0.028304338455200195,3138,0.025046348571777344
4928,AES,0.026369571685791016,0.025166749954223633,1730,0.024626493453979492
4928,No_Encryption,0.023589372634887695,0.021641254425048828,1378,0.0281522274017334
4929,PQC,0.03026127815246582,0.031053781509399414,3138,0.026579856872558594
4929,AES,0.028321504592895508,0.0250241756439209,1730,0.025319337844848633
4929,No_Encryption,0.025649547576904297,0.022948503494262695,1378,0.02655625343322754
4930,PQC,0.029421567916870117,0.029300928115844727,3138,0.026189565658569336
4930,AES,0.02608799934387207,0.02697587013244629,1730,0.024887561798095703
4930,No_Encryption,0.024498462677001953,0.024013519287109375,1378,0.024694442749023438
4931,PQC,0.032770395278930664,0.03114032745361328,3138,0.024466276168823242
4931,AES,0.02543187141418457,0.025052785873413086,1730,0.025638818740844727
4931,No_Encryption,0.023223400115966797,0.022902488708496094,1378,0.024153709411621094
4932,PQC,0.030908584594726562,0.03127932548522949,3138,0.02425098419189453
4932,AES,0.02829742431640625,0.027715444564819336,1730,0.024843454360961914
4932,No_Encryption,0.032175540924072266,0.02369403839111328,1378,0.027170896530151367
4933,PQC,0.03037548065185547,0.027657508850097656,3138,0.02545642852783203
4933,AES,0.023683786392211914,0.0228121280670166,1730,0.02549123764038086
4933,No_Encryption,0.024831056594848633,0.021779298782348633,1378,0.02486729621887207
4934,PQC,0.033516883850097656,0.027091026306152344,3138,0.02420330047607422
4934,AES,0.028097152709960938,0.024103879928588867,1730,0.022769689559936523
4934,No_Encryption,0.022992610931396484,0.022650480270385742,1378,0.024204730987548828
4935,PQC,0.028580665588378906,0.026741743087768555,3138,0.02431631088256836
4935,AES,0.025035381317138672,0.023437976837158203,1730,0.023290395736694336
4935,No_Encryption,0.02729010581970215,0.02170586585998535,1378,0.024547100067138672
4936,PQC,0.027947187423706055,0.02629852294921875,3138,0.023253679275512695
4936,AES,0.0248568058013916,0.025193452835083008,1730,0.024678945541381836
4936,No_Encryption,0.02422642707824707,0.022644758224487305,1378,0.025586843490600586
4937,PQC,0.028833627700805664,0.031093835830688477,3138,0.026285409927368164
4937,AES,0.02460336685180664,0.02317023277282715,1730,0.023477554321289062
4937,No_Encryption,0.027217864990234375,0.02096390724182129,1378,0.0246732234954834
4938,PQC,0.026854991912841797,0.026331424713134766,3138,0.024080753326416016
4938,AES,0.02385997772216797,0.024183988571166992,1730,0.025328874588012695
4938,No_Encryption,0.04035496711730957,0.026749610900878906,1378,0.026484012603759766
4939,PQC,0.02977728843688965,0.030733346939086914,3138,0.02811121940612793
4939,AES,0.030759811401367188,0.025435924530029297,1730,0.025748014450073242
4939,No_Encryption,0.028187990188598633,0.023968935012817383,1378,0.028767108917236328
4940,PQC,0.03803372383117676,0.031067848205566406,3138,0.024861574172973633
4940,AES,0.026506900787353516,0.024781465530395508,1730,0.024973154067993164
4940,No_Encryption,0.025343894958496094,0.022633075714111328,1378,0.02384495735168457
4941,PQC,0.029330968856811523,0.02699732780456543,3138,0.022986650466918945
4941,AES,0.024466514587402344,0.026202917098999023,1730,0.024697303771972656
4941,No_Encryption,0.03045654296875,0.021586894989013672,1378,0.024179458618164062
4942,PQC,0.029791593551635742,0.02793717384338379,3138,0.02407979965209961
4942,AES,0.027842998504638672,0.024818897247314453,1730,0.024664878845214844
4942,No_Encryption,0.023560523986816406,0.021926164627075195,1378,0.025776147842407227
4943,PQC,0.029896974563598633,0.030076265335083008,3138,0.02573227882385254
4943,AES,0.024355173110961914,0.024197101593017578,1730,0.023742198944091797
4943,No_Encryption,0.021600961685180664,0.020770549774169922,1378,0.02294635772705078
4944,PQC,0.028106689453125,0.027247905731201172,3138,0.0247650146484375
4944,AES,0.02485489845275879,0.024500131607055664,1730,0.023390769958496094
4944,No_Encryption,0.025130510330200195,0.02245950698852539,1378,0.026021957397460938
4945,PQC,0.03125929832458496,0.029019832611083984,3138,0.02517557144165039
4945,AES,0.03132224082946777,0.02499532699584961,1730,0.024337053298950195
4945,No_Encryption,0.02407050132751465,0.022669315338134766,1378,0.024812936782836914
4946,PQC,0.029656648635864258,0.031176328659057617,3138,0.025099754333496094
4946,AES,0.030736684799194336,0.02505803108215332,1730,0.02691936492919922
4946,No_Encryption,0.023258447647094727,0.023787736892700195,1378,0.025761842727661133
4947,PQC,0.029652118682861328,0.02745795249938965,3138,0.025528907775878906
4947,AES,0.023609161376953125,0.024158716201782227,1730,0.025888442993164062
4947,No_Encryption,0.024178266525268555,0.022197484970092773,1378,0.025033235549926758
4948,PQC,0.029062271118164062,0.027894258499145508,3138,0.02483987808227539
4948,AES,0.025147199630737305,0.023782968521118164,1730,0.024886131286621094
4948,No_Encryption,0.023897171020507812,0.022408723831176758,1378,0.028836488723754883
4949,PQC,0.028803110122680664,0.027599334716796875,3138,0.0243222713470459
4949,AES,0.03059697151184082,0.024546146392822266,1730,0.025468111038208008
4949,No_Encryption,0.023766279220581055,0.022753477096557617,1378,0.026920557022094727
4950,PQC,0.029211044311523438,0.03254270553588867,3138,0.027984619140625
4950,AES,0.026463747024536133,0.02684617042541504,1730,0.025771379470825195
4950,No_Encryption,0.0243074893951416,0.025256872177124023,1378,0.02674579620361328
4951,PQC,0.03105616569519043,0.03222990036010742,3138,0.024981021881103516
4951,AES,0.02815723419189453,0.023868322372436523,1730,0.02463245391845703
4951,No_Encryption,0.024715423583984375,0.02199554443359375,1378,0.025597095489501953
4952,PQC,0.033342599868774414,0.028682708740234375,3138,0.02471613883972168
4952,AES,0.027534961700439453,0.025394916534423828,1730,0.024999380111694336
4952,No_Encryption,0.0232999324798584,0.022158384323120117,1378,0.02489018440246582
4953,PQC,0.032236576080322266,0.03240489959716797,3138,0.026124238967895508
4953,AES,0.025814533233642578,0.02360677719116211,1730,0.02312016487121582
4953,No_Encryption,0.023698091506958008,0.02247333526611328,1378,0.02542281150817871
4954,PQC,0.031495094299316406,0.02753424644470215,3138,0.023602008819580078
4954,AES,0.026928186416625977,0.024834394454956055,1730,0.024747848510742188
4954,No_Encryption,0.024614810943603516,0.021936893463134766,1378,0.025040626525878906
4955,PQC,0.02881932258605957,0.02745366096496582,3138,0.023385286331176758
4955,AES,0.026434898376464844,0.02379584312438965,1730,0.02409815788269043
4955,No_Encryption,0.024189233779907227,0.02208089828491211,1378,0.024638652801513672
4956,PQC,0.02948451042175293,0.028467178344726562,3138,0.025051593780517578
4956,AES,0.02393817901611328,0.023587703704833984,1730,0.02308487892150879
4956,No_Encryption,0.021965742111206055,0.02156209945678711,1378,0.024779796600341797
4957,PQC,0.028110504150390625,0.0271151065826416,3138,0.02291703224182129
4957,AES,0.024746179580688477,0.023663997650146484,1730,0.025936126708984375
4957,No_Encryption,0.027385473251342773,0.02175426483154297,1378,0.023631811141967773
4958,PQC,0.03851127624511719,0.03534221649169922,3138,0.02906489372253418
4958,AES,0.03162550926208496,0.025808095932006836,1730,0.026500701904296875
4958,No_Encryption,0.02904653549194336,0.02370309829711914,1378,0.026181936264038086
4959,PQC,0.030809402465820312,0.02902698516845703,3138,0.025432109832763672
4959,AES,0.025563478469848633,0.02410888671875,1730,0.025315284729003906
4959,No_Encryption,0.023700475692749023,0.022768259048461914,1378,0.024175405502319336
4960,PQC,0.02847123146057129,0.0279695987701416,3138,0.024458885192871094
4960,AES,0.032666683197021484,0.024115800857543945,1730,0.025634765625
4960,No_Encryption,0.023917436599731445,0.022304534912109375,1378,0.024665355682373047
4961,PQC,0.02731633186340332,0.02771592140197754,3138,0.02381443977355957
4961,AES,0.023962736129760742,0.023389816284179688,1730,0.023099660873413086
4961,No_Encryption,0.02495741844177246,0.021175861358642578,1378,0.02718973159790039
4962,PQC,0.030425310134887695,0.028572559356689453,3138,0.02527475357055664
4962,AES,0.024576187133789062,0.0241396427154541,1730,0.02448558807373047
4962,No_Encryption,0.02495718002319336,0.02283501625061035,1378,0.026231765747070312
4963,PQC,0.028949737548828125,0.0293424129486084,3138,0.026221275329589844
4963,AES,0.025573015213012695,0.02306365966796875,1730,0.02325606346130371
4963,No_Encryption,0.02183675765991211,0.021729469299316406,1378,0.023107528686523438
4964,PQC,0.029180288314819336,0.026244163513183594,3138,0.024135112762451172
4964,AES,0.024324417114257812,0.02324843406677246,1730,0.024950504302978516
4964,No_Encryption,0.0227658748626709,0.02266383171081543,1378,0.02631664276123047
4965,PQC,0.029958009719848633,0.0314786434173584,3138,0.025626659393310547
4965,AES,0.02670741081237793,0.025071382522583008,1730,0.02443718910217285
4965,No_Encryption,0.023436307907104492,0.022483110427856445,1378,0.025298118591308594
4966,PQC,0.029249191284179688,0.028935909271240234,3138,0.02487349510192871
4966,AES,0.02515125274658203,0.026928186416625977,1730,0.02781963348388672
4966,No_Encryption,0.02359795570373535,0.022648096084594727,1378,0.026309728622436523
4967,PQC,0.02958059310913086,0.027986526489257812,3138,0.026317358016967773
4967,AES,0.027753829956054688,0.026221036911010742,1730,0.024830102920532227
4967,No_Encryption,0.0247952938079834,0.022655725479125977,1378,0.024686813354492188
4968,PQC,0.028965473175048828,0.027412891387939453,3138,0.02294778823852539
4968,AES,0.029694318771362305,0.023627758026123047,1730,0.024092912673950195
4968,No_Encryption,0.022816896438598633,0.022513628005981445,1378,0.02601480484008789
4969,PQC,0.030371904373168945,0.027369976043701172,3138,0.027262449264526367
4969,AES,0.03403759002685547,0.024757862091064453,1730,0.027058839797973633
4969,No_Encryption,0.03209805488586426,0.021599769592285156,1378,0.024256229400634766
4970,PQC,0.029141664505004883,0.030480623245239258,3138,0.023572206497192383
4970,AES,0.02686333656311035,0.02412128448486328,1730,0.022097349166870117
4970,No_Encryption,0.022402524948120117,0.022664308547973633,1378,0.025899648666381836
4971,PQC,0.02931833267211914,0.027020931243896484,3138,0.024184226989746094
4971,AES,0.02293086051940918,0.02330636978149414,1730,0.02463364601135254
4971,No_Encryption,0.024306535720825195,0.02152538299560547,1378,0.02586841583251953
4972,PQC,0.028846025466918945,0.02686142921447754,3138,0.02322697639465332
4972,AES,0.02505803108215332,0.024693965911865234,1730,0.02400374412536621
4972,No_Encryption,0.026981115341186523,0.021582841873168945,1378,0.0249636173248291
4973,PQC,0.030866622924804688,0.029122591018676758,3138,0.023784399032592773
4973,AES,0.024777650833129883,0.024591445922851562,1730,0.023926734924316406
4973,No_Encryption,0.024225473403930664,0.021259784698486328,1378,0.02415013313293457
4974,PQC,0.029253244400024414,0.029117107391357422,3138,0.02467823028564453
4974,AES,0.02464771270751953,0.025722980499267578,1730,0.02516031265258789
4974,No_Encryption,0.023319482803344727,0.02230048179626465,1378,0.024013042449951172
4975,PQC,0.028280973434448242,0.028569459915161133,3138,0.025407075881958008
4975,AES,0.026584863662719727,0.026190519332885742,1730,0.02508234977722168
4975,No_Encryption,0.02415776252746582,0.02136683464050293,1378,0.02452540397644043
4976,PQC,0.028507232666015625,0.029360055923461914,3138,0.0267486572265625
4976,AES,0.025151968002319336,0.02560710906982422,1730,0.024733304977416992
4976,No_Encryption,0.024788618087768555,0.022107362747192383,1378,0.025496721267700195
4977,PQC,0.02984309196472168,0.027983665466308594,3138,0.027795791625976562
4977,AES,0.04144430160522461,0.029848337173461914,1730,0.03123188018798828
4977,No_Encryption,0.02572774887084961,0.025149822235107422,1378,0.02829265594482422
4978,PQC,0.030843734741210938,0.030605077743530273,3138,0.02765631675720215
4978,AES,0.028030872344970703,0.02710556983947754,1730,0.02761697769165039
4978,No_Encryption,0.02736186981201172,0.02602410316467285,1378,0.024482011795043945
4979,PQC,0.02997446060180664,0.027156352996826172,3138,0.024706602096557617
4979,AES,0.026633024215698242,0.026080608367919922,1730,0.024324417114257812
4979,No_Encryption,0.02368021011352539,0.02311539649963379,1378,0.025265932083129883
4980,PQC,0.02992844581604004,0.02959728240966797,3138,0.02599310874938965
4980,AES,0.0255582332611084,0.024234533309936523,1730,0.025348901748657227
4980,No_Encryption,0.02924966812133789,0.0230255126953125,1378,0.02441883087158203
4981,PQC,0.031011104583740234,0.028508663177490234,3138,0.025339603424072266
4981,AES,0.0251619815826416,0.02557063102722168,1730,0.026924610137939453
4981,No_Encryption,0.023148059844970703,0.022648334503173828,1378,0.02493882179260254
4982,PQC,0.029480457305908203,0.027008771896362305,3138,0.023163557052612305
4982,AES,0.02500152587890625,0.02480006217956543,1730,0.02800130844116211
4982,No_Encryption,0.03251028060913086,0.021866321563720703,1378,0.026489973068237305
4983,PQC,0.03376626968383789,0.0277860164642334,3138,0.025957822799682617
4983,AES,0.025775671005249023,0.024222373962402344,1730,0.023122072219848633
4983,No_Encryption,0.025557279586791992,0.02323436737060547,1378,0.026875734329223633
4984,PQC,0.02925729751586914,0.02672290802001953,3138,0.022726058959960938
4984,AES,0.027114391326904297,0.024875402450561523,1730,0.024830102920532227
4984,No_Encryption,0.02712702751159668,0.023604393005371094,1378,0.025626420974731445
4985,PQC,0.02933669090270996,0.028524398803710938,3138,0.026430368423461914
4985,AES,0.0260775089263916,0.02688765525817871,1730,0.026633262634277344
4985,No_Encryption,0.02255415916442871,0.023154258728027344,1378,0.02444934844970703
4986,PQC,0.02974104881286621,0.02924180030822754,3138,0.023555517196655273
4986,AES,0.027887582778930664,0.024010419845581055,1730,0.023987770080566406
4986,No_Encryption,0.024800539016723633,0.020644187927246094,1378,0.023993968963623047
4987,PQC,0.03441333770751953,0.029172182083129883,3138,0.026829242706298828
4987,AES,0.02656245231628418,0.02487015724182129,1730,0.024274587631225586
4987,No_Encryption,0.023246288299560547,0.022385120391845703,1378,0.024134159088134766
4988,PQC,0.029048442840576172,0.028761863708496094,3138,0.02443981170654297
4988,AES,0.024711132049560547,0.0268552303314209,1730,0.02520275115966797
4988,No_Encryption,0.025446414947509766,0.02257370948791504,1378,0.026156187057495117
4989,PQC,0.029303789138793945,0.028540849685668945,3138,0.024266481399536133
4989,AES,0.024781465530395508,0.024608612060546875,1730,0.02606654167175293
4989,No_Encryption,0.022764921188354492,0.02153754234313965,1378,0.025148630142211914
4990,PQC,0.030577898025512695,0.02940988540649414,3138,0.025508403778076172
4990,AES,0.02539348602294922,0.024450063705444336,1730,0.022933244705200195
4990,No_Encryption,0.023278474807739258,0.021179914474487305,1378,0.02835559844970703
4991,PQC,0.029268741607666016,0.026235580444335938,3138,0.022838354110717773
4991,AES,0.023932933807373047,0.02422046661376953,1730,0.023192882537841797
4991,No_Encryption,0.023096323013305664,0.021404027938842773,1378,0.023518085479736328
4992,PQC,0.02947092056274414,0.026830196380615234,3138,0.022351980209350586
4992,AES,0.023960113525390625,0.023545265197753906,1730,0.02490711212158203
4992,No_Encryption,0.023338794708251953,0.02109360694885254,1378,0.023029804229736328
4993,PQC,0.030594825744628906,0.027022123336791992,3138,0.024437904357910156
4993,AES,0.02535843849182129,0.02385425567626953,1730,0.022830486297607422
4993,No_Encryption,0.023197650909423828,0.02102518081665039,1378,0.025158166885375977
4994,PQC,0.028590679168701172,0.028561115264892578,3138,0.024300575256347656
4994,AES,0.026636362075805664,0.023985624313354492,1730,0.024373769760131836
4994,No_Encryption,0.02314901351928711,0.022238969802856445,1378,0.02513575553894043
4995,PQC,0.03214693069458008,0.02877354621887207,3138,0.024174928665161133
4995,AES,0.02335071563720703,0.023897647857666016,1730,0.023819684982299805
4995,No_Encryption,0.022884368896484375,0.02198338508605957,1378,0.024461984634399414
4996,PQC,0.02863478660583496,0.027941226959228516,3138,0.025362730026245117
4996,AES,0.0276796817779541,0.02549910545349121,1730,0.02251267433166504
4996,No_Encryption,0.023578405380249023,0.023508787155151367,1378,0.025294065475463867
4997,PQC,0.03141212463378906,0.031035661697387695,3138,0.033173561096191406
4997,AES,0.027503252029418945,0.02781391143798828,1730,0.027054786682128906
4997,No_Encryption,0.02818894386291504,0.025595664978027344,1378,0.02809309959411621
4998,PQC,0.03188014030456543,0.0294644832611084,3138,0.026494264602661133
4998,AES,0.025606155395507812,0.026338815689086914,1730,0.027601242065429688
4998,No_Encryption,0.024243831634521484,0.02347731590270996,1378,0.024491310119628906
4999,PQC,0.03509855270385742,0.02797722816467285,3138,0.024811267852783203
4999,AES,0.02375483512878418,0.02468395233154297,1730,0.025281667709350586
4999,No_Encryption,0.02332925796508789,0.02181696891784668,1378,0.023914813995361328
5000,PQC,0.03330564498901367,0.02833414077758789,3138,0.024895429611206055
5000,AES,0.023792266845703125,0.023795366287231445,1730,0.023891687393188477
5000,No_Encryption,0.024129629135131836,0.020272493362426758,1378,0.02545475959777832
